       0/9        0G   0.08749   0.02737         0    0.1149         3       640     0.136   0.02222  0.004218 0.0004348    0.1039   0.03473         0
       1/9        0G   0.07856    0.0267         0    0.1053        19       640    0.0152   0.04444  0.001015 0.0002046     0.103   0.03495         0
       2/9        0G   0.07321   0.02398         0   0.09719        23       640   0.01298   0.04444 0.0008594 0.0001339    0.1026   0.03469         0
       3/9        0G   0.08233   0.03481         0    0.1171        24       640   0.00792   0.06667 0.0008041 0.0002188    0.1022    0.0343         0
       4/9        0G   0.05996   0.02523         0   0.08519        20       640   0.00774   0.06667 0.0006951 0.0002562    0.1018   0.03392         0
       5/9        0G   0.08193   0.03098         0    0.1129        47       640   0.07318   0.04444  0.005737 0.0006422    0.1002   0.03431         0
       6/9        0G   0.08353    0.0305         0     0.114        75       640   0.04974   0.04444  0.004354 0.0008798   0.09944   0.03438         0
       7/9        0G   0.07434   0.03067         0     0.105        37       640   0.02766   0.04444  0.002986 0.0007926   0.09849   0.03404         0
       8/9        0G   0.08333   0.02946         0    0.1128        15       640   0.02147   0.04444  0.002092 0.0004805   0.09806   0.03375         0
       9/9        0G   0.07272   0.02863         0    0.1013        26       640   0.02289   0.04444  0.002083 0.0005383   0.09782   0.03363         0
