1 0.2001953125 0.5146484375 0.0517578125 0.0380859375
1 0.2041015625 0.5146484375 0.033203125 0.0419921875
1 0.2529296875 0.5009765625 0.0732421875 0.087890625
1 0.255859375 0.5078125 0.076171875 0.0849609375
1 0.298828125 0.5029296875 0.0400390625 0.0634765625
1 0.3681640625 0.4990234375 0.033203125 0.044921875
4 0.4306640625 0.3857421875 0.0126953125 0.03125
4 0.470703125 0.392578125 0.0185546875 0.0380859375
4 0.5537109375 0.443359375 0.0146484375 0.0302734375
1 0.60546875 0.51953125 0.0771484375 0.0947265625
1 0.61328125 0.5146484375 0.078125 0.1015625
1 0.73828125 0.5673828125 0.1708984375 0.1884765625