4 0.3291015625 0.43359375 0.013671875 0.037109375
1 0.3818359375 0.498046875 0.029296875 0.0498046875
1 0.404296875 0.5068359375 0.0185546875 0.04296875
1 0.4189453125 0.5048828125 0.01953125 0.04296875
1 0.4345703125 0.5029296875 0.01953125 0.0498046875
1 0.50390625 0.4931640625 0.0478515625 0.08984375
4 0.5244140625 0.3486328125 0.0205078125 0.04296875
1 0.6328125 0.5107421875 0.083984375 0.1181640625
4 0.6025390625 0.431640625 0.0185546875 0.0302734375
4 0.603515625 0.423828125 0.017578125 0.0478515625
1 0.7353515625 0.5478515625 0.1533203125 0.1865234375