1 0.06145833333333333 0.5525 0.12291666666666666 0.13833333333333334
1 0.0890625 0.5666666666666667 0.08854166666666667 0.12666666666666668
1 0.14010416666666667 0.5516666666666667 0.13020833333333334 0.12666666666666668
1 0.16354166666666667 0.5558333333333334 0.06666666666666667 0.115
1 0.20833333333333334 0.5491666666666667 0.027083333333333334 0.13833333333333334
1 0.22604166666666667 0.5616666666666666 0.025 0.060000000000000005
1 0.24635416666666665 0.5516666666666667 0.019791666666666666 0.08666666666666667
1 0.2713541666666667 0.5283333333333333 0.03854166666666667 0.07
1 0.46197916666666666 0.5466666666666667 0.08229166666666667 0.11
10 0.559375 0.4625 0.2708333333333333 0.11166666666666668
10 0.5671875 0.4808333333333334 0.284375 0.13833333333333334
1 0.8484375 0.51 0.046875 0.05