1 0.1396484375 0.494140625 0.0625 0.03515625
1 0.2724609375 0.4873046875 0.0380859375 0.03515625
1 0.3134765625 0.484375 0.0283203125 0.0380859375
1 0.357421875 0.490234375 0.05078125 0.0634765625
4 0.384765625 0.3740234375 0.015625 0.0380859375
5 0.38671875 0.3779296875 0.0146484375 0.0478515625
1 0.421875 0.48828125 0.0439453125 0.0537109375
4 0.43359375 0.3759765625 0.017578125 0.0419921875
4 0.435546875 0.3779296875 0.0126953125 0.04296875
1 0.451171875 0.4814453125 0.0302734375 0.04296875
1 0.494140625 0.486328125 0.0302734375 0.046875
4 0.568359375 0.4345703125 0.017578125 0.03515625
4 0.568359375 0.4345703125 0.0146484375 0.033203125
1 0.6748046875 0.5224609375 0.1806640625 0.1513671875
4 0.61328125 0.412109375 0.013671875 0.0380859375
4 0.6142578125 0.40625 0.0126953125 0.044921875
10 0.740234375 0.44140625 0.044921875 0.0703125
10 0.7431640625 0.4443359375 0.04296875 0.08203125
10 0.7978515625 0.4384765625 0.08203125 0.08984375
10 0.7939453125 0.4326171875 0.06640625 0.0986328125
10 0.8984375 0.427734375 0.19921875 0.1484375