2 0.034895833333333334 0.5283333333333333 0.02395833333333333 0.07333333333333333
2 0.03177083333333333 0.5275000000000001 0.015625 0.07166666666666667
2 0.04583333333333333 0.5308333333333334 0.0375 0.135
2 0.0625 0.5275000000000001 0.01875 0.058333333333333334
2 0.07239583333333333 0.535 0.017708333333333333 0.05333333333333334
2 0.11979166666666667 0.5233333333333333 0.014583333333333334 0.05666666666666667
2 0.134375 0.5183333333333333 0.016666666666666666 0.06333333333333334
2 0.159375 0.5141666666666667 0.0125 0.055
6 0.19375 0.4116666666666667 0.014583333333333334 0.04
1 0.25625 0.5275000000000001 0.041666666666666664 0.055
1 0.259375 0.5283333333333333 0.0375 0.05333333333333334
1 0.33697916666666666 0.5591666666666667 0.14270833333333333 0.17500000000000002
2 0.378125 0.47750000000000004 0.014583333333333334 0.021666666666666667
1 0.421875 0.505 0.06875 0.07333333333333333
2 0.4713541666666667 0.5341666666666667 0.034375 0.11166666666666668
6 0.4692708333333333 0.3866666666666667 0.015625 0.05333333333333334
2 0.5052083333333334 0.5108333333333334 0.035416666666666666 0.125
2 0.50625 0.5183333333333333 0.0375 0.12666666666666668
2 0.5708333333333333 0.5066666666666667 0.016666666666666666 0.07333333333333333
2 0.6015625 0.5266666666666667 0.019791666666666666 0.08333333333333334
2 0.8083333333333333 0.455 0.025 0.09333333333333334
2 0.8213541666666666 0.47000000000000003 0.034375 0.11333333333333334
2 0.8635416666666667 0.4491666666666667 0.027083333333333334 0.11833333333333335