1 0.228125 0.5425 0.03333333333333333 0.04166666666666667
7 0.30833333333333335 0.2816666666666667 0.022916666666666665 0.04666666666666667
7 0.30833333333333335 0.2916666666666667 0.020833333333333332 0.07333333333333333
1 0.3125 0.5308333333333334 0.027083333333333334 0.03833333333333334
4 0.4192708333333333 0.2891666666666667 0.019791666666666666 0.06166666666666667
4 0.42291666666666666 0.30333333333333334 0.01875 0.04666666666666667
4 0.5880208333333333 0.42083333333333334 0.021875 0.045000000000000005
4 0.5921875 0.3983333333333334 0.02395833333333333 0.05
1 0.7572916666666667 0.5166666666666667 0.05625 0.07666666666666667
1 0.7916666666666666 0.5041666666666667 0.10625 0.095
1 0.8697916666666666 0.5016666666666667 0.18958333333333333 0.12333333333333334
1 0.8703124999999999 0.49583333333333335 0.18229166666666666 0.10166666666666667