2 0.013541666666666667 0.5491666666666667 0.025 0.10500000000000001
1 0.30364583333333334 0.6558333333333334 0.321875 0.375
1 0.20520833333333333 0.5433333333333333 0.06041666666666667 0.09000000000000001
4 0.24895833333333334 0.43000000000000005 0.016666666666666666 0.05
1 0.45468749999999997 0.54 0.11145833333333333 0.18000000000000002
1 0.5255208333333333 0.5175000000000001 0.06354166666666666 0.085
1 0.528125 0.52 0.058333333333333334 0.06666666666666667
4 0.5166666666666666 0.4058333333333334 0.01875 0.058333333333333334
2 0.5635416666666666 0.5275000000000001 0.029166666666666667 0.125
2 0.575 0.5275000000000001 0.014583333333333334 0.12833333333333335
2 0.5828125 0.5083333333333334 0.021875 0.07
2 0.5947916666666666 0.5183333333333333 0.029166666666666667 0.11333333333333334
2 0.6114583333333333 0.5016666666666667 0.016666666666666666 0.07666666666666667
2 0.6354166666666666 0.5191666666666667 0.025 0.10833333333333334
2 0.7130208333333333 0.4941666666666667 0.015625 0.065
2 0.7453125 0.5016666666666667 0.04479166666666667 0.07333333333333333
1 0.8942708333333333 0.6025 0.209375 0.525