2 0.46979166666666666 0.5241666666666667 0.01875 0.12333333333333334
2 0.4497395833333333 0.5345833333333334 0.0203125 0.11916666666666667
2 0.3971354166666667 0.5320833333333334 0.01614583333333333 0.09250000000000001
3 0.01614583333333333 0.35750000000000004 0.03125 0.10166666666666667
1 0.18072916666666666 0.5516666666666667 0.096875 0.1
1 0.17916666666666667 0.555 0.0875 0.09333333333333334
1 0.25677083333333334 0.5391666666666667 0.06770833333333333 0.07500000000000001
1 0.303125 0.5325000000000001 0.04375 0.05166666666666667
2 0.42135416666666664 0.5275000000000001 0.02395833333333333 0.125
3 0.5203125 0.3175 0.036458333333333336 0.10500000000000001
2 0.64375 0.6208333333333333 0.25416666666666665 0.7050000000000001
1 0.7921875 0.49333333333333335 0.20520833333333333 0.19333333333333336
2 0.8682291666666666 0.4341666666666667 0.04479166666666667 0.05166666666666667