2 0.9861979166666667 0.5070833333333333 0.0265625 0.23083333333333333
1 0.06145833333333333 0.5458333333333334 0.04583333333333333 0.058333333333333334
7 0.12239583333333333 0.43333333333333335 0.013541666666666667 0.03666666666666667
1 0.171875 0.5375000000000001 0.020833333333333332 0.03166666666666667
1 0.21354166666666666 0.5466666666666667 0.07916666666666666 0.11333333333333334
4 0.21458333333333332 0.44 0.01875 0.03333333333333333
4 0.2125 0.44 0.0125 0.03666666666666667
1 0.28229166666666666 0.5441666666666667 0.035416666666666666 0.045000000000000005
4 0.2817708333333333 0.4841666666666667 0.013541666666666667 0.03166666666666667
4 0.2869791666666667 0.48500000000000004 0.015625 0.04
10 0.3380208333333333 0.49083333333333334 0.08854166666666667 0.16833333333333333
1 0.3890625 0.5658333333333334 0.09479166666666666 0.115
1 0.6166666666666667 0.5708333333333334 0.23541666666666666 0.24500000000000002
1 0.8781249999999999 0.5175000000000001 0.08125 0.085