1 0.0830078125 0.55859375 0.1650390625 0.13671875
2 0.5673828125 0.5263671875 0.017578125 0.08203125
2 0.5458984375 0.5166015625 0.013671875 0.0634765625
2 0.5263671875 0.517578125 0.0126953125 0.05859375
1 0.330078125 0.650390625 0.3251953125 0.41015625
7 0.2802734375 0.275390625 0.01953125 0.0546875
6 0.3916015625 0.287109375 0.015625 0.0595703125
6 0.5634765625 0.4072265625 0.0166015625 0.0546875
1 0.6533203125 0.529296875 0.1728515625 0.0986328125
0 0.78515625 0.521484375 0.0634765625 0.099609375
1 0.955078125 0.51953125 0.0888671875 0.087890625