1 0.9200520833333333 0.6275000000000001 0.15885416666666666 0.34
1 0.4036458333333333 0.49000000000000005 0.030208333333333334 0.043333333333333335
1 0.4432291666666667 0.48833333333333334 0.03229166666666666 0.04666666666666667
4 0.4578125 0.42000000000000004 0.013541666666666667 0.023333333333333334
1 0.475 0.48333333333333334 0.03125 0.04
4 0.48802083333333335 0.4216666666666667 0.011458333333333333 0.02666666666666667
4 0.5390625 0.45583333333333337 0.011458333333333333 0.028333333333333335
4 0.5671875 0.4425 0.017708333333333333 0.03166666666666667
1 0.6026041666666666 0.5125000000000001 0.040625 0.09833333333333334
1 0.6515625 0.5241666666666667 0.08854166666666667 0.115
1 0.7520833333333333 0.5183333333333333 0.19375 0.21000000000000002