2 0.024479166666666666 0.5508333333333334 0.021875 0.07833333333333334
2 0.0625 0.55 0.016666666666666666 0.07333333333333333
2 0.0640625 0.5458333333333334 0.015625 0.065
2 0.07864583333333333 0.55 0.017708333333333333 0.07666666666666667
1 0.1203125 0.54 0.07604166666666666 0.08
1 0.17604166666666665 0.5408333333333334 0.052083333333333336 0.05166666666666667
1 0.17864583333333334 0.54 0.046875 0.06666666666666667
1 0.3296875 0.6525000000000001 0.33229166666666665 0.4216666666666667
7 0.28072916666666664 0.2775 0.021875 0.065
6 0.39010416666666664 0.28583333333333333 0.021875 0.07166666666666667
2 0.509375 0.5316666666666667 0.035416666666666666 0.08666666666666667
0 0.509375 0.53 0.03333333333333333 0.07333333333333333
2 0.5494791666666666 0.5208333333333334 0.017708333333333333 0.07833333333333334
6 0.5630208333333333 0.41000000000000003 0.02395833333333333 0.06333333333333334
2 0.5770833333333333 0.5191666666666667 0.016666666666666666 0.08166666666666667
2 0.59375 0.5208333333333334 0.01875 0.06833333333333334
0 0.6625 0.53 0.025 0.09000000000000001
1 0.7692708333333333 0.53 0.16145833333333334 0.09000000000000001
1 0.9249999999999999 0.5225000000000001 0.14791666666666667 0.10166666666666667