1 0.1845703125 0.6337890625 0.369140625 0.625
1 0.3974609375 0.5791015625 0.1357421875 0.2216796875
7 0.3466796875 0.435546875 0.0185546875 0.05859375
6 0.474609375 0.3564453125 0.015625 0.0537109375
1 0.5107421875 0.537109375 0.03125 0.0400390625
6 0.5244140625 0.4287109375 0.017578125 0.0517578125
6 0.7060546875 0.318359375 0.0419921875 0.1201171875
2 0.7041015625 0.525390625 0.0205078125 0.0654296875
2 0.7001953125 0.52734375 0.0107421875 0.068359375
2 0.7265625 0.5263671875 0.021484375 0.0771484375
2 0.724609375 0.5166015625 0.015625 0.0537109375
1 0.90234375 0.53515625 0.1103515625 0.1103515625
1 0.869140625 0.5537109375 0.04296875 0.0703125
1 0.9404296875 0.54296875 0.1083984375 0.111328125
1 0.9267578125 0.55078125 0.0654296875 0.0849609375
1 0.9736328125 0.5341796875 0.05078125 0.10546875