1 0.016666666666666666 0.7191666666666667 0.03333333333333333 0.115
1 0.042708333333333334 0.6983333333333334 0.03333333333333333 0.06666666666666667
1 0.06302083333333333 0.7033333333333334 0.04479166666666667 0.08666666666666667
1 0.13229166666666667 0.7025 0.08125 0.07833333333333334
1 0.184375 0.6950000000000001 0.04375 0.06666666666666667
1 0.18541666666666667 0.6941666666666667 0.029166666666666667 0.06833333333333334
1 0.5286458333333334 0.6825 0.034375 0.058333333333333334
1 0.5328125 0.6866666666666668 0.03854166666666667 0.05
1 0.5583333333333333 0.6875 0.03333333333333333 0.06833333333333334
1 0.5864583333333333 0.7000000000000001 0.058333333333333334 0.07666666666666667
1 0.5901041666666667 0.6958333333333334 0.06354166666666666 0.07833333333333334
1 0.6703125 0.7166666666666667 0.11354166666666667 0.11333333333333334
1 0.7921875 0.7233333333333334 0.11354166666666667 0.11
1 0.903125 0.7258333333333333 0.12708333333333333 0.10833333333333334