1 0.034895833333333334 0.4316666666666667 0.06979166666666667 0.08
1 0.04635416666666667 0.4941666666666667 0.09270833333333334 0.095
1 0.1328125 0.4758333333333334 0.08020833333333333 0.06833333333333334
1 0.23854166666666665 0.4766666666666667 0.08541666666666667 0.06333333333333334
6 0.41875 0.4366666666666667 0.0125 0.023333333333333334
1 0.5145833333333333 0.49833333333333335 0.05416666666666667 0.09666666666666668
6 0.4973958333333333 0.4025 0.013541666666666667 0.028333333333333335
1 0.659375 0.4966666666666667 0.05625 0.06333333333333334
1 0.759375 0.5308333333333334 0.11041666666666666 0.10833333333333334
1 0.8614583333333333 0.5125000000000001 0.07708333333333334 0.07500000000000001
1 0.9260416666666667 0.5083333333333334 0.052083333333333336 0.06666666666666667