1 0.05078125 0.5751953125 0.033203125 0.0703125
1 0.17578125 0.572265625 0.2392578125 0.2119140625
1 0.30859375 0.5283203125 0.056640625 0.0869140625
2 0.3955078125 0.515625 0.017578125 0.0478515625
2 0.4150390625 0.5166015625 0.0166015625 0.0537109375
1 0.5908203125 0.525390625 0.2021484375 0.138671875
1 0.84765625 0.6962890625 0.3017578125 0.5712890625
2 0.7705078125 0.5 0.01953125 0.103515625
2 0.78515625 0.4970703125 0.0224609375 0.10546875
2 0.82421875 0.490234375 0.048828125 0.1162109375
2 0.8212890625 0.482421875 0.041015625 0.091796875