1 0.1015625 0.5595703125 0.1806640625 0.15625
1 0.3154296875 0.52734375 0.0771484375 0.087890625
7 0.2998046875 0.2412109375 0.02734375 0.0947265625
1 0.3994140625 0.53125 0.0634765625 0.091796875
1 0.490234375 0.54296875 0.1455078125 0.181640625
3 0.4814453125 0.1513671875 0.0302734375 0.09375
1 0.6728515625 0.541015625 0.126953125 0.1513671875
3 0.73828125 0.341796875 0.02734375 0.0634765625
0 0.75 0.513671875 0.03515625 0.11328125
1 0.787109375 0.5107421875 0.0576171875 0.05859375
1 0.8349609375 0.51953125 0.11328125 0.080078125