0 0.029166666666666667 0.555 0.016666666666666666 0.06666666666666667
7 0.034375 0.4416666666666667 0.025 0.060000000000000005
0 0.058854166666666666 0.5466666666666667 0.013541666666666667 0.06666666666666667
10 0.1609375 0.53 0.08229166666666667 0.08333333333333334
10 0.225 0.52 0.05625 0.05666666666666667
1 0.22864583333333333 0.5391666666666667 0.057291666666666664 0.04833333333333334
10 0.31354166666666666 0.48833333333333334 0.1 0.14666666666666667
1 0.37864583333333335 0.5275000000000001 0.03229166666666666 0.035
1 0.40520833333333334 0.5175000000000001 0.035416666666666666 0.035
7 0.4401041666666667 0.32666666666666666 0.019791666666666666 0.060000000000000005
6 0.5140625 0.32916666666666666 0.02395833333333333 0.065
6 0.653125 0.4166666666666667 0.022916666666666665 0.06666666666666667
1 0.9364583333333333 0.5166666666666667 0.125 0.10666666666666667