4 0.8736979166666666 0.22458333333333336 0.021354166666666667 0.07416666666666667
1 0.0515625 0.5183333333333333 0.096875 0.06666666666666667
1 0.13072916666666667 0.5483333333333333 0.11145833333333333 0.08
1 0.24010416666666667 0.545 0.09270833333333334 0.09000000000000001
1 0.30052083333333335 0.54 0.040625 0.060000000000000005
1 0.3567708333333333 0.5333333333333333 0.07604166666666666 0.07666666666666667
1 0.42864583333333334 0.5333333333333333 0.06354166666666666 0.08333333333333334
1 0.4354166666666667 0.5291666666666667 0.06041666666666667 0.07166666666666667
1 0.4927083333333333 0.5325000000000001 0.06458333333333333 0.07833333333333334
1 0.5375 0.5241666666666667 0.03125 0.065
1 0.5958333333333333 0.525 0.06875 0.06666666666666667
5 0.5822916666666667 0.27 0.025 0.06666666666666667
5 0.6645833333333333 0.3275 0.027083333333333334 0.07833333333333334
3 0.6630208333333333 0.32666666666666666 0.019791666666666666 0.06333333333333334
1 0.6885416666666666 0.5025000000000001 0.01875 0.05166666666666667
1 0.7020833333333333 0.5083333333333334 0.01875 0.05333333333333334
1 0.7161458333333334 0.5158333333333334 0.017708333333333333 0.05166666666666667
1 0.7536458333333333 0.5141666666666667 0.06354166666666666 0.08833333333333333
1 0.8234374999999999 0.5116666666666667 0.036458333333333336 0.06333333333333334