1 0.15052083333333333 0.5266666666666667 0.02395833333333333 0.04
1 0.19270833333333334 0.5425 0.08333333333333333 0.065
1 0.1890625 0.5416666666666667 0.06979166666666667 0.05333333333333334
1 0.26979166666666665 0.5183333333333333 0.025 0.04
7 0.3286458333333333 0.38083333333333336 0.017708333333333333 0.035
7 0.32916666666666666 0.3891666666666667 0.016666666666666666 0.04166666666666667
1 0.3729166666666667 0.53 0.05625 0.07
1 0.375 0.5341666666666667 0.052083333333333336 0.065
6 0.3958333333333333 0.39416666666666667 0.014583333333333334 0.03833333333333334
6 0.39791666666666664 0.39083333333333337 0.016666666666666666 0.03833333333333334
1 0.4203125 0.5175000000000001 0.04479166666666667 0.058333333333333334
1 0.45625 0.5233333333333333 0.04583333333333333 0.07666666666666667
6 0.453125 0.4058333333333334 0.0125 0.035
6 0.4552083333333333 0.41250000000000003 0.014583333333333334 0.03833333333333334
1 0.4973958333333333 0.5391666666666667 0.06979166666666667 0.095
3 0.5255208333333333 0.4475 0.013541666666666667 0.035
1 0.5630208333333333 0.51 0.071875 0.10666666666666667
1 0.5651041666666666 0.5158333333333334 0.06770833333333333 0.08833333333333333
1 0.6979166666666666 0.5491666666666667 0.12916666666666665 0.11833333333333335
6 0.6932291666666667 0.41750000000000004 0.026041666666666668 0.055
6 0.696875 0.42083333333333334 0.020833333333333332 0.05166666666666667