1 0.3642578125 0.537109375 0.1142578125 0.15625
1 0.4306640625 0.5341796875 0.021484375 0.0986328125
1 0.45703125 0.5146484375 0.0283203125 0.0400390625
1 0.486328125 0.51171875 0.0361328125 0.0400390625
1 0.48828125 0.517578125 0.0244140625 0.03515625
1 0.52734375 0.5087890625 0.04296875 0.0615234375
4 0.533203125 0.388671875 0.013671875 0.04296875
4 0.537109375 0.3955078125 0.01171875 0.03515625
4 0.6103515625 0.453125 0.0146484375 0.037109375
4 0.6142578125 0.4697265625 0.01171875 0.033203125
4 0.76953125 0.412109375 0.015625 0.046875
4 0.7685546875 0.4296875 0.01171875 0.033203125
1 0.845703125 0.4970703125 0.1005859375 0.0595703125
1 0.8466796875 0.501953125 0.0888671875 0.0400390625
1 0.9345703125 0.5 0.07421875 0.0537109375
1 0.9365234375 0.494140625 0.072265625 0.0283203125