3 0.13541666666666666 0.45333333333333337 0.027083333333333334 0.05333333333333334
5 0.13958333333333334 0.43500000000000005 0.020833333333333332 0.05333333333333334
1 0.3807291666666667 0.5708333333333334 0.20729166666666665 0.24833333333333335
1 0.3692708333333333 0.5691666666666667 0.184375 0.21500000000000002
1 0.5078125 0.5216666666666667 0.09479166666666666 0.07
1 0.5088541666666666 0.5216666666666667 0.09479166666666666 0.08333333333333334
1 0.6072916666666667 0.5308333333333334 0.08333333333333333 0.05166666666666667
3 0.6979166666666666 0.2675 0.022916666666666665 0.07833333333333334
1 0.7447916666666666 0.5183333333333333 0.07291666666666667 0.05
1 0.88125 0.6133333333333334 0.23333333333333334 0.3166666666666667
3 0.8312499999999999 0.405 0.022916666666666665 0.07