1 0.95390625 0.6395833333333334 0.09114583333333333 0.27416666666666667
1 0.08541666666666667 0.5566666666666668 0.09791666666666667 0.11
1 0.14895833333333333 0.5591666666666667 0.06041666666666667 0.085
1 0.153125 0.5533333333333333 0.05625 0.08333333333333334
1 0.18541666666666667 0.5375000000000001 0.08333333333333333 0.07166666666666667
2 0.1828125 0.535 0.02395833333333333 0.08333333333333334
2 0.18854166666666666 0.5383333333333333 0.020833333333333332 0.07333333333333333
1 0.2598958333333333 0.5341666666666667 0.078125 0.04833333333333334
1 0.36875 0.5508333333333334 0.14375 0.2316666666666667
1 0.5130208333333334 0.515 0.03854166666666667 0.05666666666666667
1 0.8427083333333333 0.5708333333333334 0.22916666666666666 0.21500000000000002