1 0.1201171875 0.537109375 0.0537109375 0.0595703125
1 0.1572265625 0.537109375 0.044921875 0.0595703125
1 0.212890625 0.53125 0.03125 0.0478515625
1 0.2548828125 0.529296875 0.0341796875 0.0380859375
1 0.255859375 0.52734375 0.037109375 0.03125
1 0.380859375 0.5625 0.189453125 0.2548828125
1 0.4658203125 0.5341796875 0.0419921875 0.111328125
1 0.517578125 0.51953125 0.0478515625 0.05859375
1 0.515625 0.5224609375 0.037109375 0.0546875
2 0.5478515625 0.5146484375 0.0244140625 0.078125
2 0.5517578125 0.51953125 0.0185546875 0.0703125
1 0.6240234375 0.498046875 0.056640625 0.056640625
1 0.86328125 0.57421875 0.2685546875 0.3818359375