1 0.14635416666666667 0.5858333333333333 0.165625 0.16166666666666668
1 0.22708333333333333 0.5666666666666667 0.06875 0.11
1 0.22447916666666667 0.5616666666666666 0.057291666666666664 0.11
1 0.2625 0.5575 0.06875 0.09166666666666667
1 0.26458333333333334 0.5533333333333333 0.03958333333333333 0.09000000000000001
1 0.31354166666666666 0.5291666666666667 0.06458333333333333 0.08833333333333333
1 0.3151041666666667 0.5358333333333334 0.05520833333333333 0.085
1 0.3578125 0.5341666666666667 0.030208333333333334 0.03833333333333334
1 0.46041666666666664 0.5291666666666667 0.03125 0.03833333333333334
1 0.5020833333333333 0.5458333333333334 0.027083333333333334 0.07833333333333334
1 0.5328125 0.5525 0.08645833333333333 0.09833333333333334
1 0.665625 0.5875 0.17291666666666666 0.24833333333333335
1 0.6598958333333333 0.6000000000000001 0.15520833333333334 0.25
1 0.8203125 0.68 0.353125 0.42333333333333334
1 0.8213541666666666 0.675 0.35104166666666664 0.43333333333333335