0 0.666015625 0.5029296875 0.0517578125 0.087890625
1 0.087890625 0.4951171875 0.173828125 0.6767578125
10 0.0908203125 0.4833984375 0.1728515625 0.61328125
1 0.314453125 0.5126953125 0.05859375 0.0751953125
7 0.3427734375 0.298828125 0.0185546875 0.068359375
1 0.3642578125 0.5078125 0.0517578125 0.0654296875
1 0.4931640625 0.5830078125 0.2255859375 0.2998046875
3 0.47265625 0.234375 0.0224609375 0.0712890625
3 0.6572265625 0.3759765625 0.0185546875 0.0517578125
1 0.7705078125 0.5654296875 0.2451171875 0.23828125
1 0.9580078125 0.5244140625 0.080078125 0.091796875
1 0.9599609375 0.515625 0.078125 0.1416015625