1 0.037109375 0.54296875 0.07421875 0.13671875
1 0.0859375 0.5791015625 0.1298828125 0.181640625
1 0.2841796875 0.591796875 0.3291015625 0.4228515625
3 0.318359375 0.3291015625 0.017578125 0.0517578125
6 0.4140625 0.326171875 0.017578125 0.044921875
6 0.4912109375 0.326171875 0.0166015625 0.0517578125
1 0.5078125 0.5185546875 0.021484375 0.037109375
1 0.5380859375 0.525390625 0.0322265625 0.0498046875
1 0.560546875 0.5185546875 0.021484375 0.033203125
1 0.6904296875 0.5625 0.1533203125 0.171875
2 0.626953125 0.5185546875 0.0146484375 0.0400390625
6 0.6796875 0.416015625 0.015625 0.044921875
10 0.8447265625 0.48046875 0.1708984375 0.1298828125
1 0.888671875 0.5244140625 0.1455078125 0.08203125
6 0.931640625 0.2529296875 0.048828125 0.150390625
2 0.951171875 0.54296875 0.029296875 0.1201171875