1 0.0984375 0.5308333333333334 0.08229166666666667 0.065
1 0.21510416666666665 0.5233333333333333 0.06979166666666667 0.07
1 0.2171875 0.5191666666666667 0.05520833333333333 0.04166666666666667
4 0.22135416666666666 0.4041666666666667 0.02395833333333333 0.055
4 0.21979166666666666 0.4041666666666667 0.014583333333333334 0.045000000000000005
6 0.24166666666666667 0.4 0.014583333333333334 0.05
1 0.4265625 0.5583333333333333 0.18229166666666666 0.25
3 0.4192708333333333 0.32333333333333336 0.026041666666666668 0.07333333333333333
6 0.421875 0.3191666666666667 0.016666666666666666 0.04833333333333334
4 0.5166666666666666 0.43833333333333335 0.014583333333333334 0.03666666666666667
10 0.6520833333333333 0.44583333333333336 0.1875 0.3216666666666667