1 0.1875 0.54 0.08125 0.05666666666666667
1 0.19166666666666665 0.5433333333333333 0.06875 0.05
1 0.40520833333333334 0.5275000000000001 0.05 0.04166666666666667
1 0.46822916666666664 0.525 0.036458333333333336 0.04
1 0.5328125 0.5091666666666667 0.08020833333333333 0.135
10 0.5302083333333333 0.5108333333333334 0.06666666666666667 0.13166666666666668
1 0.5723958333333333 0.5208333333333334 0.040625 0.06166666666666667
1 0.6385416666666667 0.5141666666666667 0.0375 0.045000000000000005
1 0.7 0.515 0.03125 0.043333333333333335
1 0.7614583333333333 0.515 0.06458333333333333 0.05
1 0.9458333333333333 0.4816666666666667 0.10625 0.08333333333333334