1 0.10416666666666667 0.5650000000000001 0.06041666666666667 0.060000000000000005
1 0.1015625 0.5608333333333334 0.036458333333333336 0.04166666666666667
1 0.20625 0.5558333333333334 0.08333333333333333 0.09166666666666667
1 0.2682291666666667 0.5408333333333334 0.04479166666666667 0.058333333333333334
1 0.309375 0.56 0.06041666666666667 0.08333333333333334
6 0.315625 0.46166666666666667 0.014583333333333334 0.03333333333333333
6 0.34375 0.4466666666666667 0.016666666666666666 0.043333333333333335
1 0.39479166666666665 0.5483333333333333 0.07083333333333333 0.09333333333333334
4 0.3854166666666667 0.42500000000000004 0.01875 0.04
1 0.5739583333333333 0.5116666666666667 0.041666666666666664 0.05666666666666667
1 0.6130208333333333 0.5108333333333334 0.04479166666666667 0.055