1 0.12343749999999999 0.5033333333333334 0.090625 0.09000000000000001
3 0.14375 0.2325 0.020833333333333332 0.065
1 0.3880208333333333 0.6675000000000001 0.48020833333333335 0.525
1 0.19479166666666667 0.5066666666666667 0.07083333333333333 0.06666666666666667
1 0.23020833333333332 0.4891666666666667 0.05625 0.07833333333333334
6 0.3098958333333333 0.2225 0.021875 0.07166666666666667
3 0.45 0.23583333333333334 0.022916666666666665 0.08166666666666667
6 0.6692708333333334 0.36333333333333334 0.026041666666666668 0.060000000000000005
6 0.6692708333333334 0.35083333333333333 0.013541666666666667 0.03833333333333334
3 0.9557291666666666 0.07833333333333334 0.07395833333333333 0.15000000000000002
6 0.9520833333333333 0.065 0.041666666666666664 0.13