1 0.13619791666666667 0.55125 0.08072916666666667 0.08750000000000001
1 0.9315104166666667 0.5270833333333333 0.1015625 0.06583333333333334
1 0.022395833333333334 0.5425 0.040625 0.04833333333333334
1 0.026041666666666668 0.5433333333333333 0.03958333333333333 0.03333333333333333
1 0.09114583333333333 0.5258333333333334 0.04479166666666667 0.06166666666666667
1 0.09322916666666667 0.5308333333333334 0.03229166666666666 0.04166666666666667
1 0.13333333333333333 0.5233333333333333 0.03125 0.04
1 0.309375 0.525 0.0375 0.06333333333333334
10 0.35260416666666666 0.51 0.06979166666666667 0.11666666666666667
1 0.7078125 0.5266666666666667 0.103125 0.07
1 0.7098958333333333 0.5241666666666667 0.103125 0.07166666666666667
1 0.7901041666666666 0.5225000000000001 0.07604166666666666 0.06833333333333334
1 0.7979166666666666 0.525 0.07291666666666667 0.06666666666666667