1 0.11979166666666667 0.5408333333333334 0.0625 0.05166666666666667
1 0.17291666666666666 0.5316666666666667 0.03333333333333333 0.05666666666666667
1 0.2265625 0.5275000000000001 0.06770833333333333 0.08166666666666667
1 0.2796875 0.5225000000000001 0.040625 0.05166666666666667
1 0.42604166666666665 0.5508333333333334 0.125 0.18500000000000003
1 0.7479166666666667 0.525 0.10208333333333333 0.09666666666666668
2 0.7171875 0.525 0.026041666666666668 0.11333333333333334
2 0.7145833333333333 0.5266666666666667 0.020833333333333332 0.10666666666666667
2 0.7296875 0.5258333333333334 0.015625 0.09166666666666667
1 0.9 0.5233333333333333 0.1625 0.13
1 0.8703124999999999 0.52 0.10104166666666667 0.12000000000000001