1 0.9697265625 0.646484375 0.05859375 0.158203125
1 0.056640625 0.5625 0.1123046875 0.1162109375
2 0.8916015625 0.51953125 0.029296875 0.1826171875
2 0.8515625 0.5302734375 0.0341796875 0.162109375
1 0.1396484375 0.5390625 0.08984375 0.1083984375
1 0.1474609375 0.53125 0.080078125 0.1298828125
1 0.201171875 0.5234375 0.0595703125 0.0771484375
1 0.2314453125 0.51953125 0.0263671875 0.0703125
1 0.25390625 0.51953125 0.0224609375 0.0615234375
1 0.4033203125 0.5185546875 0.056640625 0.08984375
1 0.4580078125 0.53515625 0.09375 0.1103515625
1 0.4560546875 0.53515625 0.0771484375 0.0966796875
1 0.6083984375 0.53125 0.080078125 0.1435546875
1 0.708984375 0.560546875 0.162109375 0.158203125