1 0.888671875 0.6357421875 0.2216796875 0.3466796875
1 0.044921875 0.591796875 0.0888671875 0.1103515625
1 0.1103515625 0.5703125 0.0693359375 0.0830078125
1 0.158203125 0.564453125 0.04296875 0.068359375
1 0.2001953125 0.5654296875 0.044921875 0.0546875
1 0.27734375 0.548828125 0.05078125 0.0615234375
1 0.3876953125 0.537109375 0.037109375 0.0595703125
1 0.4599609375 0.5439453125 0.03125 0.0517578125
1 0.4912109375 0.548828125 0.052734375 0.068359375
1 0.556640625 0.5400390625 0.1064453125 0.123046875
1 0.6357421875 0.5791015625 0.115234375 0.1513671875
1 0.76171875 0.59375 0.2255859375 0.2021484375