1 0.0888671875 0.5419921875 0.064453125 0.0595703125
1 0.142578125 0.5302734375 0.0712890625 0.0537109375
1 0.2021484375 0.5205078125 0.048828125 0.0546875
4 0.3486328125 0.3896484375 0.0166015625 0.0478515625
1 0.4287109375 0.525390625 0.0576171875 0.0732421875
4 0.51953125 0.3916015625 0.015625 0.0537109375
2 0.6416015625 0.50390625 0.0244140625 0.078125
2 0.80078125 0.5078125 0.029296875 0.1083984375
0 0.85546875 0.4951171875 0.0419921875 0.0869140625
0 0.853515625 0.4775390625 0.0224609375 0.0478515625
1 0.916015625 0.5009765625 0.1494140625 0.0751953125