1 0.8818359375 0.712890625 0.2353515625 0.5673828125
1 0.138671875 0.54296875 0.052734375 0.08203125
1 0.2421875 0.529296875 0.11328125 0.171875
1 0.3037109375 0.5419921875 0.0224609375 0.09375
1 0.32421875 0.53125 0.029296875 0.0830078125
1 0.390625 0.533203125 0.0478515625 0.0595703125
1 0.4697265625 0.5400390625 0.04296875 0.0771484375
1 0.4775390625 0.53125 0.0556640625 0.0771484375
1 0.5185546875 0.54296875 0.0732421875 0.1533203125
1 0.5302734375 0.5390625 0.0791015625 0.1484375
1 0.6044921875 0.5576171875 0.1279296875 0.2119140625
1 0.583984375 0.5654296875 0.0849609375 0.2451171875
1 0.775390625 0.5859375 0.326171875 0.3818359375