1 0.1140625 0.5741666666666667 0.228125 0.21833333333333335
1 0.2875 0.5416666666666667 0.10208333333333333 0.12000000000000001
1 0.3546875 0.5425 0.030208333333333334 0.055
1 0.40989583333333335 0.5233333333333333 0.04479166666666667 0.06333333333333334
10 0.4145833333333333 0.4916666666666667 0.03333333333333333 0.04
1 0.44635416666666666 0.5125000000000001 0.03229166666666666 0.05166666666666667
1 0.4901041666666667 0.515 0.04895833333333333 0.1
10 0.49322916666666666 0.51 0.046875 0.07
1 0.54375 0.515 0.03333333333333333 0.05333333333333334
1 0.6020833333333333 0.5383333333333333 0.06458333333333333 0.1
2 0.6583333333333333 0.6266666666666667 0.08958333333333333 0.51
2 0.6984375 0.5808333333333334 0.06979166666666667 0.49500000000000005