1 0.11927083333333333 0.5383333333333333 0.06770833333333333 0.07333333333333333
1 0.3302083333333333 0.65 0.325 0.41000000000000003
7 0.28125 0.27666666666666667 0.01875 0.05333333333333334
6 0.39166666666666666 0.28750000000000003 0.014583333333333334 0.058333333333333334
1 0.46249999999999997 0.5341666666666667 0.025 0.095
2 0.5526041666666667 0.5108333333333334 0.011458333333333333 0.055
6 0.5640625 0.4083333333333334 0.015625 0.05333333333333334
2 0.565625 0.5225000000000001 0.016666666666666666 0.08166666666666667
2 0.58125 0.5183333333333333 0.010416666666666666 0.05666666666666667
0 0.6609375 0.5258333333333334 0.026041666666666668 0.085
0 0.784375 0.52 0.06041666666666667 0.09000000000000001
1 0.9359375 0.5108333333333334 0.12604166666666666 0.09833333333333334