2 0.9345703125 0.5224609375 0.0576171875 0.1162109375
2 0.8955078125 0.5087890625 0.037109375 0.162109375
1 0.1103515625 0.5615234375 0.162109375 0.15625
2 0.1923828125 0.5517578125 0.0205078125 0.0771484375
4 0.193359375 0.4248046875 0.0205078125 0.0634765625
2 0.1982421875 0.5546875 0.025390625 0.0732421875
1 0.2880859375 0.54296875 0.056640625 0.0703125
1 0.39453125 0.609375 0.193359375 0.224609375
1 0.34375 0.5341796875 0.060546875 0.0947265625
1 0.5048828125 0.55078125 0.1474609375 0.1552734375
4 0.5126953125 0.400390625 0.0185546875 0.05859375
2 0.595703125 0.5556640625 0.04296875 0.1845703125
2 0.6142578125 0.546875 0.0185546875 0.1865234375
2 0.63671875 0.548828125 0.0322265625 0.1513671875
2 0.68359375 0.537109375 0.02734375 0.169921875
2 0.7080078125 0.5380859375 0.03125 0.1533203125
2 0.708984375 0.5341796875 0.0263671875 0.1552734375
1 0.81640625 0.5205078125 0.0947265625 0.10546875