6 0.3671875 0.5029296875 0.01171875 0.037109375
1 0.408203125 0.537109375 0.083984375 0.1181640625
1 0.4541015625 0.525390625 0.0205078125 0.0703125
1 0.4599609375 0.51953125 0.021484375 0.0380859375
1 0.4755859375 0.525390625 0.04296875 0.0517578125
1 0.51171875 0.521484375 0.0361328125 0.0400390625
1 0.51171875 0.5244140625 0.025390625 0.03515625
4 0.5234375 0.41796875 0.013671875 0.0302734375
4 0.5244140625 0.4228515625 0.01171875 0.03515625
1 0.5732421875 0.521484375 0.0537109375 0.0732421875
4 0.6767578125 0.4580078125 0.01171875 0.033203125
4 0.677734375 0.451171875 0.0126953125 0.0283203125
1 0.7685546875 0.4990234375 0.0712890625 0.0654296875
1 0.765625 0.5 0.064453125 0.04296875