10 0.03125 0.5 0.0625 0.1171875
10 0.03125 0.498046875 0.0625 0.11328125
2 0.126953125 0.525390625 0.0205078125 0.0546875
1 0.1796875 0.513671875 0.052734375 0.080078125
6 0.19921875 0.419921875 0.021484375 0.0634765625
1 0.2333984375 0.5224609375 0.05078125 0.044921875
1 0.2333984375 0.501953125 0.046875 0.037109375
1 0.3271484375 0.525390625 0.0458984375 0.0634765625
1 0.3896484375 0.5068359375 0.02734375 0.033203125
1 0.490234375 0.517578125 0.052734375 0.0478515625
1 0.4912109375 0.5224609375 0.0458984375 0.0546875
3 0.5458984375 0.3896484375 0.0166015625 0.0654296875
1 0.9404296875 0.4970703125 0.1162109375 0.0986328125