10 0.05 0.43250000000000005 0.1 0.1716666666666667
10 0.0453125 0.44333333333333336 0.090625 0.17666666666666667
1 0.050520833333333334 0.535 0.10104166666666667 0.19
1 0.1984375 0.5266666666666667 0.196875 0.2066666666666667
5 0.25416666666666665 0.335 0.01875 0.05
1 0.4817708333333333 0.6558333333333334 0.38229166666666664 0.4783333333333334
5 0.3078125 0.3383333333333334 0.019791666666666666 0.05
6 0.3911458333333333 0.33333333333333337 0.017708333333333333 0.04666666666666667
6 0.44687499999999997 0.3408333333333334 0.01875 0.04833333333333334
6 0.5723958333333333 0.4058333333333334 0.017708333333333333 0.045000000000000005
1 0.8348958333333333 0.4791666666666667 0.13020833333333334 0.07166666666666667