1 0.0087890625 0.63671875 0.0166015625 0.140625
2 0.1298828125 0.5439453125 0.01953125 0.091796875
2 0.150390625 0.54296875 0.01953125 0.08984375
2 0.2294921875 0.5439453125 0.017578125 0.0712890625
1 0.2724609375 0.5546875 0.05859375 0.080078125
1 0.3076171875 0.54296875 0.0244140625 0.0634765625
1 0.3779296875 0.5224609375 0.0361328125 0.0380859375
1 0.4521484375 0.53125 0.072265625 0.0966796875
1 0.494140625 0.521484375 0.0224609375 0.0400390625
1 0.5537109375 0.5341796875 0.064453125 0.078125
1 0.6259765625 0.5546875 0.0986328125 0.1298828125
1 0.60546875 0.5634765625 0.05078125 0.1337890625
1 0.6875 0.5810546875 0.123046875 0.205078125
1 0.8486328125 0.6640625 0.30078125 0.431640625