2 0.01171875 0.5466666666666667 0.022395833333333334 0.09833333333333334
7 0.013020833333333334 0.43750000000000006 0.021875 0.058333333333333334
0 0.03802083333333333 0.5533333333333333 0.03229166666666666 0.08666666666666667
0 0.034375 0.5425 0.0125 0.07166666666666667
1 0.13802083333333334 0.5316666666666667 0.09479166666666666 0.09666666666666668
10 0.14010416666666667 0.525 0.08229166666666667 0.08333333333333334
1 0.21354166666666666 0.5391666666666667 0.075 0.065
1 0.21354166666666666 0.5033333333333334 0.06666666666666667 0.03666666666666667
10 0.209375 0.52 0.05625 0.05666666666666667
10 0.2989583333333333 0.4791666666666667 0.10833333333333334 0.17500000000000002
1 0.36822916666666666 0.5241666666666667 0.03229166666666666 0.035
1 0.4 0.5183333333333333 0.035416666666666666 0.03666666666666667
7 0.43072916666666666 0.32 0.019791666666666666 0.05666666666666667
6 0.5057291666666667 0.32 0.019791666666666666 0.06333333333333334
6 0.6473958333333333 0.4116666666666667 0.021875 0.06333333333333334
1 0.7166666666666667 0.5158333333333334 0.15208333333333332 0.09833333333333334