2 0.8541666666666666 0.56125 0.03229166666666666 0.08583333333333334
1 0.03177083333333333 0.6266666666666667 0.06145833333333333 0.15333333333333335
1 0.0953125 0.6291666666666667 0.07395833333333333 0.10500000000000001
1 0.1015625 0.6291666666666667 0.07604166666666666 0.09833333333333334
1 0.14947916666666666 0.5925 0.06979166666666667 0.07166666666666667
1 0.16979166666666667 0.5658333333333334 0.09166666666666666 0.08833333333333333
1 0.3125 0.5858333333333333 0.18958333333333333 0.2316666666666667
10 0.471875 0.5166666666666667 0.12083333333333333 0.2366666666666667
2 0.6161458333333333 0.5741666666666667 0.04479166666666667 0.14500000000000002
2 0.6286458333333333 0.5741666666666667 0.026041666666666668 0.12833333333333335
2 0.7255208333333333 0.5808333333333334 0.06979166666666667 0.18833333333333335