1 0.064453125 0.6337890625 0.1279296875 0.3271484375
10 0.07421875 0.4970703125 0.14453125 0.1318359375
1 0.154296875 0.560546875 0.0517578125 0.0654296875
1 0.296875 0.6572265625 0.3310546875 0.421875
7 0.337890625 0.2490234375 0.021484375 0.068359375
10 0.470703125 0.5078125 0.0361328125 0.068359375
6 0.4658203125 0.279296875 0.0205078125 0.0654296875
2 0.576171875 0.5234375 0.017578125 0.0830078125
2 0.5908203125 0.525390625 0.033203125 0.091796875
6 0.6416015625 0.396484375 0.0224609375 0.0634765625
1 0.8818359375 0.556640625 0.2333984375 0.6669921875