2 0.0576171875 0.6416015625 0.109375 0.6669921875
2 0.341796875 0.6240234375 0.138671875 0.5283203125
1 0.3916015625 0.4814453125 0.05859375 0.0703125
1 0.412109375 0.5087890625 0.076171875 0.068359375
1 0.53125 0.4921875 0.0458984375 0.0419921875
1 0.5283203125 0.4912109375 0.0400390625 0.03515625
7 0.5595703125 0.2451171875 0.0224609375 0.0732421875
1 0.6572265625 0.482421875 0.03515625 0.0380859375
1 0.658203125 0.4814453125 0.03515625 0.037109375
2 0.7275390625 0.611328125 0.162109375 0.4970703125
6 0.677734375 0.2490234375 0.0263671875 0.078125
1 0.7744140625 0.5009765625 0.046875 0.0615234375
6 0.9794921875 0.3818359375 0.0302734375 0.06640625