2 0.529296875 0.5166015625 0.0126953125 0.0625
2 0.5166015625 0.525390625 0.0126953125 0.060546875
0 0.5703125 0.5341796875 0.0546875 0.0908203125
1 0.13671875 0.55078125 0.1943359375 0.1416015625
1 0.330078125 0.65234375 0.330078125 0.4150390625
2 0.177734375 0.5419921875 0.0205078125 0.0732421875
7 0.2802734375 0.2763671875 0.01953125 0.0634765625
6 0.3896484375 0.2861328125 0.01953125 0.0712890625
6 0.5634765625 0.408203125 0.021484375 0.0634765625
0 0.6640625 0.5439453125 0.1201171875 0.16796875
0 0.84765625 0.5390625 0.1123046875 0.181640625