1 0.1 0.4916666666666667 0.04791666666666666 0.05
1 0.1046875 0.49583333333333335 0.051041666666666666 0.045000000000000005
1 0.19270833333333334 0.49000000000000005 0.05625 0.04666666666666667
1 0.28489583333333335 0.49250000000000005 0.134375 0.15166666666666667
7 0.32135416666666666 0.36750000000000005 0.021875 0.055
7 0.328125 0.37333333333333335 0.020833333333333332 0.03333333333333333
1 0.36302083333333335 0.49583333333333335 0.040625 0.09166666666666667
1 0.3625 0.49583333333333335 0.035416666666666666 0.10500000000000001
4 0.3807291666666667 0.36833333333333335 0.017708333333333333 0.043333333333333335
4 0.38177083333333334 0.37583333333333335 0.015625 0.035
4 0.4244791666666667 0.3741666666666667 0.017708333333333333 0.045000000000000005
4 0.42604166666666665 0.37833333333333335 0.014583333333333334 0.03666666666666667
1 0.46510416666666665 0.5091666666666667 0.09270833333333334 0.12166666666666667
0 0.5354166666666667 0.48250000000000004 0.025 0.08833333333333333
4 0.5390625 0.43333333333333335 0.013541666666666667 0.030000000000000002
4 0.5583333333333333 0.41750000000000004 0.01875 0.065
4 0.5583333333333333 0.41583333333333333 0.016666666666666666 0.04166666666666667