1 0.018489583333333334 0.5470833333333334 0.0359375 0.17750000000000002
1 0.14739583333333334 0.5183333333333333 0.10520833333333333 0.07333333333333333
1 0.1484375 0.5108333333333334 0.096875 0.085
1 0.21354166666666666 0.51 0.03958333333333333 0.03333333333333333
1 0.2640625 0.5075000000000001 0.046875 0.03166666666666667
1 0.3020833333333333 0.5041666666666667 0.041666666666666664 0.045000000000000005
1 0.3770833333333333 0.5066666666666667 0.04791666666666666 0.043333333333333335
1 0.43854166666666666 0.5041666666666667 0.027083333333333334 0.045000000000000005
6 0.43645833333333334 0.3458333333333334 0.016666666666666666 0.035
1 0.4744791666666667 0.5158333333333334 0.053125 0.07833333333333334
6 0.5109375 0.43500000000000005 0.015625 0.04
6 0.5125 0.36250000000000004 0.016666666666666666 0.04166666666666667
1 0.5223958333333333 0.5133333333333334 0.019791666666666666 0.06333333333333334
1 0.5401041666666666 0.5183333333333333 0.017708333333333333 0.05333333333333334
1 0.5703125 0.52 0.059375 0.07
6 0.5510416666666667 0.4625 0.010416666666666666 0.028333333333333335
1 0.559375 0.52 0.025 0.06666666666666667
1 0.615625 0.5308333333333334 0.1 0.10166666666666667
6 0.5984375 0.4475 0.015625 0.04166666666666667
6 0.6333333333333333 0.41750000000000004 0.016666666666666666 0.035
2 0.840625 0.5058333333333334 0.025 0.085
2 0.840625 0.4966666666666667 0.01875 0.07
2 0.8927083333333333 0.49500000000000005 0.022916666666666665 0.08333333333333334
2 0.8942708333333333 0.5008333333333334 0.021875 0.07833333333333334