1 0.2578125 0.5275000000000001 0.040625 0.04166666666666667
1 0.2625 0.5275000000000001 0.04583333333333333 0.06166666666666667
1 0.3067708333333333 0.5216666666666667 0.034375 0.05333333333333334
1 0.3567708333333333 0.5266666666666667 0.06145833333333333 0.08333333333333334
1 0.40781249999999997 0.5233333333333333 0.026041666666666668 0.05333333333333334
1 0.45260416666666664 0.5541666666666667 0.10520833333333333 0.12833333333333335
1 0.4557291666666667 0.4591666666666667 0.08229166666666667 0.07833333333333334
10 0.45416666666666666 0.4691666666666667 0.07291666666666667 0.095
4 0.46822916666666664 0.39916666666666667 0.02395833333333333 0.045000000000000005
1 0.5005208333333333 0.5183333333333333 0.040625 0.06666666666666667
4 0.5541666666666667 0.43583333333333335 0.020833333333333332 0.04833333333333334
1 0.6807291666666666 0.5216666666666667 0.065625 0.05666666666666667