1 0.2705078125 0.517578125 0.1142578125 0.087890625
2 0.251953125 0.47265625 0.025390625 0.05859375
1 0.353515625 0.505859375 0.072265625 0.087890625
1 0.3564453125 0.5087890625 0.0654296875 0.08203125
1 0.396484375 0.4912109375 0.044921875 0.0869140625
1 0.4267578125 0.5 0.03125 0.0595703125
1 0.4560546875 0.4951171875 0.044921875 0.0595703125
1 0.4853515625 0.4951171875 0.03125 0.0595703125
1 0.5087890625 0.4892578125 0.0302734375 0.0478515625
1 0.7412109375 0.5087890625 0.0595703125 0.0634765625
1 0.818359375 0.5234375 0.087890625 0.103515625
1 0.904296875 0.5322265625 0.119140625 0.1279296875
1 0.9521484375 0.5341796875 0.0849609375 0.1953125