1 0.07421875 0.533203125 0.115234375 0.126953125
2 0.134765625 0.52734375 0.01171875 0.0517578125
1 0.1396484375 0.521484375 0.01953125 0.037109375
2 0.1650390625 0.5517578125 0.041015625 0.1396484375
1 0.236328125 0.5166015625 0.0361328125 0.056640625
1 0.2373046875 0.515625 0.0283203125 0.0380859375
1 0.3115234375 0.529296875 0.09375 0.111328125
6 0.4169921875 0.330078125 0.0244140625 0.0830078125
2 0.60546875 0.521484375 0.0263671875 0.15625
2 0.685546875 0.505859375 0.03515625 0.134765625
2 0.8134765625 0.501953125 0.0341796875 0.150390625