1 0.38515625 0.5183333333333333 0.0140625 0.018333333333333333
1 0.054427083333333334 0.6095833333333334 0.10781249999999999 0.18416666666666667
10 0.06770833333333333 0.5108333333333334 0.12291666666666666 0.06166666666666667
6 0.3609375 0.20750000000000002 0.034375 0.085
1 0.42604166666666665 0.5233333333333333 0.04791666666666666 0.06333333333333334
1 0.42552083333333335 0.5225000000000001 0.030208333333333334 0.04166666666666667
6 0.5979166666666667 0.36250000000000004 0.027083333333333334 0.08833333333333333
2 0.7661458333333333 0.5391666666666667 0.06145833333333333 0.18833333333333335
2 0.8479166666666667 0.5558333333333334 0.06666666666666667 0.2316666666666667
2 0.9015624999999999 0.5525 0.059375 0.24500000000000002
3 0.9614583333333333 0.08666666666666667 0.07291666666666667 0.1716666666666667