1 0.220703125 0.5380859375 0.052734375 0.0595703125
1 0.2236328125 0.537109375 0.0458984375 0.056640625
1 0.3544921875 0.556640625 0.076171875 0.0830078125
4 0.4150390625 0.400390625 0.009765625 0.03125
4 0.4169921875 0.3994140625 0.0107421875 0.03125
1 0.4501953125 0.5478515625 0.0595703125 0.0869140625
4 0.4716796875 0.40625 0.0107421875 0.0263671875
4 0.4716796875 0.412109375 0.009765625 0.0234375
4 0.5263671875 0.4716796875 0.0126953125 0.0302734375
3 0.5283203125 0.4697265625 0.0107421875 0.037109375
4 0.5439453125 0.4521484375 0.009765625 0.03515625
4 0.5458984375 0.453125 0.009765625 0.033203125
2 0.5712890625 0.5419921875 0.013671875 0.0869140625
2 0.580078125 0.541015625 0.0166015625 0.0849609375
2 0.5869140625 0.54296875 0.0107421875 0.091796875
2 0.6005859375 0.5380859375 0.0166015625 0.0830078125
2 0.6015625 0.537109375 0.01171875 0.0869140625
2 0.6181640625 0.529296875 0.01953125 0.0849609375
2 0.6201171875 0.5322265625 0.0107421875 0.08203125