1 0.06354166666666666 0.6325000000000001 0.12708333333333333 0.3216666666666667
10 0.07447916666666667 0.4941666666666667 0.14270833333333333 0.125
1 0.15208333333333332 0.5608333333333334 0.04791666666666666 0.065
1 0.2942708333333333 0.6591666666666667 0.3302083333333333 0.4216666666666667
7 0.3385416666666667 0.24750000000000003 0.020833333333333332 0.065
2 0.45 0.5283333333333333 0.014583333333333334 0.08666666666666667
2 0.4614583333333333 0.5325000000000001 0.03333333333333333 0.09166666666666667
6 0.46510416666666665 0.2791666666666667 0.019791666666666666 0.06166666666666667
10 0.47812499999999997 0.5075000000000001 0.04583333333333333 0.09833333333333334
6 0.6416666666666666 0.39583333333333337 0.022916666666666665 0.06166666666666667
1 0.884375 0.5508333333333334 0.22916666666666666 0.6616666666666667