1 0.18541666666666667 0.6416666666666667 0.37083333333333335 0.6333333333333334
1 0.40260416666666665 0.5683333333333334 0.13854166666666667 0.19666666666666668
7 0.346875 0.43833333333333335 0.01875 0.05333333333333334
4 0.475 0.3591666666666667 0.016666666666666666 0.055
1 0.5088541666666666 0.5383333333333333 0.040625 0.05
3 0.5244791666666666 0.43750000000000006 0.017708333333333333 0.05166666666666667
3 0.7041666666666666 0.31333333333333335 0.041666666666666664 0.12000000000000001
2 0.7192708333333333 0.5283333333333333 0.021875 0.06333333333333334
2 0.7359375 0.53 0.021875 0.07666666666666667
1 0.9020833333333333 0.5366666666666667 0.11041666666666666 0.11
1 0.9416666666666667 0.5458333333333334 0.10833333333333334 0.11166666666666668
1 0.9729166666666667 0.535 0.052083333333333336 0.1