1 0.12994791666666666 0.5795833333333333 0.25885416666666666 0.2775
10 0.32135416666666666 0.48500000000000004 0.042708333333333334 0.05333333333333334
4 0.4427083333333333 0.395 0.01875 0.03333333333333333
1 0.4765625 0.49333333333333335 0.030208333333333334 0.04
4 0.475 0.3983333333333334 0.014583333333333334 0.030000000000000002
1 0.5229166666666667 0.5125000000000001 0.08333333333333333 0.10500000000000001
1 0.5666666666666667 0.49083333333333334 0.0375 0.055
1 0.5729166666666666 0.5 0.04375 0.05666666666666667
4 0.5822916666666667 0.4366666666666667 0.014583333333333334 0.030000000000000002
1 0.7875 0.5025000000000001 0.17916666666666667 0.11166666666666668
1 0.9411458333333333 0.4625 0.10520833333333333 0.085