1 0.8671875 0.5587500000000001 0.26458333333333334 0.42583333333333334
1 0.12421875 0.515 0.11822916666666666 0.09833333333333334
1 0.2015625 0.48250000000000004 0.051041666666666666 0.05166666666666667
1 0.221875 0.4991666666666667 0.04375 0.04833333333333334
1 0.22447916666666667 0.5016666666666667 0.034375 0.05
1 0.30052083333333335 0.49750000000000005 0.04479166666666667 0.04166666666666667
1 0.30364583333333334 0.49583333333333335 0.040625 0.045000000000000005
1 0.3640625 0.49750000000000005 0.09479166666666666 0.13166666666666668
1 0.43906249999999997 0.49000000000000005 0.034375 0.05333333333333334
1 0.4953125 0.4841666666666667 0.021875 0.03166666666666667
1 0.5515625 0.4916666666666667 0.042708333333333334 0.060000000000000005
1 0.7036458333333333 0.5091666666666667 0.153125 0.19833333333333333
1 0.6958333333333333 0.5033333333333334 0.13333333333333333 0.20333333333333334