1 0.0171875 0.55125 0.03333333333333333 0.05916666666666667
1 0.051041666666666666 0.54625 0.046875 0.050833333333333335
1 0.228125 0.525 0.11458333333333333 0.12333333333333334
4 0.21875 0.32666666666666666 0.03125 0.05333333333333334
1 0.28072916666666664 0.5158333333333334 0.028125 0.04166666666666667
1 0.30625 0.52 0.03333333333333333 0.04666666666666667
10 0.3489583333333333 0.48333333333333334 0.08125 0.15666666666666668
4 0.43645833333333334 0.42000000000000004 0.03958333333333333 0.05333333333333334
4 0.45625 0.43000000000000005 0.014583333333333334 0.04
1 0.5265625 0.49583333333333335 0.07395833333333333 0.065
1 0.69375 0.4916666666666667 0.12708333333333333 0.11333333333333334
1 0.7880208333333333 0.4808333333333334 0.08645833333333333 0.135
1 0.8848958333333333 0.5066666666666667 0.22604166666666667 0.20333333333333334
1 0.8869791666666667 0.5041666666666667 0.21770833333333334 0.18166666666666667