1 0.369140625 0.4912109375 0.0283203125 0.044921875
8 0.44140625 0.3857421875 0.0185546875 0.03125
1 0.494140625 0.498046875 0.0517578125 0.0634765625
1 0.576171875 0.49609375 0.0751953125 0.0947265625
1 0.580078125 0.4912109375 0.0732421875 0.0830078125
1 0.6943359375 0.4775390625 0.0810546875 0.0517578125
1 0.7060546875 0.4775390625 0.078125 0.0615234375
1 0.8173828125 0.482421875 0.1240234375 0.0615234375
1 0.806640625 0.48046875 0.0732421875 0.0751953125
1 0.849609375 0.4912109375 0.0263671875 0.0634765625
1 0.8994140625 0.4775390625 0.1220703125 0.078125
1 0.9521484375 0.47265625 0.091796875 0.1083984375