1 0.8315104166666667 0.7283333333333334 0.3359375 0.5416666666666667
1 0.1921875 0.55 0.16145833333333334 0.18666666666666668
1 0.18541666666666667 0.5483333333333333 0.13125 0.16333333333333333
1 0.3140625 0.5408333333333334 0.04479166666666667 0.055
1 0.3177083333333333 0.5383333333333333 0.03333333333333333 0.04
1 0.4588541666666667 0.5333333333333333 0.04895833333333333 0.07
1 0.45677083333333335 0.5333333333333333 0.036458333333333336 0.043333333333333335
1 0.4947916666666667 0.5491666666666667 0.03125 0.10166666666666667
1 0.5234375 0.5533333333333333 0.08020833333333333 0.13
1 0.6041666666666666 0.5775 0.17708333333333334 0.1716666666666667
1 0.6078125 0.5733333333333334 0.178125 0.19666666666666668