1 0.0732421875 0.5146484375 0.0732421875 0.0615234375
1 0.1416015625 0.517578125 0.09765625 0.0947265625
3 0.1435546875 0.232421875 0.0205078125 0.0654296875
1 0.1806640625 0.4853515625 0.07421875 0.0849609375
1 0.388671875 0.671875 0.4755859375 0.533203125
10 0.19140625 0.4892578125 0.0673828125 0.0751953125
6 0.3095703125 0.22265625 0.021484375 0.0712890625
3 0.4501953125 0.2353515625 0.0224609375 0.08203125
6 0.6689453125 0.36328125 0.0263671875 0.0595703125
6 0.6689453125 0.3505859375 0.013671875 0.0380859375
1 0.8359375 0.4970703125 0.267578125 0.150390625
6 0.9560546875 0.078125 0.07421875 0.150390625
6 0.9521484375 0.0654296875 0.0419921875 0.1298828125