1 0.86328125 0.60546875 0.271484375 0.51953125
1 0.0263671875 0.51953125 0.05078125 0.087890625
1 0.0830078125 0.509765625 0.048828125 0.0537109375
1 0.154296875 0.4970703125 0.033203125 0.03515625
2 0.212890625 0.494140625 0.0126953125 0.044921875
2 0.2255859375 0.4931640625 0.0146484375 0.0498046875
2 0.2431640625 0.498046875 0.009765625 0.046875
1 0.2666015625 0.5029296875 0.037109375 0.0419921875
2 0.3369140625 0.4951171875 0.017578125 0.0537109375
1 0.357421875 0.4990234375 0.0322265625 0.0380859375
1 0.4248046875 0.498046875 0.1376953125 0.08984375
1 0.427734375 0.4970703125 0.142578125 0.0849609375
1 0.6591796875 0.5693359375 0.1513671875 0.248046875
1 0.6904296875 0.5654296875 0.1904296875 0.2802734375