1 0.165625 0.5308333333333334 0.06458333333333333 0.07500000000000001
1 0.16979166666666667 0.5316666666666667 0.06458333333333333 0.07
1 0.3333333333333333 0.5216666666666667 0.022916666666666665 0.06333333333333334
7 0.346875 0.4658333333333334 0.01875 0.045000000000000005
1 0.3671875 0.5291666666666667 0.05520833333333333 0.06833333333333334
1 0.44947916666666665 0.555 0.10520833333333333 0.13
1 0.4505208333333333 0.4491666666666667 0.08645833333333333 0.08833333333333333
10 0.44895833333333335 0.465 0.08125 0.12333333333333334
4 0.4630208333333333 0.3775 0.02395833333333333 0.045000000000000005
4 0.4609375 0.375 0.015625 0.043333333333333335
1 0.6296875 0.5216666666666667 0.109375 0.08
4 0.5927083333333333 0.4025 0.020833333333333332 0.04833333333333334
5 0.5921875 0.39666666666666667 0.017708333333333333 0.05