1 0.076171875 0.5087890625 0.1240234375 0.1064453125
2 0.2275390625 0.5009765625 0.017578125 0.0546875
2 0.232421875 0.4873046875 0.0185546875 0.068359375
6 0.3115234375 0.3916015625 0.017578125 0.0400390625
2 0.4892578125 0.484375 0.0224609375 0.087890625
1 0.52734375 0.48828125 0.017578125 0.056640625
1 0.548828125 0.48828125 0.0283203125 0.0498046875
6 0.5595703125 0.38671875 0.017578125 0.0498046875
2 0.7509765625 0.46875 0.0263671875 0.0732421875
2 0.7529296875 0.4736328125 0.025390625 0.0732421875
1 0.896484375 0.5537109375 0.203125 0.3115234375