1 0.046875 0.5683333333333334 0.07083333333333333 0.11
1 0.15572916666666667 0.54 0.128125 0.07
1 0.24375 0.5333333333333333 0.04375 0.05666666666666667
1 0.3026041666666667 0.5225000000000001 0.04479166666666667 0.04833333333333334
1 0.4 0.6016666666666667 0.21875 0.30333333333333334
1 0.5364583333333334 0.5341666666666667 0.05625 0.095
1 0.5723958333333333 0.5466666666666667 0.065625 0.12666666666666668
2 0.5828125 0.49000000000000005 0.03229166666666666 0.06333333333333334
1 0.6583333333333333 0.5433333333333333 0.14791666666666667 0.18666666666666668
1 0.7536458333333333 0.5716666666666667 0.19479166666666667 0.21666666666666667
1 0.8953125 0.6016666666666667 0.20520833333333333 0.32333333333333336