3 0.5203125 0.31083333333333335 0.03229166666666666 0.09166666666666667
3 0.017708333333333333 0.35750000000000004 0.034375 0.09833333333333334
2 0.027083333333333334 0.5666666666666667 0.0375 0.13333333333333333
2 0.08020833333333333 0.5641666666666667 0.04375 0.12166666666666667
2 0.2671875 0.5358333333333334 0.04895833333333333 0.135
1 0.32135416666666666 0.5308333333333334 0.034375 0.04166666666666667
1 0.4010416666666667 0.53 0.06041666666666667 0.08
2 0.5755208333333334 0.5016666666666667 0.03854166666666667 0.12333333333333334
2 0.7119791666666666 0.6158333333333333 0.21770833333333334 0.6816666666666668
2 0.6526041666666667 0.5066666666666667 0.03854166666666667 0.10666666666666667
1 0.8677083333333333 0.4991666666666667 0.2625 0.25833333333333336