1 0.033854166666666664 0.5475 0.06770833333333333 0.125
1 0.11770833333333333 0.5375000000000001 0.12083333333333333 0.115
1 0.12447916666666667 0.5391666666666667 0.109375 0.11833333333333335
1 0.2203125 0.5125000000000001 0.08229166666666667 0.095
1 0.22604166666666667 0.5141666666666667 0.07291666666666667 0.07833333333333334
1 0.275 0.5133333333333334 0.052083333333333336 0.06666666666666667
1 0.27708333333333335 0.5133333333333334 0.04583333333333333 0.060000000000000005
1 0.275 0.515 0.035416666666666666 0.07
1 0.3572916666666667 0.4991666666666667 0.029166666666666667 0.04833333333333334
1 0.55 0.49500000000000005 0.04791666666666666 0.07333333333333333
1 0.6026041666666666 0.5016666666666667 0.078125 0.11
1 0.6520833333333333 0.5191666666666667 0.11041666666666666 0.095
1 0.90625 0.4866666666666667 0.16666666666666666 0.10333333333333335