2 0.86484375 0.4754166666666667 0.03802083333333333 0.16083333333333336
1 0.1890625 0.555 0.04895833333333333 0.05
2 0.18854166666666666 0.5491666666666667 0.022916666666666665 0.065
1 0.21979166666666666 0.5508333333333334 0.07708333333333334 0.045000000000000005
2 0.21770833333333334 0.5483333333333333 0.020833333333333332 0.06333333333333334
1 0.2598958333333333 0.5433333333333333 0.046875 0.04666666666666667
10 0.3260416666666667 0.53 0.0875 0.07
10 0.328125 0.5175000000000001 0.08958333333333333 0.06166666666666667
7 0.47760416666666666 0.4741666666666667 0.013541666666666667 0.04166666666666667
7 0.4796875 0.47250000000000003 0.013541666666666667 0.045000000000000005
1 0.5359375 0.5141666666666667 0.046875 0.058333333333333334
1 0.5744791666666667 0.51 0.03229166666666666 0.03666666666666667
10 0.6109375 0.4916666666666667 0.057291666666666664 0.08666666666666667
1 0.6119791666666666 0.4866666666666667 0.05520833333333333 0.08
2 0.690625 0.4991666666666667 0.025 0.11166666666666668
2 0.7619791666666667 0.4891666666666667 0.03854166666666667 0.135