1 0.13489583333333333 0.505 0.05520833333333333 0.05666666666666667
1 0.29322916666666665 0.49500000000000005 0.03229166666666666 0.030000000000000002
1 0.3307291666666667 0.5041666666666667 0.06770833333333333 0.07833333333333334
1 0.36822916666666666 0.49500000000000005 0.028125 0.04666666666666667
3 0.3651041666666667 0.36000000000000004 0.017708333333333333 0.03666666666666667
4 0.43697916666666664 0.36250000000000004 0.017708333333333333 0.04166666666666667
4 0.43906249999999997 0.3641666666666667 0.011458333333333333 0.035
1 0.49322916666666666 0.5141666666666667 0.07604166666666666 0.09833333333333334
4 0.4927083333333333 0.36250000000000004 0.014583333333333334 0.045000000000000005
4 0.4953125 0.36500000000000005 0.015625 0.03333333333333333
1 0.5614583333333333 0.49750000000000005 0.020833333333333332 0.035
4 0.625 0.4391666666666667 0.014583333333333334 0.04166666666666667
4 0.6270833333333333 0.43500000000000005 0.014583333333333334 0.030000000000000002
4 0.6921875 0.40750000000000003 0.017708333333333333 0.055
4 0.6979166666666666 0.4033333333333334 0.0125 0.04
1 0.8536458333333333 0.515 0.19479166666666667 0.17666666666666667
1 0.859375 0.5291666666666667 0.19375 0.19166666666666668