0 0.3857421875 0.4794921875 0.0068359375 0.0263671875
1 0.244140625 0.482421875 0.056640625 0.03515625
1 0.408203125 0.4765625 0.0263671875 0.037109375
1 0.423828125 0.48046875 0.015625 0.03125
1 0.4443359375 0.482421875 0.021484375 0.0419921875
8 0.5029296875 0.4013671875 0.01171875 0.0302734375
8 0.5341796875 0.4052734375 0.0107421875 0.0302734375
8 0.5927734375 0.4404296875 0.009765625 0.0283203125
8 0.6083984375 0.4326171875 0.0126953125 0.025390625
8 0.611328125 0.431640625 0.0146484375 0.0400390625
1 0.65234375 0.482421875 0.0380859375 0.0283203125