1 0.38515625 0.5158333333333334 0.015104166666666667 0.018333333333333333
10 0.06770833333333333 0.5166666666666667 0.12916666666666665 0.07666666666666667
6 0.36041666666666666 0.20833333333333334 0.03125 0.08333333333333334
1 0.425 0.52 0.04791666666666666 0.06333333333333334
1 0.42291666666666666 0.5216666666666667 0.029166666666666667 0.04
6 0.5979166666666667 0.3641666666666667 0.027083333333333334 0.085
2 0.7427083333333333 0.515 0.027083333333333334 0.11333333333333334
2 0.7427083333333333 0.5216666666666667 0.025 0.12000000000000001
2 0.7708333333333334 0.5208333333333334 0.029166666666666667 0.12166666666666667
2 0.7947916666666667 0.5425 0.06041666666666667 0.19833333333333333
2 0.8833333333333333 0.5591666666666667 0.06666666666666667 0.2316666666666667
2 0.9494791666666667 0.5491666666666667 0.059375 0.24500000000000002
3 0.9677083333333333 0.08166666666666667 0.0625 0.16166666666666668