1 0.9560546875 0.6025390625 0.0869140625 0.2578125
1 0.0830078125 0.5439453125 0.166015625 0.162109375
1 0.0439453125 0.5966796875 0.0869140625 0.20703125
1 0.18359375 0.5361328125 0.076171875 0.0986328125
1 0.193359375 0.541015625 0.0498046875 0.0947265625
1 0.21875 0.482421875 0.091796875 0.0654296875
1 0.232421875 0.482421875 0.060546875 0.0546875
1 0.2314453125 0.5400390625 0.046875 0.0703125
1 0.23828125 0.5439453125 0.04296875 0.078125
1 0.267578125 0.5146484375 0.0576171875 0.099609375
1 0.2822265625 0.5146484375 0.03515625 0.080078125
1 0.3115234375 0.51953125 0.03515625 0.05859375
1 0.3154296875 0.513671875 0.033203125 0.0595703125
1 0.3291015625 0.50390625 0.03125 0.05859375
1 0.353515625 0.5048828125 0.0224609375 0.0634765625
10 0.3642578125 0.4794921875 0.03125 0.10546875
10 0.490234375 0.4541015625 0.07421875 0.1416015625
1 0.568359375 0.4921875 0.056640625 0.0654296875
1 0.61328125 0.50390625 0.0537109375 0.08203125
1 0.6767578125 0.568359375 0.091796875 0.103515625
1 0.66015625 0.5009765625 0.044921875 0.0986328125
1 0.697265625 0.5048828125 0.0791015625 0.0595703125
1 0.7607421875 0.537109375 0.0849609375 0.1435546875
1 0.8408203125 0.6259765625 0.171875 0.21875
1 0.8447265625 0.525390625 0.1533203125 0.1396484375