1 0.04401041666666666 0.5733333333333334 0.08697916666666666 0.12833333333333335
1 0.87890625 0.6675000000000001 0.24114583333333334 0.4416666666666667
1 0.1125 0.5516666666666667 0.06458333333333333 0.12000000000000001
10 0.14739583333333334 0.4608333333333334 0.109375 0.095
10 0.15104166666666666 0.47500000000000003 0.10625 0.09333333333333334
1 0.16666666666666666 0.5533333333333333 0.05625 0.09666666666666668
1 0.271875 0.5366666666666667 0.06041666666666667 0.06666666666666667
1 0.2739583333333333 0.5358333333333334 0.052083333333333336 0.055
10 0.2973958333333333 0.5 0.071875 0.08333333333333334
1 0.3104166666666667 0.5041666666666667 0.03333333333333333 0.09833333333333334
1 0.3390625 0.5208333333333334 0.03229166666666666 0.05166666666666667
1 0.3989583333333333 0.525 0.06875 0.09666666666666668
1 0.4197916666666667 0.5141666666666667 0.06041666666666667 0.08833333333333333
1 0.4354166666666667 0.5033333333333334 0.03333333333333333 0.08
1 0.47239583333333335 0.5216666666666667 0.040625 0.05
1 0.5182291666666666 0.5241666666666667 0.071875 0.085
1 0.51875 0.5233333333333333 0.06666666666666667 0.07333333333333333
1 0.675 0.5875 0.19791666666666666 0.325
1 0.7046875 0.5750000000000001 0.23645833333333333 0.22666666666666668