10 0.0615234375 0.5087890625 0.123046875 0.1181640625
1 0.0947265625 0.580078125 0.126953125 0.1767578125
1 0.2890625 0.5927734375 0.3173828125 0.4150390625
3 0.31640625 0.3310546875 0.01953125 0.0615234375
6 0.4130859375 0.3271484375 0.0224609375 0.0537109375
6 0.416015625 0.3359375 0.0166015625 0.0546875
6 0.4921875 0.3291015625 0.0244140625 0.0654296875
6 0.4931640625 0.328125 0.0166015625 0.046875
1 0.521484375 0.51953125 0.05078125 0.0654296875
1 0.525390625 0.5322265625 0.0419921875 0.0751953125
1 0.630859375 0.54296875 0.0458984375 0.1162109375
1 0.7978515625 0.630859375 0.375 0.361328125
6 0.6787109375 0.4228515625 0.0185546875 0.0537109375
1 0.9423828125 0.51953125 0.080078125 0.0595703125
6 0.9326171875 0.2568359375 0.056640625 0.16015625
2 0.9599609375 0.5234375 0.0263671875 0.06640625