1 0.028645833333333332 0.5650000000000001 0.057291666666666664 0.09666666666666668
1 0.0546875 0.5541666666666667 0.103125 0.12166666666666667
1 0.078125 0.5541666666666667 0.052083333333333336 0.10166666666666667
1 0.12604166666666666 0.5475 0.07708333333333334 0.10166666666666667
1 0.17552083333333332 0.5483333333333333 0.042708333333333334 0.06666666666666667
1 0.19739583333333333 0.5391666666666667 0.071875 0.058333333333333334
2 0.17760416666666667 0.535 0.02395833333333333 0.08333333333333334
1 0.259375 0.5241666666666667 0.058333333333333334 0.05166666666666667
1 0.34479166666666666 0.5508333333333334 0.14375 0.2316666666666667
1 0.4864583333333333 0.5141666666666667 0.03333333333333333 0.04833333333333334
1 0.6869791666666667 0.5483333333333333 0.134375 0.14666666666666667
1 0.8395833333333333 0.5850000000000001 0.27291666666666664 0.22