2 0.061197916666666664 0.5195833333333334 0.0203125 0.08083333333333334
2 0.08385416666666666 0.525 0.017708333333333333 0.09333333333333334
2 0.09635416666666667 0.52 0.013541666666666667 0.08333333333333334
10 0.17291666666666666 0.48833333333333334 0.15 0.17666666666666667
10 0.3072916666666667 0.47500000000000003 0.08333333333333333 0.16666666666666669
1 0.3989583333333333 0.5025000000000001 0.05625 0.07166666666666667
0 0.45208333333333334 0.5083333333333334 0.029166666666666667 0.08666666666666667
2 0.6760416666666667 0.4766666666666667 0.020833333333333332 0.07333333333333333
2 0.70625 0.4625 0.01875 0.065
2 0.721875 0.46166666666666667 0.025 0.07333333333333333
2 0.7973958333333333 0.45083333333333336 0.021875 0.09166666666666667
1 0.8463541666666666 0.4941666666666667 0.04479166666666667 0.04166666666666667
1 0.9562499999999999 0.49000000000000005 0.06041666666666667 0.06333333333333334