1 0.033203125 0.51953125 0.06640625 0.087890625
1 0.0751953125 0.5146484375 0.0341796875 0.056640625
1 0.1044921875 0.5166015625 0.041015625 0.0537109375
1 0.1533203125 0.5146484375 0.0654296875 0.0771484375
1 0.2880859375 0.5078125 0.033203125 0.0419921875
7 0.3779296875 0.2861328125 0.0244140625 0.08203125
1 0.5009765625 0.603515625 0.2119140625 0.2666015625
4 0.513671875 0.2802734375 0.02734375 0.0703125
1 0.5908203125 0.4912109375 0.02734375 0.06640625
4 0.6533203125 0.3095703125 0.0263671875 0.0732421875
1 0.837890625 0.560546875 0.3134765625 0.3115234375
4 0.771484375 0.39453125 0.0244140625 0.0703125