1 0.24010416666666667 0.5466666666666667 0.06145833333333333 0.07333333333333333
1 0.2421875 0.5416666666666667 0.06354166666666666 0.06666666666666667
1 0.31875 0.5375000000000001 0.06041666666666667 0.07166666666666667
1 0.31979166666666664 0.5425 0.06041666666666667 0.06833333333333334
1 0.3807291666666667 0.5266666666666667 0.03229166666666666 0.043333333333333335
1 0.4328125 0.5258333333333334 0.06145833333333333 0.07166666666666667
1 0.4317708333333333 0.53 0.046875 0.06666666666666667
1 0.5119791666666667 0.5216666666666667 0.046875 0.06666666666666667
1 0.546875 0.5341666666666667 0.03125 0.085
1 0.5942708333333333 0.5225000000000001 0.09479166666666666 0.13166666666666668
1 0.5901041666666667 0.5333333333333333 0.08020833333333333 0.12333333333333334
1 0.7192708333333333 0.5775 0.22395833333333334 0.22833333333333336
1 0.7229166666666667 0.5658333333333334 0.22708333333333333 0.20833333333333334