1 0.11614583333333334 0.5758333333333334 0.203125 0.24166666666666667
1 0.3541666666666667 0.63 0.26875 0.33333333333333337
3 0.2760416666666667 0.28 0.025 0.06666666666666667
3 0.3880208333333333 0.28583333333333333 0.02395833333333333 0.07500000000000001
2 0.4828125 0.5283333333333333 0.02395833333333333 0.06666666666666667
3 0.5635416666666666 0.41583333333333333 0.027083333333333334 0.07833333333333334
2 0.5671875 0.5266666666666667 0.021875 0.08
2 0.5682291666666667 0.5258333333333334 0.019791666666666666 0.07500000000000001
2 0.5838541666666667 0.525 0.019791666666666666 0.08
2 0.603125 0.5283333333333333 0.020833333333333332 0.08666666666666667
2 0.6130208333333333 0.5241666666666667 0.02395833333333333 0.09166666666666667
0 0.6421875 0.5275000000000001 0.021875 0.08833333333333333
0 0.653125 0.5241666666666667 0.029166666666666667 0.10166666666666667
2 0.6828125 0.5666666666666667 0.084375 0.21666666666666667
2 0.7072916666666667 0.5325000000000001 0.025 0.09166666666666667
2 0.7979166666666666 0.5216666666666667 0.022916666666666665 0.10333333333333335
1 0.9526041666666667 0.5283333333333333 0.090625 0.08333333333333334