1 0.134765625 0.5048828125 0.0556640625 0.056640625
1 0.29296875 0.4951171875 0.0322265625 0.0302734375
1 0.3310546875 0.50390625 0.0673828125 0.078125
1 0.3681640625 0.4951171875 0.0283203125 0.046875
3 0.365234375 0.3603515625 0.017578125 0.037109375
4 0.4365234375 0.3623046875 0.017578125 0.0419921875
4 0.439453125 0.3642578125 0.01171875 0.03515625
1 0.4931640625 0.5146484375 0.076171875 0.0986328125
4 0.4931640625 0.3623046875 0.0146484375 0.044921875
4 0.4951171875 0.365234375 0.015625 0.033203125
1 0.5615234375 0.4970703125 0.0205078125 0.03515625
4 0.625 0.439453125 0.0146484375 0.0419921875
4 0.626953125 0.4345703125 0.0146484375 0.0302734375
4 0.6923828125 0.4072265625 0.017578125 0.0546875
4 0.6982421875 0.4033203125 0.0126953125 0.0400390625
1 0.853515625 0.5146484375 0.1943359375 0.1767578125
1 0.859375 0.529296875 0.193359375 0.19140625