1 0.357421875 0.53515625 0.0517578125 0.0771484375
4 0.384765625 0.3662109375 0.0107421875 0.03125
4 0.384765625 0.3642578125 0.009765625 0.03125
1 0.4345703125 0.533203125 0.0595703125 0.0869140625
4 0.447265625 0.376953125 0.0107421875 0.0263671875
4 0.447265625 0.3720703125 0.0087890625 0.0283203125
0 0.4892578125 0.5244140625 0.015625 0.0615234375
4 0.513671875 0.4453125 0.0126953125 0.0302734375
4 0.513671875 0.447265625 0.01171875 0.0419921875
4 0.5400390625 0.4169921875 0.01171875 0.0400390625
4 0.5419921875 0.419921875 0.0126953125 0.046875
2 0.5966796875 0.53125 0.025390625 0.1201171875
2 0.5966796875 0.53125 0.0185546875 0.134765625
2 0.615234375 0.5205078125 0.015625 0.125
2 0.626953125 0.529296875 0.0205078125 0.1220703125
2 0.625 0.53125 0.0126953125 0.126953125
2 0.6455078125 0.517578125 0.0224609375 0.115234375
2 0.6455078125 0.5234375 0.0205078125 0.1337890625