1 0.04609375 0.5679166666666667 0.09114583333333333 0.13083333333333333
1 0.8747395833333333 0.6062500000000001 0.24947916666666667 0.41250000000000003
1 0.11770833333333333 0.5608333333333334 0.06041666666666667 0.085
1 0.159375 0.5525 0.04791666666666666 0.08166666666666667
1 0.16302083333333334 0.5525 0.040625 0.07500000000000001
1 0.20052083333333334 0.5466666666666667 0.040625 0.07
1 0.23489583333333333 0.54 0.046875 0.07
1 0.240625 0.5375000000000001 0.05 0.07833333333333334
1 0.3234375 0.53 0.051041666666666666 0.060000000000000005
1 0.5489583333333333 0.535 0.06458333333333333 0.08
1 0.6286458333333333 0.5683333333333334 0.06145833333333333 0.12666666666666668
1 0.7046875 0.5608333333333334 0.11354166666666667 0.265