1 0.52734375 0.52734375 0.0380859375 0.04296875
1 0.0263671875 0.53125 0.0517578125 0.1953125
1 0.037109375 0.5517578125 0.05859375 0.2236328125
1 0.09375 0.580078125 0.126953125 0.1728515625
10 0.095703125 0.4775390625 0.1005859375 0.0751953125
1 0.28515625 0.58984375 0.326171875 0.4169921875
3 0.31640625 0.328125 0.0185546875 0.056640625
6 0.4140625 0.326171875 0.01953125 0.0478515625
1 0.4580078125 0.525390625 0.07421875 0.0986328125
6 0.4921875 0.3271484375 0.01953125 0.056640625
1 0.64453125 0.544921875 0.06640625 0.1396484375
1 0.8056640625 0.6298828125 0.3798828125 0.3837890625
6 0.6787109375 0.41796875 0.0166015625 0.0478515625
1 0.837890625 0.4580078125 0.2314453125 0.103515625
10 0.931640625 0.4775390625 0.1357421875 0.1318359375
6 0.9296875 0.2568359375 0.052734375 0.15625
2 0.9482421875 0.5048828125 0.0283203125 0.0400390625