1 0.9533854166666667 0.5079166666666667 0.0921875 0.0775
10 0.109375 0.49333333333333335 0.09583333333333333 0.07
10 0.1109375 0.4891666666666667 0.06979166666666667 0.04833333333333334
1 0.20677083333333332 0.5033333333333334 0.059375 0.060000000000000005
1 0.20416666666666666 0.5033333333333334 0.04375 0.043333333333333335
1 0.2453125 0.5008333333333334 0.046875 0.04166666666666667
1 0.24895833333333334 0.5033333333333334 0.04791666666666666 0.04
1 0.3145833333333333 0.5008333333333334 0.029166666666666667 0.04166666666666667
1 0.4140625 0.49833333333333335 0.030208333333333334 0.05
1 0.49114583333333334 0.5158333333333334 0.07604166666666666 0.09833333333333334
4 0.46510416666666665 0.4091666666666667 0.011458333333333333 0.035
4 0.4984375 0.41000000000000003 0.015625 0.03333333333333333
4 0.5729166666666666 0.45 0.014583333333333334 0.030000000000000002
1 0.5989583333333334 0.4891666666666667 0.029166666666666667 0.07166666666666667
4 0.5932291666666667 0.45 0.013541666666666667 0.030000000000000002
10 0.6614583333333334 0.48750000000000004 0.10833333333333334 0.13833333333333334
1 0.6713541666666667 0.4916666666666667 0.12395833333333334 0.14
2 0.7421875 0.4991666666666667 0.02395833333333333 0.09166666666666667