1 0.091796875 0.5419921875 0.09765625 0.09375
1 0.091796875 0.54296875 0.0927734375 0.0732421875
1 0.2177734375 0.529296875 0.0810546875 0.0849609375
1 0.21484375 0.5283203125 0.0732421875 0.0830078125
2 0.3154296875 0.5634765625 0.0185546875 0.080078125
2 0.3173828125 0.548828125 0.015625 0.0478515625
2 0.330078125 0.537109375 0.021484375 0.091796875
2 0.330078125 0.54296875 0.01953125 0.1015625
2 0.349609375 0.541015625 0.021484375 0.0849609375
2 0.3896484375 0.544921875 0.021484375 0.080078125
2 0.3955078125 0.5361328125 0.01953125 0.078125
2 0.4091796875 0.548828125 0.025390625 0.08203125