10 0.0888671875 0.3828125 0.1767578125 0.3212890625
1 0.0283203125 0.515625 0.056640625 0.2421875
1 0.234375 0.48046875 0.1396484375 0.1982421875
1 0.326171875 0.4931640625 0.0537109375 0.0830078125
6 0.3388671875 0.3681640625 0.0185546875 0.033203125
6 0.3427734375 0.3662109375 0.013671875 0.03515625
1 0.3603515625 0.5009765625 0.021484375 0.044921875
1 0.3994140625 0.498046875 0.0888671875 0.1064453125
6 0.3818359375 0.3681640625 0.0146484375 0.0263671875
6 0.3857421875 0.3671875 0.0126953125 0.0283203125
6 0.4443359375 0.361328125 0.015625 0.037109375
6 0.4443359375 0.3662109375 0.0146484375 0.0302734375
1 0.521484375 0.50390625 0.08984375 0.115234375
6 0.490234375 0.36328125 0.0185546875 0.037109375
6 0.490234375 0.36328125 0.0146484375 0.0263671875
1 0.5869140625 0.4833984375 0.0849609375 0.06640625
1 0.587890625 0.4833984375 0.0771484375 0.0634765625
6 0.5830078125 0.4052734375 0.0126953125 0.0263671875
1 0.6474609375 0.47265625 0.0595703125 0.0615234375
1 0.708984375 0.470703125 0.0400390625 0.0546875
1 0.716796875 0.4716796875 0.0537109375 0.0400390625
6 0.7939453125 0.3232421875 0.0224609375 0.037109375