1 0.08880208333333334 0.5370833333333334 0.06822916666666666 0.06916666666666667
1 0.20885416666666667 0.5566666666666668 0.16354166666666667 0.16
7 0.26458333333333334 0.4841666666666667 0.016666666666666666 0.04166666666666667
6 0.2661458333333333 0.4741666666666667 0.013541666666666667 0.04166666666666667
1 0.3255208333333333 0.5016666666666667 0.03229166666666666 0.043333333333333335
1 0.36354166666666665 0.5208333333333334 0.06458333333333333 0.06833333333333334
6 0.3833333333333333 0.44333333333333336 0.014583333333333334 0.030000000000000002
7 0.3859375 0.44833333333333336 0.017708333333333333 0.04
4 0.39010416666666664 0.4166666666666667 0.015625 0.03666666666666667
4 0.390625 0.41500000000000004 0.014583333333333334 0.03333333333333333
1 0.4145833333333333 0.5075000000000001 0.035416666666666666 0.04833333333333334
1 0.48020833333333335 0.5016666666666667 0.035416666666666666 0.05
4 0.4708333333333333 0.39333333333333337 0.014583333333333334 0.03666666666666667
4 0.5447916666666667 0.4266666666666667 0.01875 0.05333333333333334
4 0.5421875 0.44333333333333336 0.011458333333333333 0.03333333333333333