1 0.025 0.5433333333333333 0.05 0.05666666666666667
1 0.15 0.5591666666666667 0.13958333333333334 0.155
1 0.22291666666666665 0.5408333333333334 0.03125 0.04833333333333334
1 0.25 0.5275000000000001 0.04375 0.055
1 0.40208333333333335 0.5433333333333333 0.0625 0.09000000000000001
1 0.4953125 0.5366666666666667 0.059375 0.11666666666666667
1 0.5583333333333333 0.5508333333333334 0.10625 0.14166666666666666
1 0.7182291666666667 0.5900000000000001 0.24479166666666666 0.28
1 0.8364583333333333 0.5375000000000001 0.07291666666666667 0.16166666666666668
4 0.8380208333333333 0.12333333333333334 0.03229166666666666 0.1
4 0.8375 0.14583333333333334 0.03125 0.07500000000000001