10 0.0615234375 0.5224609375 0.123046875 0.072265625
2 0.0634765625 0.556640625 0.02734375 0.0771484375
2 0.0615234375 0.5517578125 0.021484375 0.0830078125
1 0.3232421875 0.544921875 0.1376953125 0.080078125
6 0.3525390625 0.1826171875 0.03515625 0.0849609375
6 0.603515625 0.349609375 0.0283203125 0.087890625
6 0.60546875 0.3486328125 0.017578125 0.0732421875
2 0.6806640625 0.53125 0.0341796875 0.134765625
2 0.7314453125 0.5341796875 0.0185546875 0.1484375
2 0.7646484375 0.5380859375 0.037109375 0.150390625
2 0.8212890625 0.5400390625 0.0341796875 0.1767578125
2 0.830078125 0.5341796875 0.04296875 0.16796875
2 0.9091796875 0.52734375 0.0625 0.2119140625