1 0.058854166666666666 0.54 0.053125 0.060000000000000005
1 0.06354166666666666 0.5366666666666667 0.04791666666666666 0.05666666666666667
1 0.0875 0.49083333333333334 0.03333333333333333 0.03166666666666667
1 0.09583333333333333 0.525 0.0375 0.060000000000000005
1 0.10052083333333334 0.5241666666666667 0.042708333333333334 0.055
1 0.14166666666666666 0.53 0.06875 0.06666666666666667
1 0.14375 0.5308333333333334 0.07083333333333333 0.07166666666666667
10 0.23020833333333332 0.5091666666666667 0.07291666666666667 0.09833333333333334
1 0.23333333333333334 0.5133333333333334 0.07083333333333333 0.1
5 0.3026041666666667 0.4166666666666667 0.019791666666666666 0.05333333333333334
7 0.3026041666666667 0.4266666666666667 0.019791666666666666 0.05666666666666667
1 0.34739583333333335 0.48250000000000004 0.019791666666666666 0.04833333333333334
1 0.3723958333333333 0.5025000000000001 0.053125 0.085
1 0.38125 0.4691666666666667 0.027083333333333334 0.021666666666666667
1 0.409375 0.49250000000000005 0.03333333333333333 0.04833333333333334
1 0.4166666666666667 0.4675 0.022916666666666665 0.028333333333333335
1 0.4692708333333333 0.5191666666666667 0.071875 0.10500000000000001
1 0.5 0.48333333333333334 0.020833333333333332 0.03333333333333333
1 0.5369791666666667 0.49000000000000005 0.05520833333333333 0.05
1 0.5322916666666666 0.48750000000000004 0.04375 0.045000000000000005
4 0.5739583333333333 0.2725 0.01875 0.06833333333333334
4 0.5734375 0.2725 0.017708333333333333 0.06166666666666667
1 0.5911458333333334 0.5 0.04895833333333333 0.05333333333333334
1 0.6598958333333333 0.5125000000000001 0.071875 0.06166666666666667
4 0.7348958333333333 0.3983333333333334 0.015625 0.043333333333333335
2 0.7421875 0.5083333333333334 0.017708333333333333 0.06666666666666667
1 0.9255208333333333 0.5233333333333333 0.14479166666666665 0.08333333333333334