1 0.0419921875 0.5732421875 0.083984375 0.072265625
1 0.205078125 0.55078125 0.0732421875 0.0478515625
1 0.2021484375 0.5458984375 0.064453125 0.0615234375
1 0.2802734375 0.533203125 0.025390625 0.0400390625
1 0.349609375 0.533203125 0.046875 0.037109375
7 0.3408203125 0.4208984375 0.0126953125 0.03125
1 0.3896484375 0.5400390625 0.0458984375 0.0498046875
6 0.3974609375 0.4189453125 0.0146484375 0.0380859375
1 0.451171875 0.533203125 0.046875 0.0595703125
6 0.4462890625 0.4345703125 0.013671875 0.0302734375
1 0.4873046875 0.54296875 0.060546875 0.078125
3 0.5068359375 0.4755859375 0.013671875 0.03515625
1 0.52734375 0.525390625 0.052734375 0.08984375
1 0.529296875 0.5283203125 0.0498046875 0.080078125
6 0.626953125 0.4541015625 0.0205078125 0.0517578125
6 0.62890625 0.4482421875 0.01953125 0.0498046875
1 0.6865234375 0.5537109375 0.11328125 0.1083984375