0 0.9315104166666667 0.4966666666666667 0.04114583333333333 0.08
1 0.09583333333333333 0.45833333333333337 0.05 0.05666666666666667
1 0.1046875 0.4591666666666667 0.051041666666666666 0.035
1 0.12916666666666665 0.4566666666666667 0.014583333333333334 0.060000000000000005
1 0.15 0.4541666666666667 0.027083333333333334 0.03166666666666667
1 0.15520833333333334 0.4541666666666667 0.029166666666666667 0.028333333333333335
1 0.1890625 0.46 0.040625 0.05
1 0.19322916666666667 0.4591666666666667 0.042708333333333334 0.035
1 0.24947916666666667 0.45583333333333337 0.046875 0.04833333333333334
1 0.24791666666666667 0.46 0.041666666666666664 0.05333333333333334
1 0.2875 0.4541666666666667 0.029166666666666667 0.03833333333333334
1 0.2911458333333333 0.4575 0.02395833333333333 0.045000000000000005
6 0.43385416666666665 0.3408333333333334 0.019791666666666666 0.04833333333333334
7 0.43906249999999997 0.33916666666666667 0.019791666666666666 0.045000000000000005
1 0.5067708333333333 0.4791666666666667 0.065625 0.07833333333333334
6 0.5083333333333333 0.33 0.025 0.03333333333333333
6 0.5098958333333333 0.3358333333333334 0.013541666666666667 0.03833333333333334
1 0.6119791666666666 0.4766666666666667 0.08020833333333333 0.09333333333333334
6 0.5848958333333333 0.3491666666666667 0.019791666666666666 0.03833333333333334
6 0.5901041666666667 0.35333333333333333 0.015625 0.03333333333333333
1 0.6864583333333333 0.45583333333333337 0.0375 0.025
6 0.7291666666666666 0.35750000000000004 0.016666666666666666 0.03166666666666667
6 0.7286458333333333 0.36750000000000005 0.013541666666666667 0.055