1 0.18854166666666666 0.5108333333333334 0.12291666666666666 0.125
1 0.2630208333333333 0.4891666666666667 0.040625 0.10500000000000001
4 0.3609375 0.43333333333333335 0.013541666666666667 0.03666666666666667
1 0.4010416666666667 0.48000000000000004 0.025 0.04666666666666667
1 0.49374999999999997 0.4808333333333334 0.04791666666666666 0.08833333333333333
4 0.5052083333333334 0.37000000000000005 0.020833333333333332 0.043333333333333335
1 0.5661458333333333 0.47750000000000004 0.03854166666666667 0.07833333333333334
4 0.5614583333333333 0.4266666666666667 0.01875 0.030000000000000002
4 0.5671875 0.42083333333333334 0.017708333333333333 0.04833333333333334
1 0.5958333333333333 0.49833333333333335 0.04583333333333333 0.08666666666666667
1 0.6635416666666667 0.515 0.12291666666666666 0.13333333333333333