1 0.03046875 0.5116666666666667 0.059895833333333336 0.065
1 0.14583333333333334 0.5116666666666667 0.05416666666666667 0.04
1 0.21458333333333332 0.5008333333333334 0.04375 0.04833333333333334
1 0.21458333333333332 0.5058333333333334 0.029166666666666667 0.04833333333333334
1 0.25885416666666666 0.5 0.034375 0.03666666666666667
1 0.2604166666666667 0.5008333333333334 0.035416666666666666 0.045000000000000005
1 0.28125 0.48833333333333334 0.025 0.04666666666666667
1 0.44166666666666665 0.49333333333333335 0.05 0.06333333333333334
1 0.5171875 0.4966666666666667 0.053125 0.07
1 0.7708333333333334 0.48750000000000004 0.022916666666666665 0.05166666666666667
1 0.8177083333333334 0.48333333333333334 0.08125 0.05333333333333334
1 0.8145833333333333 0.48500000000000004 0.07083333333333333 0.07666666666666667