1 0.1390625 0.5216666666666667 0.02395833333333333 0.04
1 0.203125 0.5258333333333334 0.11041666666666666 0.085
1 0.20260416666666667 0.53 0.09479166666666666 0.06333333333333334
1 0.2630208333333333 0.5166666666666667 0.030208333333333334 0.05
1 0.26875 0.5208333333333334 0.027083333333333334 0.045000000000000005
7 0.3208333333333333 0.3541666666666667 0.016666666666666666 0.05166666666666667
7 0.3203125 0.36000000000000004 0.015625 0.05
1 0.359375 0.5366666666666667 0.075 0.09666666666666668
1 0.36041666666666666 0.5408333333333334 0.07083333333333333 0.09166666666666667
1 0.42291666666666666 0.5175000000000001 0.075 0.07166666666666667
1 0.4203125 0.5216666666666667 0.06770833333333333 0.05666666666666667
6 0.4 0.36250000000000004 0.016666666666666666 0.03833333333333334
6 0.4015625 0.3616666666666667 0.015625 0.043333333333333335
1 0.46979166666666666 0.515 0.052083333333333336 0.09333333333333334
1 0.4786458333333333 0.5191666666666667 0.059375 0.10500000000000001
6 0.46770833333333334 0.38333333333333336 0.014583333333333334 0.043333333333333335
6 0.46822916666666664 0.385 0.013541666666666667 0.04666666666666667
1 0.5270833333333333 0.5375000000000001 0.10833333333333334 0.12833333333333335
6 0.5520833333333334 0.44833333333333336 0.020833333333333332 0.05666666666666667
3 0.5505208333333333 0.43250000000000005 0.013541666666666667 0.035
1 0.6276041666666666 0.5208333333333334 0.10520833333333333 0.13166666666666668
1 0.6348958333333333 0.49833333333333335 0.11770833333333333 0.15666666666666668
1 0.7572916666666667 0.5525 0.16875 0.15166666666666667
6 0.8041666666666667 0.3766666666666667 0.025 0.08
6 0.8046875 0.37583333333333335 0.02395833333333333 0.065