2 0.06302083333333333 0.4916666666666667 0.042708333333333334 0.10333333333333335
2 0.05677083333333333 0.52 0.028125 0.07666666666666667
2 0.06822916666666666 0.48500000000000004 0.017708333333333333 0.07
6 0.20364583333333333 0.3458333333333334 0.02395833333333333 0.065
6 0.20520833333333333 0.3491666666666667 0.025 0.07500000000000001
2 0.303125 0.48333333333333334 0.03958333333333333 0.11333333333333334
2 0.3807291666666667 0.4783333333333334 0.011458333333333333 0.05333333333333334
2 0.3890625 0.49083333333333334 0.011458333333333333 0.058333333333333334
2 0.5265625 0.48250000000000004 0.021875 0.058333333333333334
1 0.5390625 0.48333333333333334 0.017708333333333333 0.05666666666666667
1 0.5640625 0.4891666666666667 0.036458333333333336 0.06166666666666667
1 0.5640625 0.48500000000000004 0.036458333333333336 0.04666666666666667
6 0.5916666666666667 0.3241666666666667 0.016666666666666666 0.06833333333333334
2 0.7177083333333333 0.4758333333333334 0.020833333333333332 0.08166666666666667
2 0.7192708333333333 0.4733333333333334 0.021875 0.09000000000000001
1 0.9848958333333333 0.4666666666666667 0.026041666666666668 0.14333333333333334