1 0.049479166666666664 0.5675 0.09895833333333333 0.10166666666666667
1 0.08333333333333333 0.5650000000000001 0.035416666666666666 0.08
1 0.1109375 0.5475 0.08854166666666667 0.07833333333333334
1 0.1796875 0.5458333333333334 0.08854166666666667 0.055
1 0.2296875 0.54 0.06145833333333333 0.05333333333333334
1 0.3359375 0.5308333333333334 0.034375 0.06833333333333334
1 0.40625 0.5491666666666667 0.09166666666666666 0.11833333333333335
4 0.465625 0.4591666666666667 0.010416666666666666 0.03166666666666667
1 0.5614583333333333 0.5166666666666667 0.10208333333333333 0.08
1 0.5635416666666666 0.5233333333333333 0.10208333333333333 0.08333333333333334
1 0.6020833333333333 0.5433333333333333 0.14166666666666666 0.07333333333333333
2 0.7760416666666666 0.5091666666666667 0.035416666666666666 0.13833333333333334
2 0.8109375 0.5075000000000001 0.040625 0.14166666666666666
2 0.8083333333333333 0.5016666666666667 0.03125 0.12000000000000001
2 0.8359375 0.5058333333333334 0.02395833333333333 0.13166666666666668
2 0.8416666666666667 0.5075000000000001 0.03125 0.135
2 0.8520833333333333 0.49000000000000005 0.022916666666666665 0.13333333333333333