6 0.333984375 0.4853515625 0.01171875 0.037109375
1 0.3759765625 0.521484375 0.0849609375 0.126953125
1 0.4228515625 0.5234375 0.0205078125 0.0869140625
1 0.4501953125 0.513671875 0.041015625 0.046875
1 0.4873046875 0.509765625 0.0361328125 0.0400390625
1 0.4892578125 0.5087890625 0.0244140625 0.03515625
4 0.51171875 0.396484375 0.013671875 0.04296875
4 0.51171875 0.40234375 0.01171875 0.03515625
1 0.54296875 0.5068359375 0.0537109375 0.0732421875
4 0.583984375 0.46875 0.01171875 0.033203125
4 0.6962890625 0.4228515625 0.0146484375 0.03125
4 0.6962890625 0.4345703125 0.01171875 0.03125
1 0.7841796875 0.498046875 0.0791015625 0.0634765625
1 0.783203125 0.49609375 0.068359375 0.0419921875
1 0.8466796875 0.5029296875 0.0341796875 0.03125