1 0.10885416666666667 0.42500000000000004 0.21770833333333334 0.76
10 0.10052083333333334 0.4341666666666667 0.20104166666666667 0.7316666666666667
1 0.3859375 0.5541666666666667 0.18020833333333333 0.24500000000000002
1 0.46875 0.5191666666666667 0.029166666666666667 0.055
1 0.5505208333333333 0.545 0.09270833333333334 0.14
1 0.5390625 0.5441666666666667 0.051041666666666666 0.12166666666666667
4 0.5354166666666667 0.43750000000000006 0.01875 0.04166666666666667
1 0.5765625 0.5716666666666667 0.071875 0.14666666666666667
1 0.5932291666666667 0.5666666666666667 0.09895833333333333 0.15333333333333335
1 0.6838541666666667 0.5900000000000001 0.18229166666666666 0.2733333333333334
1 0.8348958333333333 0.6775 0.3260416666666667 0.5783333333333334
2 0.7609375 0.4441666666666667 0.040625 0.04833333333333334
2 0.7625 0.44583333333333336 0.01875 0.045000000000000005