1 0.1201171875 0.5224609375 0.0771484375 0.068359375
1 0.1669921875 0.5185546875 0.044921875 0.0595703125
1 0.1708984375 0.51953125 0.0302734375 0.0537109375
1 0.2060546875 0.5126953125 0.0322265625 0.05859375
1 0.2392578125 0.505859375 0.03125 0.05859375
1 0.2998046875 0.50390625 0.033203125 0.0380859375
3 0.5126953125 0.42578125 0.0166015625 0.0380859375
6 0.5302734375 0.453125 0.0146484375 0.037109375
8 0.5302734375 0.4560546875 0.0126953125 0.021484375
6 0.5556640625 0.4384765625 0.0146484375 0.04296875
8 0.556640625 0.4423828125 0.017578125 0.0283203125
1 0.576171875 0.5 0.0283203125 0.0595703125
1 0.623046875 0.5078125 0.0576171875 0.068359375