1 0.0439453125 0.619140625 0.0869140625 0.162109375
1 0.1767578125 0.5947265625 0.111328125 0.11328125
1 0.18359375 0.587890625 0.1005859375 0.1064453125
1 0.240234375 0.57421875 0.0419921875 0.0986328125
1 0.2470703125 0.576171875 0.03125 0.0751953125
1 0.271484375 0.568359375 0.02734375 0.0703125
1 0.2978515625 0.5595703125 0.029296875 0.05859375
1 0.3818359375 0.58203125 0.09375 0.115234375
1 0.4931640625 0.5517578125 0.025390625 0.080078125
1 0.529296875 0.5673828125 0.0693359375 0.125
1 0.5283203125 0.5615234375 0.0673828125 0.1064453125
3 0.5595703125 0.279296875 0.0361328125 0.125
2 0.646484375 0.56640625 0.037109375 0.09375
2 0.662109375 0.5400390625 0.0419921875 0.1064453125
2 0.6591796875 0.5263671875 0.0185546875 0.0703125
2 0.697265625 0.5439453125 0.0146484375 0.0751953125
2 0.8466796875 0.537109375 0.03515625 0.2001953125