7 0.040625 0.44 0.025 0.060000000000000005
0 0.0375 0.545 0.016666666666666666 0.06666666666666667
0 0.06510416666666667 0.54 0.013541666666666667 0.06666666666666667
10 0.16510416666666666 0.5266666666666667 0.08229166666666667 0.08333333333333334
1 0.23489583333333333 0.5375000000000001 0.057291666666666664 0.04833333333333334
10 0.23541666666666666 0.5133333333333334 0.05625 0.05666666666666667
10 0.31979166666666664 0.4866666666666667 0.1 0.14666666666666667
1 0.38177083333333334 0.5241666666666667 0.03229166666666666 0.035
1 0.41354166666666664 0.5158333333333334 0.035416666666666666 0.035
7 0.4432291666666667 0.32666666666666666 0.019791666666666666 0.060000000000000005
6 0.5182291666666666 0.3275 0.02395833333333333 0.065
6 0.6552083333333333 0.4133333333333334 0.022916666666666665 0.06666666666666667