1 0.951171875 0.7197265625 0.09375 0.333984375
10 0.228515625 0.46875 0.181640625 0.240234375
10 0.2275390625 0.470703125 0.1767578125 0.2685546875
1 0.3251953125 0.529296875 0.03515625 0.0517578125
1 0.3466796875 0.525390625 0.0224609375 0.04296875
1 0.369140625 0.521484375 0.021484375 0.0302734375
1 0.49609375 0.533203125 0.0166015625 0.0400390625
1 0.505859375 0.533203125 0.0166015625 0.046875
1 0.5302734375 0.5341796875 0.0478515625 0.1015625
1 0.564453125 0.5439453125 0.072265625 0.091796875
1 0.5673828125 0.5400390625 0.072265625 0.0869140625
1 0.66015625 0.56640625 0.1416015625 0.13671875
1 0.66796875 0.5712890625 0.1513671875 0.1484375