1 0.86328125 0.5439453125 0.0751953125 0.0546875
2 0.8818359375 0.54296875 0.0126953125 0.052734375
1 0.09375 0.525390625 0.0595703125 0.0390625
3 0.037109375 0.2431640625 0.021484375 0.0771484375
1 0.2138671875 0.5478515625 0.1103515625 0.0849609375
1 0.2060546875 0.541015625 0.087890625 0.0712890625
1 0.22265625 0.5322265625 0.0263671875 0.0419921875
1 0.3369140625 0.6240234375 0.23046875 0.28125
3 0.24609375 0.3544921875 0.01953125 0.0546875
3 0.326171875 0.2919921875 0.0224609375 0.0595703125
3 0.3857421875 0.41796875 0.013671875 0.03515625
4 0.3876953125 0.421875 0.017578125 0.033203125
4 0.423828125 0.447265625 0.0166015625 0.03125
1 0.4501953125 0.525390625 0.025390625 0.0419921875
1 0.482421875 0.52734375 0.02734375 0.03125
1 0.515625 0.548828125 0.0732421875 0.0947265625
4 0.5126953125 0.4052734375 0.0126953125 0.033203125
4 0.5166015625 0.40625 0.017578125 0.044921875
1 0.6025390625 0.5654296875 0.1455078125 0.1845703125
1 0.548828125 0.533203125 0.0361328125 0.0634765625
1 0.638671875 0.5302734375 0.044921875 0.0771484375
4 0.650390625 0.474609375 0.0126953125 0.03125
1 0.7568359375 0.5634765625 0.1455078125 0.169921875
4 0.8486328125 0.404296875 0.015625 0.05859375
3 0.8623046875 0.3544921875 0.01953125 0.0419921875
3 0.9130859375 0.3388671875 0.0205078125 0.0615234375