1 0.0146484375 0.5166015625 0.0283203125 0.0986328125
1 0.0673828125 0.4951171875 0.0947265625 0.1103515625
1 0.2548828125 0.4912109375 0.056640625 0.05859375
1 0.2861328125 0.49609375 0.0146484375 0.0419921875
1 0.2978515625 0.48828125 0.009765625 0.046875
1 0.3193359375 0.48828125 0.0185546875 0.0400390625
7 0.466796875 0.4453125 0.0185546875 0.0400390625
3 0.517578125 0.4091796875 0.0166015625 0.0380859375
6 0.5400390625 0.443359375 0.0146484375 0.037109375
8 0.5419921875 0.443359375 0.015625 0.01953125
8 0.57421875 0.4287109375 0.017578125 0.0283203125
6 0.5751953125 0.4287109375 0.0146484375 0.04296875
1 0.6435546875 0.5087890625 0.076171875 0.09375
1 0.806640625 0.5537109375 0.201171875 0.18359375