1 0.0283203125 0.578125 0.056640625 0.15234375
1 0.025390625 0.5693359375 0.0478515625 0.1513671875
10 0.076171875 0.501953125 0.1083984375 0.0869140625
1 0.08984375 0.5771484375 0.13671875 0.1796875
1 0.28515625 0.591796875 0.326171875 0.4228515625
3 0.318359375 0.330078125 0.017578125 0.0498046875
6 0.4140625 0.3251953125 0.015625 0.04296875
6 0.4921875 0.326171875 0.015625 0.0478515625
1 0.5380859375 0.5234375 0.0654296875 0.0634765625
1 0.697265625 0.5654296875 0.16796875 0.1796875
2 0.62890625 0.5234375 0.0185546875 0.056640625
2 0.6298828125 0.513671875 0.0146484375 0.0400390625
6 0.6796875 0.4150390625 0.015625 0.04296875
6 0.9287109375 0.2509765625 0.0478515625 0.134765625
2 0.9609375 0.541015625 0.0302734375 0.1181640625