1 0.173828125 0.5087890625 0.09375 0.08984375
1 0.3291015625 0.49609375 0.0927734375 0.1220703125
2 0.3642578125 0.6259765625 0.15625 0.611328125
1 0.41015625 0.5029296875 0.0751953125 0.0830078125
1 0.466796875 0.4951171875 0.0556640625 0.0595703125
1 0.470703125 0.4990234375 0.0576171875 0.0546875
7 0.55859375 0.24609375 0.0244140625 0.0751953125
6 0.6787109375 0.2490234375 0.0263671875 0.078125
1 0.720703125 0.494140625 0.06640625 0.0986328125
1 0.7255859375 0.4970703125 0.0478515625 0.0703125
1 0.85546875 0.494140625 0.03125 0.044921875
6 0.9794921875 0.380859375 0.029296875 0.068359375