3 0.3265625 0.4475 0.015625 0.028333333333333335
1 0.3958333333333333 0.4783333333333334 0.025 0.03333333333333333
10 0.4192708333333333 0.4716666666666667 0.040625 0.06333333333333334
10 0.4192708333333333 0.4675 0.028125 0.058333333333333334
1 0.4473958333333333 0.49833333333333335 0.046875 0.05666666666666667
4 0.45468749999999997 0.3983333333333334 0.017708333333333333 0.03666666666666667
1 0.4953125 0.48250000000000004 0.03229166666666666 0.03833333333333334
4 0.5125 0.4 0.022916666666666665 0.03666666666666667
1 0.5536458333333333 0.4866666666666667 0.040625 0.043333333333333335
4 0.5515625 0.4425 0.015625 0.028333333333333335
4 0.5807291666666666 0.43500000000000005 0.017708333333333333 0.02666666666666667
4 0.58125 0.42500000000000004 0.010416666666666666 0.03666666666666667
1 0.7057291666666666 0.54 0.17395833333333333 0.2066666666666667