1 0.9294270833333333 0.60375 0.14010416666666667 0.4341666666666667
1 0.0234375 0.5783333333333334 0.04583333333333333 0.10333333333333335
1 0.03958333333333333 0.5725 0.03333333333333333 0.085
1 0.18489583333333334 0.5441666666666667 0.06145833333333333 0.06833333333333334
1 0.3026041666666667 0.5575 0.109375 0.14833333333333334
1 0.41770833333333335 0.5391666666666667 0.0625 0.09833333333333334
1 0.4359375 0.5558333333333334 0.015625 0.06833333333333334
1 0.5536458333333333 0.5508333333333334 0.109375 0.18833333333333335
1 0.6401041666666667 0.5525 0.103125 0.2316666666666667
1 0.6390625 0.5525 0.08854166666666667 0.23833333333333334
1 0.7734375 0.5583333333333333 0.23854166666666665 0.31