1 0.030208333333333334 0.5616666666666666 0.06041666666666667 0.05333333333333334
1 0.07708333333333334 0.5533333333333333 0.04375 0.04666666666666667
1 0.07864583333333333 0.5541666666666667 0.03854166666666667 0.065
1 0.39375 0.5508333333333334 0.09583333333333333 0.135
1 0.5125 0.5391666666666667 0.04791666666666666 0.08833333333333333
1 0.5197916666666667 0.5383333333333333 0.06041666666666667 0.08666666666666667
1 0.5432291666666667 0.5675 0.040625 0.12166666666666667
1 0.5447916666666667 0.56 0.0375 0.09666666666666668
1 0.6140625 0.5408333333333334 0.11770833333333333 0.17500000000000002
1 0.5911458333333334 0.5475 0.059375 0.135
1 0.6651041666666666 0.5666666666666667 0.11562499999999999 0.17666666666666667
1 0.6442708333333333 0.5691666666666667 0.06354166666666666 0.14500000000000002
1 0.8291666666666666 0.5850000000000001 0.33541666666666664 0.2366666666666667
1 0.8296875 0.5950000000000001 0.315625 0.23
2 0.828125 0.4516666666666667 0.020833333333333332 0.05333333333333334