2 0.1015625 0.5016666666666667 0.02395833333333333 0.05
2 0.103125 0.5058333333333334 0.022916666666666665 0.05166666666666667
2 0.15625 0.5866666666666667 0.07708333333333334 0.2866666666666667
2 0.2171875 0.5683333333333334 0.05520833333333333 0.25
2 0.21614583333333334 0.5691666666666667 0.04479166666666667 0.24500000000000002
2 0.30364583333333334 0.5675 0.06979166666666667 0.29833333333333334
1 0.3958333333333333 0.55 0.16666666666666666 0.17333333333333334
2 0.3703125 0.5783333333333334 0.053125 0.23333333333333334
1 0.47552083333333334 0.5033333333333334 0.04479166666666667 0.06333333333333334
1 0.5557291666666666 0.49583333333333335 0.14479166666666665 0.095
1 0.6208333333333333 0.49083333333333334 0.1 0.07500000000000001
1 0.6625 0.4841666666666667 0.10416666666666667 0.07833333333333334
1 0.6864583333333333 0.49000000000000005 0.052083333333333336 0.07666666666666667