1 0.0849609375 0.51171875 0.169921875 0.287109375
10 0.0830078125 0.5087890625 0.166015625 0.263671875
1 0.18359375 0.5654296875 0.046875 0.1015625
1 0.185546875 0.564453125 0.048828125 0.1015625
1 0.263671875 0.5478515625 0.0732421875 0.080078125
1 0.3408203125 0.5361328125 0.064453125 0.087890625
1 0.4033203125 0.55078125 0.0849609375 0.1015625
1 0.4482421875 0.53125 0.0654296875 0.1279296875
10 0.4501953125 0.529296875 0.0595703125 0.0849609375
1 0.5107421875 0.5419921875 0.0341796875 0.0771484375
1 0.5576171875 0.5478515625 0.0908203125 0.1103515625
1 0.6220703125 0.537109375 0.0830078125 0.1787109375
1 0.794921875 0.5537109375 0.2998046875 0.3447265625