1 0.0609375 0.5441666666666667 0.12083333333333333 0.14666666666666667
1 0.15677083333333333 0.5158333333333334 0.12604166666666666 0.14500000000000002
1 0.1734375 0.515 0.109375 0.1366666666666667
1 0.24114583333333334 0.48500000000000004 0.028125 0.06666666666666667
1 0.27708333333333335 0.5083333333333334 0.07708333333333334 0.08333333333333334
1 0.28125 0.5008333333333334 0.0625 0.07166666666666667
1 0.3255208333333333 0.5008333333333334 0.028125 0.06166666666666667
1 0.35885416666666664 0.49000000000000005 0.042708333333333334 0.06333333333333334
1 0.5020833333333333 0.49750000000000005 0.05625 0.07833333333333334
1 0.7614583333333333 0.49333333333333335 0.1125 0.07
1 0.7723958333333333 0.48333333333333334 0.09270833333333334 0.05
1 0.871875 0.48833333333333334 0.11875 0.06666666666666667