1 0.059895833333333336 0.52 0.08020833333333333 0.06666666666666667
1 0.0640625 0.5191666666666667 0.065625 0.04833333333333334
1 0.0953125 0.47750000000000004 0.08020833333333333 0.035
10 0.10104166666666667 0.49083333333333334 0.07291666666666667 0.07500000000000001
1 0.10625 0.4991666666666667 0.0625 0.03166666666666667
1 0.11302083333333333 0.5041666666666667 0.06354166666666666 0.05166666666666667
1 0.2953125 0.5041666666666667 0.15104166666666666 0.19833333333333333
1 0.43333333333333335 0.4891666666666667 0.04583333333333333 0.05166666666666667
1 0.4869791666666667 0.48583333333333334 0.02395833333333333 0.03166666666666667
1 0.4895833333333333 0.4866666666666667 0.029166666666666667 0.030000000000000002
1 0.5875 0.5 0.06458333333333333 0.07666666666666667