1 0.1162109375 0.5390625 0.166015625 0.0986328125
1 0.330078125 0.65234375 0.330078125 0.4248046875
7 0.2802734375 0.2783203125 0.0224609375 0.06640625
6 0.390625 0.287109375 0.0224609375 0.0732421875
1 0.529296875 0.53515625 0.1298828125 0.0830078125
0 0.509765625 0.5302734375 0.033203125 0.0732421875
2 0.5244140625 0.5078125 0.013671875 0.0478515625
2 0.53515625 0.5029296875 0.0126953125 0.0380859375
6 0.5634765625 0.412109375 0.025390625 0.06640625
2 0.6103515625 0.5224609375 0.0224609375 0.0849609375
2 0.6279296875 0.52734375 0.0205078125 0.078125
0 0.6630859375 0.525390625 0.021484375 0.0830078125
2 0.671875 0.51953125 0.0166015625 0.0634765625
2 0.6865234375 0.525390625 0.0185546875 0.0849609375
2 0.70703125 0.525390625 0.01953125 0.078125
2 0.7080078125 0.5263671875 0.01953125 0.0732421875