2 0.017578125 0.5458984375 0.033203125 0.1318359375
2 0.0107421875 0.5546875 0.01953125 0.1337890625
1 0.0654296875 0.5380859375 0.115234375 0.126953125
1 0.13671875 0.52734375 0.01953125 0.0419921875
2 0.1455078125 0.5263671875 0.017578125 0.0537109375
2 0.203125 0.556640625 0.0400390625 0.1337890625
1 0.3154296875 0.5283203125 0.0849609375 0.1103515625
6 0.416015625 0.33984375 0.0244140625 0.0830078125
2 0.62109375 0.521484375 0.029296875 0.150390625
2 0.6884765625 0.5126953125 0.03515625 0.134765625
2 0.7861328125 0.513671875 0.0341796875 0.150390625