1 0.021484375 0.51171875 0.0419921875 0.12890625
2 0.228515625 0.46875 0.013671875 0.0419921875
1 0.2861328125 0.474609375 0.0380859375 0.0546875
1 0.2880859375 0.474609375 0.029296875 0.046875
1 0.3330078125 0.46875 0.0185546875 0.033203125
1 0.388671875 0.474609375 0.0615234375 0.087890625
1 0.384765625 0.4765625 0.044921875 0.0634765625
1 0.4306640625 0.4658203125 0.0283203125 0.0380859375
2 0.666015625 0.482421875 0.0322265625 0.1318359375
2 0.6708984375 0.486328125 0.0361328125 0.1298828125
1 0.8701171875 0.4736328125 0.2314453125 0.1298828125