1 0.92578125 0.6162500000000001 0.14739583333333334 0.41583333333333333
1 0.1640625 0.5341666666666667 0.071875 0.05166666666666667
1 0.1640625 0.5341666666666667 0.06354166666666666 0.04833333333333334
1 0.41041666666666665 0.5366666666666667 0.08958333333333333 0.12666666666666668
1 0.45416666666666666 0.5316666666666667 0.022916666666666665 0.07
1 0.4583333333333333 0.5391666666666667 0.025 0.07500000000000001
1 0.5583333333333333 0.5491666666666667 0.06875 0.095
1 0.6135416666666667 0.5591666666666667 0.075 0.14166666666666666
1 0.603125 0.5533333333333333 0.052083333333333336 0.12000000000000001
1 0.7135416666666666 0.5625 0.17708333333333334 0.18500000000000003
1 0.7125 0.5725 0.17291666666666666 0.20833333333333334