10 0.0244140625 0.4833984375 0.048828125 0.2431640625
10 0.0986328125 0.4912109375 0.1083984375 0.203125
1 0.15625 0.5595703125 0.09375 0.111328125
10 0.2138671875 0.5048828125 0.109375 0.1396484375
1 0.2314453125 0.5068359375 0.0791015625 0.15625
1 0.333984375 0.599609375 0.2099609375 0.275390625
10 0.3994140625 0.5087890625 0.123046875 0.1953125
1 0.435546875 0.513671875 0.0654296875 0.236328125
1 0.498046875 0.521484375 0.03515625 0.080078125
1 0.5537109375 0.51953125 0.078125 0.1298828125
1 0.537109375 0.517578125 0.0380859375 0.1181640625
1 0.6162109375 0.5380859375 0.1337890625 0.15625
10 0.7138671875 0.4775390625 0.119140625 0.1884765625
1 0.7158203125 0.4755859375 0.087890625 0.1484375