1 0.2604166666666667 0.5283333333333333 0.04583333333333333 0.05666666666666667
1 0.3046875 0.5491666666666667 0.090625 0.09833333333333334
1 0.4192708333333333 0.5391666666666667 0.065625 0.095
4 0.4 0.40750000000000003 0.010416666666666666 0.03166666666666667
4 0.4010416666666667 0.4091666666666667 0.010416666666666666 0.025
4 0.4484375 0.4133333333333334 0.009375 0.023333333333333334
4 0.44895833333333335 0.41833333333333333 0.010416666666666666 0.02666666666666667
4 0.49895833333333334 0.4683333333333334 0.0125 0.030000000000000002
4 0.5109375 0.4525 0.009375 0.035
4 0.5140625 0.45333333333333337 0.009375 0.03333333333333333
2 0.53125 0.5283333333333333 0.0125 0.06333333333333334
2 0.53125 0.5275000000000001 0.010416666666666666 0.065
2 0.5401041666666666 0.5266666666666667 0.013541666666666667 0.07
2 0.5401041666666666 0.5316666666666667 0.011458333333333333 0.06333333333333334
2 0.553125 0.525 0.016666666666666666 0.07
2 0.5552083333333333 0.525 0.0125 0.06666666666666667
2 0.5677083333333334 0.5233333333333333 0.0125 0.08666666666666667
2 0.5682291666666667 0.5216666666666667 0.011458333333333333 0.06666666666666667