1 0.050520833333333334 0.5962500000000001 0.1 0.28583333333333333
1 0.8744791666666667 0.65125 0.25 0.6875
1 0.16822916666666665 0.5741666666666667 0.13854166666666667 0.155
1 0.4005208333333333 0.5425 0.09479166666666666 0.10833333333333334
1 0.4578125 0.5158333333333334 0.036458333333333336 0.04833333333333334
2 0.6802083333333333 0.4808333333333334 0.020833333333333332 0.06833333333333334
2 0.6911458333333333 0.5308333333333334 0.017708333333333333 0.07833333333333334
2 0.7151041666666667 0.5383333333333333 0.02395833333333333 0.07
2 0.7161458333333334 0.5433333333333333 0.026041666666666668 0.07333333333333333
2 0.7244791666666667 0.48500000000000004 0.028125 0.06666666666666667
2 0.7442708333333333 0.5316666666666667 0.03854166666666667 0.10333333333333335