3 0.08229166666666667 0.07833333333333334 0.16458333333333333 0.15666666666666668
1 0.08333333333333333 0.5175000000000001 0.05416666666666667 0.045000000000000005
1 0.0875 0.5216666666666667 0.0375 0.05333333333333334
1 0.09375 0.4991666666666667 0.041666666666666664 0.03166666666666667
1 0.17083333333333334 0.5033333333333334 0.10208333333333333 0.06333333333333334
1 0.22343749999999998 0.5133333333333334 0.057291666666666664 0.07333333333333333
1 0.2713541666666667 0.5208333333333334 0.10104166666666667 0.085
1 0.34322916666666664 0.5191666666666667 0.071875 0.07500000000000001
1 0.40781249999999997 0.4941666666666667 0.028125 0.035
1 0.4125 0.5 0.035416666666666666 0.04
1 0.434375 0.5008333333333334 0.025 0.04833333333333334
1 0.4734375 0.49583333333333335 0.03229166666666666 0.04166666666666667
1 0.5385416666666667 0.48833333333333334 0.016666666666666666 0.04
1 0.5578125 0.49250000000000005 0.028125 0.04833333333333334
3 0.5682291666666667 0.36083333333333334 0.02395833333333333 0.06166666666666667
3 0.653125 0.35750000000000004 0.016666666666666666 0.045000000000000005
4 0.7265625 0.4191666666666667 0.017708333333333333 0.05166666666666667
6 0.8010416666666667 0.07666666666666667 0.05 0.11666666666666667
3 0.8 0.07583333333333334 0.027083333333333334 0.095
1 0.8296875 0.49083333333333334 0.08645833333333333 0.04166666666666667
1 0.8401041666666667 0.49000000000000005 0.08229166666666667 0.060000000000000005
1 0.9041666666666667 0.48500000000000004 0.08125 0.05333333333333334
1 0.903125 0.48500000000000004 0.07083333333333333 0.05666666666666667
2 0.9625 0.5 0.022916666666666665 0.1