2 0.48541666666666666 0.51375 0.00625 0.037500000000000006
2 0.4786458333333333 0.5154166666666667 0.007291666666666667 0.037500000000000006
7 0.06770833333333333 0.4816666666666667 0.014583333333333334 0.04666666666666667
1 0.1953125 0.5525 0.08020833333333333 0.085
7 0.296875 0.39 0.01875 0.05
1 0.3385416666666667 0.5275000000000001 0.0625 0.08166666666666667
4 0.3619791666666667 0.385 0.017708333333333333 0.043333333333333335
4 0.3645833333333333 0.3766666666666667 0.020833333333333332 0.05
1 0.4046875 0.52 0.028125 0.04
4 0.4666666666666667 0.45 0.022916666666666665 0.03666666666666667
4 0.4666666666666667 0.45083333333333336 0.0125 0.04166666666666667
1 0.6125 0.49000000000000005 0.052083333333333336 0.060000000000000005