2 0.4736328125 0.4931640625 0.0107421875 0.056640625
1 0.4873046875 0.501953125 0.0146484375 0.056640625
1 0.5126953125 0.4970703125 0.0361328125 0.0849609375
1 0.53125 0.501953125 0.0400390625 0.0732421875
2 0.8232421875 0.5 0.0302734375 0.1298828125
2 0.798828125 0.4970703125 0.0263671875 0.1279296875
1 0.1123046875 0.53125 0.1259765625 0.0966796875
1 0.2314453125 0.53125 0.115234375 0.1181640625
1 0.33984375 0.5078125 0.0498046875 0.0546875
2 0.392578125 0.6259765625 0.0673828125 0.4580078125
2 0.451171875 0.6162109375 0.1181640625 0.54296875
2 0.703125 0.4599609375 0.02734375 0.0537109375
2 0.7138671875 0.51953125 0.0439453125 0.0986328125
2 0.7353515625 0.5087890625 0.0458984375 0.16015625
2 0.7685546875 0.4990234375 0.03125 0.1484375
2 0.896484375 0.470703125 0.0400390625 0.1025390625
2 0.904296875 0.5244140625 0.0244140625 0.1240234375
2 0.935546875 0.509765625 0.05078125 0.16015625