2 0.4970703125 0.5244140625 0.0166015625 0.0703125
1 0.0908203125 0.578125 0.1533203125 0.150390625
1 0.2861328125 0.5390625 0.0625 0.087890625
1 0.28515625 0.533203125 0.056640625 0.080078125
4 0.2939453125 0.451171875 0.015625 0.0419921875
1 0.3798828125 0.5615234375 0.12109375 0.1533203125
1 0.4443359375 0.525390625 0.0419921875 0.0947265625
4 0.4833984375 0.4375 0.0166015625 0.0380859375
4 0.4833984375 0.44140625 0.017578125 0.04296875
1 0.572265625 0.53125 0.0869140625 0.1103515625
1 0.69921875 0.513671875 0.150390625 0.0830078125