1 0.1826171875 0.62109375 0.3642578125 0.611328125
7 0.3466796875 0.431640625 0.0185546875 0.06640625
1 0.4072265625 0.5888671875 0.107421875 0.2353515625
6 0.474609375 0.3544921875 0.015625 0.0478515625
1 0.5107421875 0.537109375 0.03125 0.0400390625
6 0.5244140625 0.4296875 0.017578125 0.0537109375
6 0.7060546875 0.318359375 0.0419921875 0.1201171875
2 0.7255859375 0.5166015625 0.015625 0.0537109375
2 0.7314453125 0.525390625 0.021484375 0.0771484375
1 0.9033203125 0.53125 0.1103515625 0.1103515625
1 0.869140625 0.5537109375 0.04296875 0.0703125
1 0.9404296875 0.5390625 0.1083984375 0.111328125
1 0.9267578125 0.55078125 0.0654296875 0.0849609375
1 0.974609375 0.53515625 0.0478515625 0.11328125