1 0.8974609375 0.720703125 0.2041015625 0.5009765625
2 0.0751953125 0.5595703125 0.021484375 0.11328125
2 0.09765625 0.5595703125 0.0205078125 0.099609375
2 0.197265625 0.5537109375 0.017578125 0.0712890625
1 0.2333984375 0.5654296875 0.0625 0.08984375
1 0.27734375 0.5537109375 0.0224609375 0.0732421875
1 0.296875 0.5537109375 0.0205078125 0.0546875
1 0.337890625 0.53125 0.060546875 0.037109375
1 0.431640625 0.537109375 0.078125 0.1162109375
1 0.4765625 0.53125 0.021484375 0.0478515625
1 0.5478515625 0.5419921875 0.072265625 0.080078125
1 0.64453125 0.58203125 0.1376953125 0.18359375
1 0.6240234375 0.576171875 0.0791015625 0.162109375
1 0.7783203125 0.6220703125 0.2568359375 0.2900390625