1 0.1767578125 0.5556640625 0.115234375 0.1015625
4 0.2431640625 0.4248046875 0.0166015625 0.0498046875
2 0.2529296875 0.53125 0.01953125 0.0712890625
1 0.3662109375 0.615234375 0.22265625 0.2666015625
1 0.2978515625 0.525390625 0.041015625 0.06640625
1 0.4560546875 0.54296875 0.1044921875 0.1767578125
1 0.5302734375 0.53125 0.0810546875 0.111328125
4 0.51953125 0.40625 0.0185546875 0.05859375
2 0.5693359375 0.53125 0.029296875 0.125
2 0.587890625 0.53125 0.015625 0.150390625
2 0.6015625 0.5263671875 0.0263671875 0.123046875
2 0.6552734375 0.49609375 0.0166015625 0.068359375
1 0.701171875 0.5166015625 0.109375 0.080078125
1 0.7021484375 0.517578125 0.1064453125 0.0986328125
2 0.7099609375 0.490234375 0.0146484375 0.0703125
2 0.716796875 0.4853515625 0.0205078125 0.0595703125
2 0.767578125 0.501953125 0.0439453125 0.0771484375
1 0.927734375 0.6240234375 0.1416015625 0.525390625