1 0.7255859375 0.4375 0.1064453125 0.1162109375
6 0.25 0.369140625 0.02734375 0.0283203125
6 0.2548828125 0.388671875 0.017578125 0.0634765625
1 0.322265625 0.4814453125 0.0302734375 0.04296875
1 0.34375 0.4833984375 0.03125 0.04296875
1 0.3486328125 0.4892578125 0.0263671875 0.0380859375
1 0.41796875 0.48046875 0.0400390625 0.037109375
1 0.4169921875 0.4833984375 0.037109375 0.037109375
6 0.435546875 0.2666015625 0.0185546875 0.0302734375
6 0.4384765625 0.283203125 0.0185546875 0.0595703125
1 0.4580078125 0.474609375 0.0400390625 0.0380859375
6 0.5634765625 0.3515625 0.0224609375 0.0234375
6 0.5654296875 0.3701171875 0.017578125 0.0595703125
6 0.6904296875 0.2197265625 0.046875 0.123046875
6 0.6845703125 0.1845703125 0.033203125 0.037109375