1 0.06614583333333333 0.5637500000000001 0.125 0.11416666666666668
1 0.134375 0.5441666666666667 0.035416666666666666 0.05166666666666667
1 0.14114583333333333 0.5383333333333333 0.034375 0.05333333333333334
1 0.3171875 0.5316666666666667 0.04479166666666667 0.04
1 0.31614583333333335 0.5316666666666667 0.03229166666666666 0.04
1 0.39791666666666664 0.52 0.0375 0.05666666666666667
1 0.4359375 0.5183333333333333 0.034375 0.05666666666666667
1 0.49166666666666664 0.52 0.04375 0.05333333333333334
1 0.5458333333333333 0.545 0.09375 0.11
1 0.6145833333333334 0.5133333333333334 0.06041666666666667 0.09333333333333334
10 0.6135416666666667 0.5116666666666667 0.052083333333333336 0.08
1 0.6947916666666667 0.5491666666666667 0.10833333333333334 0.10500000000000001
1 0.746875 0.5433333333333333 0.058333333333333334 0.07666666666666667