1 0.9130208333333333 0.6116666666666667 0.17291666666666666 0.505
1 0.04348958333333333 0.6112500000000001 0.0859375 0.28750000000000003
1 0.2265625 0.5133333333333334 0.10104166666666667 0.06666666666666667
1 0.2911458333333333 0.5 0.028125 0.05666666666666667
1 0.4171875 0.535 0.103125 0.14
2 0.5104166666666666 0.5108333333333334 0.016666666666666666 0.085
2 0.5140625 0.5141666666666667 0.015625 0.07833333333333334
2 0.5307291666666667 0.5158333333333334 0.019791666666666666 0.07833333333333334
2 0.5348958333333333 0.5066666666666667 0.015625 0.07333333333333333
2 0.5973958333333333 0.5075000000000001 0.021875 0.06833333333333334
2 0.615625 0.505 0.014583333333333334 0.09000000000000001
2 0.6359375 0.5033333333333334 0.011458333333333333 0.08666666666666667
2 0.6546875 0.5033333333333334 0.013541666666666667 0.08333333333333334
2 0.7885416666666667 0.5225000000000001 0.03958333333333333 0.095