2 0.3807291666666667 0.5104166666666667 0.013541666666666667 0.0625
0 0.18203125 0.51875 0.025520833333333333 0.0675
1 0.06770833333333333 0.5275000000000001 0.09375 0.055
1 0.0671875 0.5325000000000001 0.09270833333333334 0.05166666666666667
1 0.25104166666666666 0.5208333333333334 0.075 0.045000000000000005
1 0.2520833333333333 0.5225000000000001 0.07291666666666667 0.04166666666666667
1 0.31666666666666665 0.515 0.020833333333333332 0.03666666666666667
1 0.35 0.5166666666666667 0.04791666666666666 0.05333333333333334
7 0.3880208333333333 0.36000000000000004 0.011458333333333333 0.03333333333333333
1 0.4161458333333333 0.5183333333333333 0.053125 0.07333333333333333
6 0.4557291666666667 0.37583333333333335 0.013541666666666667 0.035
6 0.45468749999999997 0.3741666666666667 0.009375 0.028333333333333335
1 0.5390625 0.5166666666666667 0.065625 0.07666666666666667
10 0.5963541666666666 0.4716666666666667 0.17395833333333333 0.07333333333333333
6 0.5427083333333333 0.42583333333333334 0.010416666666666666 0.015000000000000001
6 0.54375 0.4316666666666667 0.010416666666666666 0.02
6 0.621875 0.38583333333333336 0.0125 0.035
6 0.6229166666666667 0.3875 0.0125 0.03833333333333334
2 0.6911458333333333 0.49333333333333335 0.017708333333333333 0.07
2 0.6927083333333334 0.49583333333333335 0.016666666666666666 0.07166666666666667