3 0.0712890625 0.0849609375 0.109375 0.15625
1 0.14453125 0.5263671875 0.1748046875 0.146484375
1 0.2568359375 0.517578125 0.0712890625 0.087890625
1 0.2626953125 0.51171875 0.0712890625 0.0732421875
1 0.3603515625 0.4990234375 0.037109375 0.0517578125
1 0.419921875 0.5068359375 0.052734375 0.0595703125
1 0.41796875 0.5 0.044921875 0.056640625
1 0.4609375 0.4912109375 0.04296875 0.0595703125
1 0.4833984375 0.4951171875 0.0244140625 0.0400390625
3 0.5703125 0.0283203125 0.0263671875 0.056640625
3 0.5654296875 0.3603515625 0.0126953125 0.0517578125
3 0.65234375 0.35546875 0.015625 0.0400390625
4 0.7255859375 0.41015625 0.015625 0.04296875
3 0.80078125 0.0732421875 0.025390625 0.08984375
2 0.8662109375 0.4765625 0.0244140625 0.0703125
2 0.8720703125 0.4814453125 0.021484375 0.0537109375
0 0.962890625 0.494140625 0.0263671875 0.0986328125
2 0.9873046875 0.4951171875 0.01171875 0.0830078125