1 0.1279296875 0.55859375 0.25390625 0.2998046875
2 0.0234375 0.525390625 0.021484375 0.068359375
1 0.2529296875 0.5361328125 0.04296875 0.1015625
1 0.302734375 0.53515625 0.0634765625 0.06640625
1 0.3466796875 0.521484375 0.044921875 0.0634765625
1 0.552734375 0.5537109375 0.203125 0.150390625
2 0.6552734375 0.546875 0.041015625 0.1904296875
1 0.7216796875 0.537109375 0.166015625 0.1484375
1 0.712890625 0.5478515625 0.140625 0.1728515625
1 0.8134765625 0.56640625 0.1748046875 0.2470703125
1 0.810546875 0.55859375 0.1552734375 0.212890625
1 0.9072265625 0.595703125 0.177734375 0.2978515625