1 0.6201171875 0.505859375 0.06640625 0.0439453125
1 0.1376953125 0.515625 0.08984375 0.0419921875
1 0.263671875 0.52734375 0.0771484375 0.1083984375
1 0.30859375 0.5107421875 0.046875 0.05859375
1 0.30859375 0.5068359375 0.04296875 0.0537109375
1 0.3837890625 0.5361328125 0.1416015625 0.1953125
6 0.423828125 0.4140625 0.0107421875 0.03515625
6 0.447265625 0.4375 0.013671875 0.03515625
0 0.5 0.5126953125 0.0166015625 0.078125
6 0.4990234375 0.43359375 0.0107421875 0.0302734375
6 0.5810546875 0.369140625 0.0185546875 0.0517578125
6 0.58203125 0.3701171875 0.0166015625 0.046875