2 0.71171875 0.48875 0.009895833333333333 0.0475
2 0.6984375 0.4879166666666667 0.008333333333333333 0.0425
2 0.69140625 0.48833333333333334 0.008854166666666666 0.04
2 0.6822916666666666 0.48875 0.00625 0.04083333333333333
2 0.19895833333333332 0.5075000000000001 0.014583333333333334 0.06166666666666667
1 0.63203125 0.5029166666666667 0.05260416666666667 0.060833333333333336
7 0.17395833333333333 0.42250000000000004 0.01875 0.055
7 0.1765625 0.42250000000000004 0.015625 0.045000000000000005
1 0.33125 0.5066666666666667 0.18958333333333333 0.12666666666666668
2 0.3109375 0.5316666666666667 0.08645833333333333 0.25333333333333335
2 0.3885416666666667 0.5316666666666667 0.06041666666666667 0.22333333333333336
10 0.40729166666666666 0.455 0.07083333333333333 0.12000000000000001
2 0.4359375 0.5241666666666667 0.057291666666666664 0.25833333333333336
2 0.4666666666666667 0.49500000000000005 0.016666666666666666 0.07666666666666667
2 0.4828125 0.4916666666666667 0.019791666666666666 0.07666666666666667
2 0.5052083333333334 0.4941666666666667 0.020833333333333332 0.06833333333333334
2 0.5171875 0.4941666666666667 0.017708333333333333 0.06833333333333334
7 0.5182291666666666 0.3175 0.017708333333333333 0.055
2 0.5296875 0.5008333333333334 0.019791666666666666 0.07833333333333334
6 0.5838541666666667 0.325 0.017708333333333333 0.05666666666666667
6 0.7057291666666666 0.4091666666666667 0.019791666666666666 0.06166666666666667
1 0.7890625 0.5041666666666667 0.11354166666666667 0.065
2 0.8171875 0.5516666666666667 0.10104166666666667 0.24666666666666667