1 0.08854166666666667 0.5291666666666667 0.17291666666666666 0.165
1 0.19479166666666667 0.5041666666666667 0.07708333333333334 0.095
1 0.38385416666666666 0.5083333333333334 0.084375 0.08333333333333334
1 0.4661458333333333 0.4941666666666667 0.034375 0.045000000000000005
3 0.5703125 0.029166666666666667 0.026041666666666668 0.05666666666666667
3 0.565625 0.36083333333333334 0.0125 0.05166666666666667
6 0.6526041666666667 0.35500000000000004 0.015625 0.04
6 0.7260416666666667 0.4083333333333334 0.014583333333333334 0.043333333333333335
6 0.8015625 0.07166666666666667 0.02395833333333333 0.09000000000000001
2 0.865625 0.48250000000000004 0.022916666666666665 0.055
0 0.9645833333333333 0.49250000000000005 0.03125 0.10166666666666667
2 0.9911458333333333 0.4816666666666667 0.011458333333333333 0.08333333333333334