1 0.026041666666666668 0.6658333333333334 0.052083333333333336 0.115
1 0.0265625 0.6633333333333333 0.053125 0.10333333333333335
1 0.06666666666666667 0.6566666666666667 0.04583333333333333 0.07
1 0.06822916666666666 0.6566666666666667 0.04479166666666667 0.08666666666666667
1 0.14375 0.6583333333333333 0.07916666666666666 0.07
1 0.19479166666666667 0.6533333333333333 0.04375 0.06666666666666667
1 0.19635416666666666 0.65 0.030208333333333334 0.06333333333333334
1 0.5291666666666667 0.6425000000000001 0.035416666666666666 0.05166666666666667
1 0.5307291666666667 0.6458333333333334 0.034375 0.055
1 0.5552083333333333 0.6483333333333334 0.022916666666666665 0.06666666666666667
1 0.5848958333333333 0.6583333333333333 0.059375 0.07
1 0.5895833333333333 0.6575000000000001 0.06458333333333333 0.085
1 0.6635416666666667 0.6725000000000001 0.1125 0.10500000000000001
1 0.7802083333333333 0.6791666666666667 0.10416666666666667 0.11166666666666668
1 0.8901041666666667 0.6825 0.11770833333333333 0.09833333333333334
1 0.975 0.6875 0.04791666666666666 0.08833333333333333