1 0.032552083333333336 0.5633333333333334 0.0640625 0.155
1 0.07760416666666667 0.5566666666666668 0.11145833333333333 0.11666666666666667
10 0.12395833333333334 0.505 0.09583333333333333 0.10333333333333335
10 0.121875 0.4966666666666667 0.08958333333333333 0.07666666666666667
1 0.21979166666666666 0.5558333333333334 0.12083333333333333 0.12166666666666667
1 0.36041666666666666 0.5516666666666667 0.16875 0.21333333333333335
3 0.3302083333333333 0.3466666666666667 0.014583333333333334 0.03666666666666667
6 0.4161458333333333 0.3416666666666667 0.013541666666666667 0.03666666666666667
6 0.48541666666666666 0.3433333333333334 0.0125 0.04
1 0.5776041666666667 0.5225000000000001 0.05520833333333333 0.09833333333333334
1 0.5828125 0.5191666666666667 0.06145833333333333 0.07166666666666667
1 0.6385416666666667 0.5516666666666667 0.11666666666666667 0.14
6 0.6494791666666666 0.42333333333333334 0.017708333333333333 0.04666666666666667
6 0.6520833333333333 0.4216666666666667 0.014583333333333334 0.030000000000000002
6 0.7963541666666667 0.31583333333333335 0.03229166666666666 0.10500000000000001
1 0.9041666666666667 0.545 0.1875 0.32