1 0.037109375 0.56640625 0.07421875 0.0859375
1 0.0166015625 0.572265625 0.0322265625 0.091796875
1 0.0595703125 0.5458984375 0.1044921875 0.0986328125
1 0.083984375 0.5537109375 0.0517578125 0.1015625
1 0.1240234375 0.5478515625 0.0693359375 0.080078125
1 0.1650390625 0.546875 0.04296875 0.06640625
1 0.18359375 0.5361328125 0.072265625 0.05859375
2 0.1689453125 0.53515625 0.0244140625 0.0830078125
1 0.2392578125 0.53125 0.05859375 0.0517578125
1 0.3291015625 0.55078125 0.1435546875 0.2314453125
1 0.4619140625 0.5126953125 0.0341796875 0.0419921875
1 0.62109375 0.5419921875 0.1044921875 0.1337890625
1 0.736328125 0.5595703125 0.2021484375 0.16796875