1 0.10104166666666667 0.5658333333333334 0.1875 0.17500000000000002
1 0.225 0.5441666666666667 0.05416666666666667 0.06166666666666667
1 0.2604166666666667 0.5366666666666667 0.029166666666666667 0.060000000000000005
1 0.30572916666666666 0.5366666666666667 0.04479166666666667 0.06333333333333334
1 0.375 0.54 0.04583333333333333 0.05666666666666667
5 0.4348958333333333 0.4566666666666667 0.011458333333333333 0.043333333333333335
1 0.47604166666666664 0.5241666666666667 0.020833333333333332 0.035
4 0.6484375 0.3066666666666667 0.019791666666666666 0.05
4 0.6484375 0.31083333333333335 0.011458333333333333 0.04166666666666667
1 0.678125 0.5341666666666667 0.07083333333333333 0.07833333333333334
4 0.7911458333333333 0.43000000000000005 0.009375 0.03333333333333333