1 0.9138020833333333 0.6608333333333334 0.17135416666666667 0.4066666666666667
1 0.035416666666666666 0.5816666666666667 0.06979166666666667 0.08333333333333334
1 0.178125 0.5541666666666667 0.03333333333333333 0.035
1 0.22552083333333334 0.5483333333333333 0.036458333333333336 0.04666666666666667
1 0.3078125 0.5716666666666667 0.13645833333333332 0.19
1 0.3989583333333333 0.5491666666666667 0.03333333333333333 0.06833333333333334
1 0.39947916666666666 0.5425 0.03229166666666666 0.058333333333333334
1 0.4296875 0.5408333333333334 0.06979166666666667 0.09166666666666667
1 0.434375 0.5366666666666667 0.04583333333333333 0.07666666666666667
1 0.4791666666666667 0.5566666666666668 0.05 0.1
1 0.5536458333333333 0.5691666666666667 0.15520833333333334 0.14833333333333334
1 0.6182291666666666 0.5733333333333334 0.09270833333333334 0.13
1 0.7390625 0.6183333333333334 0.3052083333333333 0.27