1 0.2080078125 0.609375 0.3701171875 0.4453125
1 0.3916015625 0.5693359375 0.130859375 0.171875
7 0.345703125 0.4208984375 0.0185546875 0.0546875
4 0.474609375 0.3662109375 0.0166015625 0.0546875
1 0.5107421875 0.544921875 0.041015625 0.0498046875
3 0.5263671875 0.4443359375 0.017578125 0.0517578125
3 0.7080078125 0.3193359375 0.037109375 0.115234375
2 0.7255859375 0.53515625 0.0166015625 0.0732421875
2 0.744140625 0.525390625 0.0205078125 0.06640625
1 0.8876953125 0.5556640625 0.080078125 0.0947265625
1 0.9267578125 0.5595703125 0.0712890625 0.0947265625
1 0.9775390625 0.5478515625 0.0419921875 0.11328125