1 0.9309895833333334 0.52375 0.13697916666666665 0.15583333333333335
1 0.06979166666666667 0.5750000000000001 0.13854166666666667 0.17666666666666667
1 0.15104166666666666 0.5541666666666667 0.09166666666666666 0.14500000000000002
1 0.1578125 0.5575 0.07604166666666666 0.11833333333333335
1 0.209375 0.5633333333333334 0.04375 0.09666666666666668
1 0.2421875 0.5458333333333334 0.065625 0.095
1 0.2973958333333333 0.5283333333333333 0.07604166666666666 0.07666666666666667
4 0.2760416666666667 0.4716666666666667 0.01875 0.043333333333333335
1 0.3598958333333333 0.5158333333333334 0.051041666666666666 0.06166666666666667
1 0.4088541666666667 0.5558333333333334 0.08229166666666667 0.115
10 0.47291666666666665 0.5283333333333333 0.06458333333333333 0.08333333333333334
1 0.47760416666666666 0.5241666666666667 0.06354166666666666 0.115
1 0.6328125 0.5083333333333334 0.08229166666666667 0.05333333333333334
1 0.7427083333333333 0.6083333333333334 0.28125 0.27666666666666667
1 0.74375 0.6141666666666667 0.27291666666666664 0.265
1 0.7661458333333333 0.4841666666666667 0.06979166666666667 0.055