1 0.138671875 0.521484375 0.0244140625 0.0400390625
1 0.203125 0.525390625 0.1103515625 0.0849609375
1 0.2021484375 0.5302734375 0.0947265625 0.0634765625
1 0.2626953125 0.5166015625 0.0302734375 0.0498046875
1 0.2685546875 0.5205078125 0.02734375 0.044921875
7 0.3212890625 0.3544921875 0.0166015625 0.0517578125
7 0.3203125 0.3603515625 0.015625 0.0498046875
1 0.359375 0.537109375 0.0751953125 0.0966796875
1 0.3603515625 0.541015625 0.0712890625 0.091796875
1 0.4228515625 0.517578125 0.0751953125 0.0712890625
1 0.419921875 0.521484375 0.0673828125 0.056640625
6 0.400390625 0.3623046875 0.0166015625 0.0380859375
6 0.4013671875 0.361328125 0.015625 0.04296875
1 0.4697265625 0.5146484375 0.0517578125 0.09375
1 0.478515625 0.51953125 0.0595703125 0.10546875
6 0.4677734375 0.3837890625 0.0146484375 0.04296875
6 0.4677734375 0.384765625 0.013671875 0.046875
1 0.52734375 0.537109375 0.1083984375 0.1279296875
6 0.5517578125 0.4482421875 0.0205078125 0.056640625
3 0.55078125 0.4326171875 0.013671875 0.03515625
1 0.6279296875 0.5205078125 0.10546875 0.1318359375
1 0.634765625 0.498046875 0.1181640625 0.15625
1 0.7568359375 0.552734375 0.1689453125 0.1513671875
6 0.8037109375 0.376953125 0.025390625 0.080078125
6 0.8046875 0.3759765625 0.0244140625 0.0654296875