1 0.041015625 0.5322265625 0.080078125 0.072265625
4 0.20703125 0.3720703125 0.0283203125 0.08984375
4 0.208984375 0.39453125 0.02734375 0.03515625
1 0.2822265625 0.484375 0.03125 0.03515625
1 0.4267578125 0.501953125 0.076171875 0.0869140625
4 0.4375 0.33984375 0.0166015625 0.04296875
4 0.4365234375 0.353515625 0.015625 0.0234375
4 0.5068359375 0.4208984375 0.015625 0.0419921875
4 0.509765625 0.412109375 0.0146484375 0.0478515625
4 0.720703125 0.3359375 0.021484375 0.0751953125
4 0.7216796875 0.3505859375 0.021484375 0.0615234375