1 0.09166666666666666 0.515 0.0625 0.05333333333333334
1 0.17447916666666666 0.5183333333333333 0.05520833333333333 0.05
1 0.17239583333333333 0.5133333333333334 0.04479166666666667 0.03666666666666667
1 0.20729166666666665 0.5175000000000001 0.022916666666666665 0.05166666666666667
1 0.24010416666666667 0.51 0.03229166666666666 0.03666666666666667
1 0.23958333333333334 0.5133333333333334 0.027083333333333334 0.043333333333333335
1 0.425 0.49750000000000005 0.04375 0.04166666666666667
4 0.4270833333333333 0.4166666666666667 0.01875 0.03333333333333333
1 0.49296875 0.5308333333333334 0.09739583333333333 0.12666666666666668
4 0.4578125 0.4166666666666667 0.011458333333333333 0.030000000000000002
4 0.5359375 0.4466666666666667 0.013541666666666667 0.030000000000000002