2 0.572265625 0.5244140625 0.0146484375 0.0654296875
0 0.6611328125 0.529296875 0.0244140625 0.087890625
0 0.0087890625 0.556640625 0.015625 0.076171875
2 0.484375 0.5224609375 0.01953125 0.0693359375
1 0.12109375 0.541015625 0.0830078125 0.08203125
1 0.330078125 0.65234375 0.3271484375 0.412109375
7 0.2802734375 0.275390625 0.01953125 0.0615234375
6 0.3896484375 0.287109375 0.017578125 0.0703125
2 0.5419921875 0.53125 0.021484375 0.08203125
2 0.5439453125 0.5283203125 0.0166015625 0.080078125
2 0.5576171875 0.5263671875 0.021484375 0.0830078125
2 0.5595703125 0.5302734375 0.0185546875 0.0771484375
6 0.5625 0.408203125 0.0205078125 0.0634765625
1 0.8896484375 0.4970703125 0.216796875 0.125
2 0.857421875 0.572265625 0.0888671875 0.2646484375