10 0.21041666666666667 0.25833333333333336 0.33125 0.5166666666666667
10 0.33958333333333335 0.5 0.13541666666666666 0.1366666666666667
2 0.28802083333333334 0.505 0.021875 0.05
2 0.2911458333333333 0.5108333333333334 0.019791666666666666 0.07166666666666667
2 0.3286458333333333 0.4991666666666667 0.03229166666666666 0.10166666666666667
2 0.328125 0.49750000000000005 0.022916666666666665 0.09166666666666667
2 0.36614583333333334 0.49500000000000005 0.028125 0.08333333333333334
2 0.3677083333333333 0.49583333333333335 0.025 0.08833333333333333
1 0.4770833333333333 0.5075000000000001 0.0375 0.04833333333333334
1 0.5234375 0.5108333333333334 0.103125 0.13166666666666668
3 0.5296875 0.43833333333333335 0.019791666666666666 0.04666666666666667
1 0.6067708333333334 0.5141666666666667 0.026041666666666668 0.06833333333333334
10 0.7203125 0.4666666666666667 0.221875 0.28