1 0.93046875 0.48375 0.13802083333333334 0.08083333333333334
10 0.0625 0.3875 0.12395833333333334 0.21833333333333335
10 0.05572916666666666 0.4083333333333334 0.11041666666666666 0.25333333333333335
1 0.05 0.5366666666666667 0.09895833333333333 0.19
1 0.19739583333333333 0.5266666666666667 0.196875 0.21000000000000002
5 0.25416666666666665 0.335 0.01875 0.05
1 0.4817708333333333 0.6558333333333334 0.384375 0.4783333333333334
5 0.3078125 0.3383333333333334 0.019791666666666666 0.05
6 0.3911458333333333 0.33333333333333337 0.017708333333333333 0.04666666666666667
6 0.44687499999999997 0.34 0.01875 0.04666666666666667
6 0.5723958333333333 0.4058333333333334 0.017708333333333333 0.045000000000000005
1 0.8197916666666667 0.48000000000000004 0.1 0.07333333333333333