1 0.017708333333333333 0.5341666666666667 0.034375 0.08833333333333333
1 0.057291666666666664 0.5216666666666667 0.06666666666666667 0.07333333333333333
1 0.12864583333333332 0.5075000000000001 0.059375 0.08833333333333333
1 0.2515625 0.4991666666666667 0.053125 0.05166666666666667
1 0.2942708333333333 0.5025000000000001 0.036458333333333336 0.045000000000000005
1 0.3302083333333333 0.49833333333333335 0.01875 0.04
1 0.3958333333333333 0.49083333333333334 0.020833333333333332 0.03166666666666667
7 0.4708333333333333 0.44833333333333336 0.01875 0.04
3 0.5177083333333333 0.4091666666666667 0.016666666666666666 0.03833333333333334
8 0.5401041666666666 0.44833333333333336 0.015625 0.02
6 0.540625 0.45333333333333337 0.014583333333333334 0.03666666666666667
8 0.5703125 0.43083333333333335 0.017708333333333333 0.028333333333333335
6 0.5729166666666666 0.43833333333333335 0.014583333333333334 0.043333333333333335
1 0.6317708333333333 0.5075000000000001 0.06770833333333333 0.095
1 0.73125 0.5316666666666667 0.11875 0.12000000000000001