10 0.0609375 0.48000000000000004 0.121875 0.18333333333333335
1 0.11979166666666667 0.5633333333333334 0.10833333333333334 0.11333333333333334
10 0.18020833333333333 0.5083333333333334 0.13541666666666666 0.17333333333333334
1 0.18541666666666667 0.4941666666666667 0.13333333333333333 0.12166666666666667
1 0.32395833333333335 0.5983333333333334 0.20833333333333334 0.26333333333333336
1 0.3890625 0.5083333333333334 0.14895833333333333 0.22333333333333336
10 0.4 0.5275000000000001 0.12916666666666665 0.19166666666666668
1 0.5104166666666666 0.5391666666666667 0.06041666666666667 0.06833333333333334
1 0.5854166666666667 0.5341666666666667 0.10416666666666667 0.14500000000000002
1 0.6583333333333333 0.5591666666666667 0.16875 0.16833333333333333
1 0.7510416666666666 0.4791666666666667 0.09583333333333333 0.18500000000000003
10 0.7609375 0.4991666666666667 0.10104166666666667 0.18166666666666667