10 0.24687499999999998 0.525 0.04583333333333333 0.05333333333333334
1 0.31354166666666666 0.5483333333333333 0.05 0.060000000000000005
1 0.346875 0.5308333333333334 0.05 0.06833333333333334
1 0.4119791666666667 0.5533333333333333 0.053125 0.07
4 0.4453125 0.42083333333333334 0.009375 0.03166666666666667
1 0.46770833333333334 0.5291666666666667 0.025 0.05166666666666667
1 0.4828125 0.5358333333333334 0.028125 0.058333333333333334
1 0.5208333333333334 0.5433333333333333 0.04791666666666666 0.06666666666666667
1 0.6026041666666666 0.5625 0.128125 0.13833333333333334
4 0.5552083333333333 0.4541666666666667 0.0125 0.035
1 0.8119791666666667 0.6208333333333333 0.37395833333333334 0.3383333333333334