1 0.3857421875 0.5185546875 0.0126953125 0.0146484375
10 0.068359375 0.5224609375 0.12109375 0.08203125
1 0.1455078125 0.5771484375 0.1455078125 0.1396484375
2 0.2158203125 0.537109375 0.0205078125 0.0634765625
6 0.3603515625 0.2021484375 0.03515625 0.0849609375
1 0.4345703125 0.525390625 0.0634765625 0.0654296875
6 0.599609375 0.359375 0.0283203125 0.087890625
2 0.744140625 0.5322265625 0.05859375 0.16796875
2 0.787109375 0.5205078125 0.0263671875 0.134765625
2 0.8203125 0.55078125 0.041015625 0.19140625
2 0.8837890625 0.5419921875 0.05078125 0.1865234375
3 0.9560546875 0.087890625 0.083984375 0.171875