8 0.44895833333333335 0.3975 0.01875 0.03166666666666667
1 0.49583333333333335 0.4941666666666667 0.052083333333333336 0.065
1 0.5473958333333333 0.48333333333333334 0.046875 0.05
1 0.5489583333333333 0.48000000000000004 0.041666666666666664 0.060000000000000005
1 0.6401041666666667 0.47500000000000003 0.06145833333333333 0.030000000000000002
1 0.678125 0.4841666666666667 0.04375 0.035
1 0.7166666666666667 0.4866666666666667 0.025 0.03333333333333333
1 0.7427083333333333 0.48833333333333334 0.029166666666666667 0.030000000000000002
1 0.7645833333333333 0.49250000000000005 0.025 0.035
1 0.7916666666666666 0.49250000000000005 0.0375 0.035
1 0.8453125 0.48750000000000004 0.030208333333333334 0.035