2 0.837890625 0.546875 0.0400390625 0.111328125
1 0.0224609375 0.57421875 0.044921875 0.1083984375
1 0.0439453125 0.5654296875 0.0322265625 0.0966796875
1 0.130859375 0.552734375 0.0673828125 0.1015625
1 0.12890625 0.548828125 0.056640625 0.0849609375
1 0.212890625 0.541015625 0.0537109375 0.0654296875
1 0.318359375 0.5556640625 0.123046875 0.1650390625
1 0.3818359375 0.5380859375 0.029296875 0.0703125
1 0.41015625 0.54296875 0.0556640625 0.1162109375
1 0.458984375 0.53515625 0.0634765625 0.126953125
1 0.4755859375 0.5576171875 0.0302734375 0.0986328125
1 0.537109375 0.5322265625 0.1064453125 0.1982421875
1 0.6748046875 0.568359375 0.201171875 0.1728515625
2 0.78125 0.541015625 0.0263671875 0.1025390625