1 0.9283854166666666 0.6683333333333333 0.1421875 0.3916666666666667
1 0.06145833333333333 0.525 0.09791666666666667 0.08
1 0.1734375 0.5558333333333334 0.08645833333333333 0.085
1 0.17604166666666665 0.5575 0.0875 0.08833333333333333
1 0.2328125 0.5491666666666667 0.03854166666666667 0.07500000000000001
1 0.23541666666666666 0.5466666666666667 0.03958333333333333 0.07333333333333333
1 0.3125 0.5275000000000001 0.041666666666666664 0.065
1 0.3541666666666667 0.5233333333333333 0.03125 0.03666666666666667
1 0.4317708333333333 0.5258333333333334 0.046875 0.05166666666666667
1 0.43072916666666666 0.5291666666666667 0.042708333333333334 0.06166666666666667
1 0.5026041666666666 0.5225000000000001 0.03229166666666666 0.045000000000000005
1 0.5302083333333333 0.525 0.035416666666666666 0.1
1 0.5838541666666667 0.5308333333333334 0.08229166666666667 0.12166666666666667
1 0.8401041666666667 0.5516666666666667 0.2677083333333333 0.17333333333333334