2 0.7880859375 0.4921875 0.0185546875 0.0830078125
2 0.76953125 0.513671875 0.0087890625 0.029296875
2 0.732421875 0.5126953125 0.0107421875 0.04296875
2 0.75 0.4921875 0.0185546875 0.0830078125
2 0.7197265625 0.4951171875 0.013671875 0.07421875
1 0.267578125 0.529296875 0.068359375 0.05859375
10 0.525390625 0.5068359375 0.083984375 0.0634765625
10 0.5224609375 0.509765625 0.078125 0.0634765625
7 0.5595703125 0.4736328125 0.0146484375 0.033203125
1 0.6142578125 0.509765625 0.0419921875 0.04296875
10 0.6650390625 0.490234375 0.033203125 0.0732421875
1 0.669921875 0.4892578125 0.0419921875 0.08203125