1 0.2942708333333333 0.53 0.04479166666666667 0.05333333333333334
1 0.3046875 0.5158333333333334 0.04895833333333333 0.06166666666666667
1 0.3692708333333333 0.53 0.053125 0.07
4 0.4 0.42583333333333334 0.010416666666666666 0.035
1 0.42291666666666666 0.5208333333333334 0.025 0.05166666666666667
1 0.44947916666666665 0.5341666666666667 0.028125 0.058333333333333334
1 0.4734375 0.53 0.04895833333333333 0.07333333333333333
1 0.47291666666666665 0.5325000000000001 0.03958333333333333 0.06833333333333334
1 0.5197916666666667 0.5375000000000001 0.07291666666666667 0.095
1 0.5098958333333333 0.5466666666666667 0.046875 0.11
4 0.49583333333333335 0.45083333333333336 0.0125 0.035
1 0.5953125 0.5566666666666668 0.171875 0.17