1 0.0341796875 0.5302734375 0.068359375 0.1708984375
1 0.119140625 0.5224609375 0.140625 0.138671875
1 0.130859375 0.525390625 0.1396484375 0.1181640625
1 0.2099609375 0.5 0.099609375 0.0966796875
1 0.21484375 0.5029296875 0.0966796875 0.1162109375
1 0.337890625 0.4990234375 0.052734375 0.068359375
1 0.345703125 0.5 0.0439453125 0.0634765625
1 0.3759765625 0.4892578125 0.033203125 0.068359375
1 0.5126953125 0.4921875 0.0771484375 0.115234375
1 0.599609375 0.48046875 0.0498046875 0.0751953125
1 0.6005859375 0.4853515625 0.0439453125 0.0595703125
1 0.638671875 0.5 0.0673828125 0.0966796875