1 0.3515625 0.541015625 0.1259765625 0.0947265625
10 0.4462890625 0.5 0.099609375 0.0537109375
5 0.4384765625 0.47265625 0.0283203125 0.078125
1 0.4814453125 0.5341796875 0.0634765625 0.0712890625
1 0.5712890625 0.546875 0.0947265625 0.1064453125
3 0.591796875 0.4345703125 0.01171875 0.037109375
1 0.6572265625 0.5283203125 0.0263671875 0.0498046875
1 0.681640625 0.5341796875 0.0595703125 0.068359375
1 0.7236328125 0.51953125 0.025390625 0.0517578125
3 0.7314453125 0.353515625 0.0166015625 0.0595703125
1 0.7529296875 0.53125 0.0458984375 0.0615234375
1 0.82421875 0.54296875 0.072265625 0.0771484375
4 0.8408203125 0.4326171875 0.01171875 0.0419921875
1 0.95703125 0.57421875 0.083984375 0.181640625