2 0.049479166666666664 0.5291666666666667 0.013541666666666667 0.045000000000000005
2 0.06145833333333333 0.525 0.01875 0.05
1 0.090625 0.5291666666666667 0.058333333333333334 0.06166666666666667
1 0.08854166666666667 0.5291666666666667 0.052083333333333336 0.055
1 0.13333333333333333 0.5183333333333333 0.03333333333333333 0.043333333333333335
1 0.37916666666666665 0.5416666666666667 0.10208333333333333 0.14666666666666667
1 0.4973958333333333 0.515 0.065625 0.04666666666666667
1 0.5052083333333334 0.5208333333333334 0.06875 0.055
1 0.553125 0.53 0.03333333333333333 0.07333333333333333
2 0.6026041666666666 0.5316666666666667 0.084375 0.09333333333333334
1 0.6020833333333333 0.5333333333333333 0.07916666666666666 0.08666666666666667
1 0.7421875 0.5316666666666667 0.209375 0.16333333333333333