2 0.072265625 0.5087890625 0.0185546875 0.046875
1 0.224609375 0.5390625 0.091796875 0.115234375
1 0.228515625 0.53125 0.0849609375 0.1064453125
1 0.2900390625 0.5234375 0.0478515625 0.0498046875
4 0.2841796875 0.439453125 0.015625 0.0419921875
1 0.3740234375 0.568359375 0.1435546875 0.1904296875
1 0.4443359375 0.51953125 0.052734375 0.0986328125
1 0.4853515625 0.513671875 0.03515625 0.06640625
4 0.490234375 0.423828125 0.021484375 0.0419921875
4 0.4912109375 0.423828125 0.0166015625 0.0380859375
2 0.5087890625 0.515625 0.0185546875 0.08203125
2 0.515625 0.515625 0.0146484375 0.0849609375
1 0.626953125 0.537109375 0.14453125 0.16796875
1 0.81640625 0.552734375 0.236328125 0.2314453125