1 0.0146484375 0.6103515625 0.029296875 0.4365234375
1 0.0146484375 0.609375 0.029296875 0.3154296875
7 0.0966796875 0.22265625 0.0224609375 0.0712890625
7 0.0966796875 0.2197265625 0.0185546875 0.0498046875
1 0.1650390625 0.5205078125 0.041015625 0.05859375
1 0.240234375 0.53125 0.041015625 0.0537109375
1 0.2412109375 0.53125 0.037109375 0.0546875
4 0.2451171875 0.2470703125 0.0224609375 0.0771484375
4 0.2451171875 0.2646484375 0.0185546875 0.044921875
1 0.283203125 0.5283203125 0.02734375 0.0703125
1 0.314453125 0.5322265625 0.0302734375 0.0751953125
1 0.318359375 0.5283203125 0.0341796875 0.0771484375
1 0.357421875 0.5341796875 0.072265625 0.0712890625
4 0.4580078125 0.4169921875 0.017578125 0.056640625
4 0.4580078125 0.4228515625 0.0185546875 0.0380859375