1 0.07864583333333333 0.545 0.042708333333333334 0.043333333333333335
1 0.14010416666666667 0.52 0.028125 0.030000000000000002
1 0.22604166666666667 0.5383333333333333 0.06875 0.08666666666666667
3 0.2786458333333333 0.31333333333333335 0.026041666666666668 0.06666666666666667
7 0.28020833333333334 0.31083333333333335 0.01875 0.06166666666666667
1 0.2916666666666667 0.48333333333333334 0.016666666666666666 0.023333333333333334
1 0.30572916666666666 0.5 0.019791666666666666 0.02666666666666667
1 0.3572916666666667 0.5241666666666667 0.01875 0.055
1 0.3614583333333333 0.5208333333333334 0.0125 0.05166666666666667
10 0.39010416666666664 0.5108333333333334 0.053125 0.10833333333333334
4 0.40625 0.2916666666666667 0.020833333333333332 0.06333333333333334
4 0.503125 0.2966666666666667 0.01875 0.06666666666666667