2 0.7934895833333333 0.48833333333333334 0.0296875 0.13333333333333333
2 0.009375 0.555 0.017708333333333333 0.08333333333333334
2 0.025520833333333333 0.5683333333333334 0.015625 0.07
2 0.033854166666666664 0.5466666666666667 0.015625 0.060000000000000005
2 0.0515625 0.5433333333333333 0.019791666666666666 0.06333333333333334
2 0.06666666666666667 0.5433333333333333 0.014583333333333334 0.06666666666666667
2 0.075 0.5408333333333334 0.01875 0.06833333333333334
2 0.07916666666666666 0.5383333333333333 0.016666666666666666 0.06333333333333334
2 0.0953125 0.5441666666666667 0.013541666666666667 0.085
2 0.16927083333333334 0.545 0.06979166666666667 0.19666666666666668
6 0.17083333333333334 0.4133333333333334 0.014583333333333334 0.04
1 0.3067708333333333 0.6225 0.23020833333333332 0.265
2 0.23645833333333333 0.4791666666666667 0.03958333333333333 0.115
1 0.4046875 0.55 0.04479166666666667 0.09666666666666668
1 0.41822916666666665 0.5325000000000001 0.05520833333333333 0.07166666666666667
6 0.4927083333333333 0.3866666666666667 0.016666666666666666 0.05666666666666667
2 0.6114583333333333 0.5275000000000001 0.022916666666666665 0.09166666666666667
2 0.609375 0.5266666666666667 0.016666666666666666 0.08666666666666667
2 0.6552083333333333 0.54 0.052083333333333336 0.18000000000000002
2 0.7729166666666667 0.5358333333333334 0.035416666666666666 0.17833333333333334