1 0.119140625 0.5234375 0.056640625 0.04296875
1 0.123046875 0.515625 0.05078125 0.0419921875
1 0.2138671875 0.521484375 0.0439453125 0.0595703125
1 0.2138671875 0.517578125 0.037109375 0.0419921875
1 0.28515625 0.51171875 0.041015625 0.0400390625
1 0.3740234375 0.5009765625 0.03515625 0.0478515625
1 0.54296875 0.5009765625 0.02734375 0.0517578125
1 0.59375 0.50390625 0.0400390625 0.1015625
1 0.6171875 0.515625 0.0341796875 0.1181640625
1 0.6884765625 0.529296875 0.1298828125 0.1318359375
1 0.6884765625 0.5283203125 0.111328125 0.1298828125