10 0.0751953125 0.5048828125 0.150390625 0.154296875
1 0.0751953125 0.625 0.150390625 0.30859375
1 0.16015625 0.5615234375 0.064453125 0.06640625
1 0.3056640625 0.6552734375 0.3310546875 0.4228515625
3 0.337890625 0.2509765625 0.0224609375 0.0751953125
4 0.4658203125 0.283203125 0.0224609375 0.0703125
1 0.4990234375 0.5341796875 0.037109375 0.0654296875
1 0.5009765625 0.537109375 0.03125 0.046875
4 0.6416015625 0.3984375 0.0224609375 0.06640625
2 0.65234375 0.5234375 0.017578125 0.0830078125
2 0.66796875 0.515625 0.021484375 0.087890625
1 0.8779296875 0.5751953125 0.2431640625 0.6796875