1 0.8876953125 0.72265625 0.22265625 0.5537109375
2 0.0634765625 0.5263671875 0.0185546875 0.0732421875
1 0.150390625 0.552734375 0.0693359375 0.068359375
1 0.2041015625 0.541015625 0.0439453125 0.0654296875
1 0.39453125 0.5478515625 0.0947265625 0.1083984375
1 0.4453125 0.5224609375 0.0361328125 0.0478515625
1 0.6103515625 0.548828125 0.1083984375 0.1015625
2 0.66015625 0.4990234375 0.0224609375 0.078125
2 0.720703125 0.529296875 0.0478515625 0.068359375
2 0.80859375 0.4912109375 0.0419921875 0.1181640625
2 0.8095703125 0.4873046875 0.02734375 0.1083984375
2 0.8310546875 0.46484375 0.017578125 0.08984375
2 0.853515625 0.4892578125 0.033203125 0.125