1 0.88671875 0.6220703125 0.224609375 0.31640625
1 0.021484375 0.486328125 0.0341796875 0.0498046875
7 0.0576171875 0.3662109375 0.0185546875 0.04296875
6 0.0595703125 0.3662109375 0.0185546875 0.037109375
6 0.1123046875 0.375 0.0185546875 0.033203125
6 0.1142578125 0.3720703125 0.015625 0.033203125
1 0.1494140625 0.4853515625 0.03125 0.0537109375
1 0.1591796875 0.48046875 0.044921875 0.0498046875
1 0.177734375 0.484375 0.0498046875 0.044921875
1 0.1806640625 0.48046875 0.044921875 0.0498046875
6 0.1826171875 0.4287109375 0.0146484375 0.03125
6 0.1845703125 0.4267578125 0.0146484375 0.0302734375
1 0.220703125 0.4833984375 0.02734375 0.0634765625
1 0.2548828125 0.4833984375 0.060546875 0.0595703125
1 0.25390625 0.478515625 0.056640625 0.056640625
1 0.3310546875 0.484375 0.0849609375 0.111328125
1 0.392578125 0.494140625 0.04296875 0.0615234375
1 0.43359375 0.50390625 0.0439453125 0.068359375
1 0.4794921875 0.4970703125 0.0625 0.1083984375
1 0.4814453125 0.4931640625 0.0576171875 0.1201171875
1 0.5419921875 0.5166015625 0.076171875 0.1435546875
1 0.5498046875 0.5166015625 0.091796875 0.13671875
1 0.671875 0.541015625 0.18359375 0.162109375
1 0.6708984375 0.546875 0.17578125 0.193359375