1 0.0634765625 0.6337890625 0.126953125 0.3232421875
10 0.07421875 0.4951171875 0.142578125 0.126953125
1 0.15234375 0.560546875 0.048828125 0.0654296875
1 0.2939453125 0.6591796875 0.330078125 0.421875
7 0.3388671875 0.248046875 0.0205078125 0.06640625
6 0.46484375 0.279296875 0.01953125 0.0615234375
10 0.4755859375 0.5068359375 0.0419921875 0.0869140625
2 0.486328125 0.5322265625 0.033203125 0.091796875
2 0.486328125 0.5283203125 0.0146484375 0.0869140625
6 0.6416015625 0.3955078125 0.0224609375 0.0615234375
1 0.8837890625 0.5537109375 0.23046875 0.6630859375