1 0.162109375 0.4951171875 0.078125 0.0703125
1 0.22265625 0.498046875 0.046875 0.0537109375
10 0.26171875 0.4853515625 0.04296875 0.0732421875
1 0.2626953125 0.4853515625 0.033203125 0.0703125
1 0.2880859375 0.4951171875 0.02734375 0.04296875
6 0.330078125 0.2490234375 0.01953125 0.05859375
1 0.44921875 0.5869140625 0.2392578125 0.3095703125
3 0.455078125 0.26171875 0.025390625 0.0703125
3 0.646484375 0.375 0.0185546875 0.04296875
3 0.65234375 0.3671875 0.013671875 0.0380859375
3 0.82421875 0.177734375 0.0302734375 0.0947265625