1 0.0439453125 0.576171875 0.080078125 0.1748046875
1 0.1103515625 0.55859375 0.1376953125 0.1396484375
1 0.1767578125 0.564453125 0.041015625 0.0947265625
1 0.2109375 0.5478515625 0.0634765625 0.08203125
1 0.25390625 0.552734375 0.060546875 0.08203125
1 0.27734375 0.5380859375 0.07421875 0.0830078125
1 0.3818359375 0.5283203125 0.044921875 0.0634765625
1 0.4619140625 0.5341796875 0.0498046875 0.0654296875
1 0.55859375 0.5263671875 0.0419921875 0.0771484375
1 0.6083984375 0.53515625 0.064453125 0.1201171875
1 0.6591796875 0.544921875 0.1044921875 0.11328125
2 0.6552734375 0.556640625 0.0458984375 0.2001953125
1 0.7109375 0.5439453125 0.107421875 0.115234375
1 0.865234375 0.5927734375 0.2646484375 0.4248046875