1 0.0484375 0.5366666666666667 0.096875 0.14
1 0.11510416666666666 0.5208333333333334 0.036458333333333336 0.08833333333333333
1 0.18697916666666667 0.5291666666666667 0.06979166666666667 0.05166666666666667
1 0.19322916666666667 0.5275000000000001 0.06770833333333333 0.06166666666666667
2 0.17447916666666666 0.5158333333333334 0.017708333333333333 0.085
1 0.259375 0.5316666666666667 0.052083333333333336 0.05666666666666667
1 0.25885416666666666 0.5308333333333334 0.046875 0.058333333333333334
2 0.28229166666666666 0.5191666666666667 0.022916666666666665 0.095
2 0.28229166666666666 0.5175000000000001 0.020833333333333332 0.09833333333333334
2 0.30416666666666664 0.5158333333333334 0.025 0.11166666666666668
0 0.41302083333333334 0.5266666666666667 0.021875 0.07
2 0.4109375 0.5316666666666667 0.015625 0.06666666666666667
2 0.4145833333333333 0.5266666666666667 0.010416666666666666 0.05333333333333334
1 0.5552083333333333 0.5358333333333334 0.10625 0.07833333333333334
1 0.5489583333333333 0.5366666666666667 0.09166666666666666 0.06333333333333334
1 0.534375 0.5108333333333334 0.022916666666666665 0.10833333333333334
2 0.5380208333333333 0.5191666666666667 0.028125 0.12166666666666667
1 0.7927083333333333 0.55 0.41041666666666665 0.21666666666666667