1 0.020833333333333332 0.5654166666666667 0.040625 0.1125
1 0.0828125 0.5433333333333333 0.026041666666666668 0.030000000000000002
1 0.07916666666666666 0.5291666666666667 0.016666666666666666 0.021666666666666667
1 0.225 0.5383333333333333 0.04583333333333333 0.06333333333333334
1 0.24114583333333334 0.4966666666666667 0.017708333333333333 0.023333333333333334
3 0.265625 0.3791666666666667 0.020833333333333332 0.05166666666666667
7 0.2640625 0.37833333333333335 0.013541666666666667 0.043333333333333335
1 0.2682291666666667 0.515 0.019791666666666666 0.02666666666666667
1 0.31927083333333334 0.535 0.017708333333333333 0.05666666666666667
1 0.325 0.5325000000000001 0.0125 0.05166666666666667
10 0.3515625 0.5183333333333333 0.059375 0.11
4 0.3546875 0.36500000000000005 0.015625 0.043333333333333335
4 0.425 0.36583333333333334 0.0125 0.04833333333333334
4 0.7036458333333333 0.36750000000000005 0.021875 0.065
1 0.775 0.5233333333333333 0.12083333333333333 0.060000000000000005
1 0.7744791666666666 0.5266666666666667 0.103125 0.05666666666666667