0 0.022395833333333334 0.5483333333333333 0.03229166666666666 0.08666666666666667
0 0.0234375 0.5433333333333333 0.019791666666666666 0.07
1 0.12708333333333333 0.5291666666666667 0.09375 0.09833333333333334
10 0.128125 0.5258333333333334 0.09375 0.08166666666666667
1 0.203125 0.5391666666666667 0.075 0.065
1 0.20104166666666667 0.5033333333333334 0.06666666666666667 0.03666666666666667
10 0.2015625 0.515 0.05520833333333333 0.05
10 0.2947916666666667 0.4841666666666667 0.10833333333333334 0.17500000000000002
1 0.35885416666666664 0.5208333333333334 0.03229166666666666 0.035
1 0.396875 0.5183333333333333 0.035416666666666666 0.04
7 0.4244791666666667 0.31583333333333335 0.019791666666666666 0.055
6 0.5010416666666666 0.3175 0.020833333333333332 0.06166666666666667
1 0.5567708333333333 0.5166666666666667 0.10104166666666667 0.09000000000000001
6 0.6421875 0.4116666666666667 0.021875 0.06333333333333334