6 0.09010416666666667 0.31083333333333335 0.02395833333333333 0.08166666666666667
2 0.0953125 0.4966666666666667 0.021875 0.07666666666666667
1 0.48020833333333335 0.49083333333333334 0.027083333333333334 0.045000000000000005
1 0.5432291666666667 0.49333333333333335 0.040625 0.08
1 0.5380208333333333 0.49000000000000005 0.017708333333333333 0.05666666666666667
1 0.5729166666666666 0.5108333333333334 0.04583333333333333 0.07833333333333334
1 0.5703125 0.5 0.036458333333333336 0.04666666666666667
1 0.6119791666666666 0.5058333333333334 0.065625 0.07500000000000001
6 0.6161458333333333 0.2783333333333334 0.02395833333333333 0.08666666666666667
2 0.6203125 0.5191666666666667 0.028125 0.10166666666666667
2 0.9166666666666666 0.4841666666666667 0.035416666666666666 0.155
2 0.9286458333333333 0.49583333333333335 0.03854166666666667 0.155