1 0.03515625 0.5478515625 0.0693359375 0.130859375
1 0.1044921875 0.5234375 0.08984375 0.13671875
1 0.1728515625 0.5205078125 0.0625 0.078125
1 0.169921875 0.51953125 0.0478515625 0.09375
1 0.2294921875 0.513671875 0.076171875 0.0830078125
1 0.2294921875 0.51171875 0.072265625 0.0966796875
1 0.2783203125 0.50390625 0.0498046875 0.0712890625
1 0.28125 0.5087890625 0.056640625 0.080078125
1 0.3125 0.5078125 0.03515625 0.0615234375
1 0.314453125 0.505859375 0.0341796875 0.05859375
1 0.3203125 0.50390625 0.0302734375 0.0615234375
1 0.576171875 0.4970703125 0.056640625 0.0849609375
1 0.6123046875 0.5107421875 0.08203125 0.0751953125
1 0.8115234375 0.5361328125 0.1904296875 0.1484375