0 0.03125 0.55078125 0.0625 0.181640625
2 0.0634765625 0.5478515625 0.0205078125 0.0732421875
0 0.1533203125 0.533203125 0.1162109375 0.216796875
1 0.330078125 0.65234375 0.3291015625 0.4150390625
7 0.2802734375 0.275390625 0.01953125 0.0615234375
6 0.3896484375 0.287109375 0.017578125 0.0703125
1 0.560546875 0.53125 0.134765625 0.08984375
6 0.5625 0.408203125 0.0205078125 0.0634765625
0 0.6611328125 0.5244140625 0.0283203125 0.0849609375
2 0.705078125 0.48046875 0.021484375 0.0498046875
0 0.73046875 0.5283203125 0.0615234375 0.0966796875
2 0.720703125 0.47265625 0.017578125 0.0419921875
0 0.822265625 0.5234375 0.0654296875 0.09375