1 0.1767578125 0.4794921875 0.0927734375 0.10546875
1 0.1845703125 0.474609375 0.0966796875 0.1015625
1 0.275390625 0.4921875 0.134765625 0.1513671875
7 0.279296875 0.3466796875 0.01953125 0.04296875
7 0.2822265625 0.3505859375 0.021484375 0.0546875
1 0.3505859375 0.4990234375 0.03515625 0.10546875
1 0.35546875 0.4990234375 0.041015625 0.091796875
4 0.3466796875 0.337890625 0.015625 0.03515625
4 0.34765625 0.3447265625 0.017578125 0.04296875
4 0.400390625 0.345703125 0.017578125 0.044921875
4 0.4033203125 0.3447265625 0.0146484375 0.037109375
1 0.4501953125 0.4970703125 0.0771484375 0.10546875
0 0.533203125 0.494140625 0.0244140625 0.078125
0 0.5341796875 0.494140625 0.025390625 0.0751953125
4 0.5390625 0.4169921875 0.013671875 0.0302734375
4 0.57421875 0.3857421875 0.0185546875 0.0654296875
4 0.572265625 0.390625 0.015625 0.0478515625
1 0.8740234375 0.4658203125 0.0478515625 0.0419921875
1 0.880859375 0.45703125 0.041015625 0.0634765625
1 0.92578125 0.45703125 0.0595703125 0.0498046875