7 0.0654296875 0.466796875 0.013671875 0.033203125
7 0.06640625 0.4716796875 0.0126953125 0.037109375
1 0.1484375 0.5537109375 0.1279296875 0.1337890625
7 0.2763671875 0.3701171875 0.01953125 0.033203125
7 0.2734375 0.3720703125 0.01171875 0.03515625
1 0.2880859375 0.5283203125 0.021484375 0.0302734375
1 0.3271484375 0.5224609375 0.015625 0.0185546875
1 0.3408203125 0.515625 0.0146484375 0.0185546875
4 0.35546875 0.3662109375 0.01171875 0.0380859375
4 0.3564453125 0.3662109375 0.0126953125 0.0400390625
1 0.3701171875 0.51953125 0.0361328125 0.0517578125
1 0.396484375 0.5146484375 0.0263671875 0.033203125
1 0.423828125 0.53125 0.052734375 0.068359375
4 0.49609375 0.4443359375 0.01171875 0.03125
4 0.4970703125 0.4423828125 0.0107421875 0.03125
1 0.6298828125 0.4970703125 0.1005859375 0.0712890625
1 0.703125 0.498046875 0.1064453125 0.0703125