6 0.3193359375 0.400390625 0.0185546875 0.0478515625
6 0.3173828125 0.3935546875 0.0146484375 0.0234375
1 0.373046875 0.4833984375 0.0244140625 0.037109375
1 0.4404296875 0.478515625 0.037109375 0.037109375
6 0.4638671875 0.32421875 0.01953125 0.0478515625
6 0.466796875 0.3134765625 0.0146484375 0.0302734375
1 0.4775390625 0.48046875 0.0302734375 0.0302734375
1 0.5419921875 0.4599609375 0.0810546875 0.080078125
6 0.5615234375 0.38671875 0.0146484375 0.0263671875
6 0.5634765625 0.390625 0.015625 0.044921875
6 0.6259765625 0.3154296875 0.0185546875 0.0400390625
1 0.75 0.4619140625 0.060546875 0.0634765625