1 0.14453125 0.5224609375 0.0517578125 0.0478515625
1 0.0712890625 0.5146484375 0.0849609375 0.0830078125
1 0.2763671875 0.5087890625 0.0302734375 0.03515625
1 0.3310546875 0.5029296875 0.0322265625 0.04296875
7 0.361328125 0.23828125 0.037109375 0.1103515625
1 0.4990234375 0.5478515625 0.140625 0.1787109375
4 0.5283203125 0.2353515625 0.033203125 0.09375
1 0.609375 0.482421875 0.029296875 0.0478515625
1 0.611328125 0.48046875 0.0244140625 0.046875
1 0.771484375 0.52734375 0.203125 0.228515625
4 0.7138671875 0.2587890625 0.0322265625 0.0966796875
4 0.86328125 0.3720703125 0.044921875 0.09375