2 0.8963541666666667 0.49125 0.03125 0.14916666666666667
2 0.9197916666666667 0.5141666666666667 0.041666666666666664 0.16333333333333333
2 0.8898437499999999 0.52625 0.0296875 0.1275
2 0.8130208333333333 0.4970833333333334 0.03125 0.1275
2 0.7911458333333333 0.5004166666666667 0.021875 0.11916666666666667
1 0.10885416666666667 0.5316666666666667 0.11562499999999999 0.09666666666666668
1 0.19583333333333333 0.5366666666666667 0.13541666666666666 0.13
1 0.3338541666666667 0.5033333333333334 0.051041666666666666 0.060000000000000005
1 0.4145833333333333 0.5041666666666667 0.05416666666666667 0.07833333333333334
2 0.4765625 0.6191666666666668 0.06770833333333333 0.45833333333333337
2 0.5453125 0.6133333333333334 0.11770833333333333 0.5433333333333333
2 0.7135416666666666 0.5191666666666667 0.04375 0.09833333333333334
2 0.7354166666666666 0.5083333333333334 0.04583333333333333 0.16
2 0.7692708333333333 0.5 0.034375 0.15000000000000002