1 0.078125 0.572265625 0.15625 0.1279296875
1 0.1669921875 0.5654296875 0.0341796875 0.0830078125
1 0.2314453125 0.54296875 0.0498046875 0.0947265625
1 0.263671875 0.54296875 0.0654296875 0.0712890625
1 0.3154296875 0.5361328125 0.03515625 0.03515625
1 0.34765625 0.5361328125 0.04296875 0.0517578125
2 0.3984375 0.53125 0.0263671875 0.0712890625
2 0.42578125 0.53125 0.013671875 0.0498046875
1 0.5048828125 0.5458984375 0.076171875 0.0751953125
1 0.568359375 0.55859375 0.078125 0.1337890625
1 0.6552734375 0.5869140625 0.1806640625 0.16015625