1 0.015625 0.58203125 0.03125 0.14453125
10 0.076171875 0.501953125 0.1083984375 0.0869140625
1 0.09375 0.576171875 0.1396484375 0.1787109375
1 0.28515625 0.5927734375 0.3232421875 0.4248046875
7 0.318359375 0.33203125 0.017578125 0.0498046875
6 0.4150390625 0.3251953125 0.0146484375 0.0400390625
6 0.4931640625 0.3271484375 0.0146484375 0.046875
1 0.6083984375 0.53515625 0.0966796875 0.0634765625
1 0.7216796875 0.5771484375 0.189453125 0.1884765625
6 0.6806640625 0.4150390625 0.0146484375 0.04296875
1 0.830078125 0.5205078125 0.1025390625 0.0751953125
6 0.931640625 0.2470703125 0.0400390625 0.123046875
2 0.9638671875 0.5400390625 0.03515625 0.1162109375