1 0.036458333333333336 0.55625 0.071875 0.11583333333333334
1 0.18958333333333333 0.545 0.05 0.06666666666666667
1 0.19270833333333334 0.5441666666666667 0.05 0.05166666666666667
1 0.2671875 0.5391666666666667 0.03854166666666667 0.045000000000000005
7 0.2713541666666667 0.2866666666666667 0.021875 0.07666666666666667
6 0.271875 0.27666666666666667 0.01875 0.043333333333333335
1 0.3921875 0.5325000000000001 0.034375 0.045000000000000005
4 0.38958333333333334 0.30333333333333334 0.016666666666666666 0.03666666666666667
4 0.3927083333333333 0.2866666666666667 0.01875 0.060000000000000005
1 0.4328125 0.53 0.026041666666666668 0.04
1 0.48854166666666665 0.54 0.027083333333333334 0.05666666666666667
4 0.496875 0.305 0.029166666666666667 0.07333333333333333
4 0.4947916666666667 0.31833333333333336 0.01875 0.04
1 0.5322916666666666 0.5525 0.09375 0.10166666666666667
1 0.5854166666666667 0.5325000000000001 0.022916666666666665 0.058333333333333334
1 0.6083333333333333 0.5366666666666667 0.03125 0.06666666666666667
1 0.6494791666666666 0.54 0.06770833333333333 0.06666666666666667
1 0.6479166666666667 0.5416666666666667 0.06458333333333333 0.05333333333333334
1 0.7005208333333334 0.42083333333333334 0.019791666666666666 0.07166666666666667
4 0.7010416666666667 0.43750000000000006 0.020833333333333332 0.035
1 0.7609375 0.5458333333333334 0.13645833333333332 0.115