1 0.0908203125 0.572265625 0.1806640625 0.3154296875
6 0.0908203125 0.3095703125 0.025390625 0.08203125
1 0.48046875 0.4931640625 0.0302734375 0.0498046875
1 0.48046875 0.4912109375 0.0205078125 0.044921875
1 0.54296875 0.490234375 0.041015625 0.080078125
1 0.5380859375 0.48828125 0.017578125 0.056640625
1 0.5712890625 0.5029296875 0.0458984375 0.078125
1 0.5703125 0.498046875 0.0361328125 0.046875
1 0.6123046875 0.5029296875 0.0654296875 0.0751953125
6 0.615234375 0.27734375 0.0224609375 0.0849609375
2 0.619140625 0.5146484375 0.0283203125 0.1015625
2 0.919921875 0.484375 0.03515625 0.1552734375
2 0.92578125 0.4921875 0.0380859375 0.1552734375