1 0.058333333333333334 0.535 0.1125 0.18666666666666668
1 0.1140625 0.54 0.08645833333333333 0.14333333333333334
1 0.12552083333333333 0.5275000000000001 0.06770833333333333 0.13833333333333334
1 0.15625 0.52 0.07916666666666666 0.12333333333333334
2 0.18697916666666667 0.5466666666666667 0.06770833333333333 0.2366666666666667
2 0.22552083333333334 0.53 0.03229166666666666 0.23333333333333334
1 0.27760416666666665 0.5091666666666667 0.08645833333333333 0.07166666666666667
10 0.3463541666666667 0.49250000000000005 0.06354166666666666 0.08166666666666667
2 0.3692708333333333 0.49750000000000005 0.015625 0.10833333333333334
2 0.3729166666666667 0.4966666666666667 0.016666666666666666 0.09666666666666668
2 0.3880208333333333 0.4941666666666667 0.015625 0.085
2 0.3890625 0.5016666666666667 0.015625 0.09333333333333334
10 0.4088541666666667 0.47500000000000003 0.04895833333333333 0.1
10 0.4088541666666667 0.4758333333333334 0.04479166666666667 0.095
1 0.45468749999999997 0.5108333333333334 0.042708333333333334 0.06166666666666667
1 0.453125 0.51 0.03958333333333333 0.05
10 0.46510416666666665 0.4566666666666667 0.053125 0.09000000000000001
10 0.4666666666666667 0.47250000000000003 0.04791666666666666 0.11166666666666668
2 0.7213541666666666 0.6066666666666667 0.08229166666666667 0.39
1 0.8609375 0.5641666666666667 0.2739583333333333 0.4416666666666667