1 0.053125 0.5566666666666668 0.10520833333333333 0.09000000000000001
1 0.10781249999999999 0.5533333333333333 0.057291666666666664 0.05333333333333334
1 0.23020833333333332 0.5383333333333333 0.0375 0.04666666666666667
1 0.2755208333333333 0.5375000000000001 0.03229166666666666 0.035
1 0.3020833333333333 0.53 0.029166666666666667 0.030000000000000002
1 0.3182291666666667 0.5266666666666667 0.015625 0.030000000000000002
1 0.4119791666666667 0.5408333333333334 0.065625 0.08833333333333333
4 0.3885416666666667 0.39 0.014583333333333334 0.03333333333333333
4 0.3880208333333333 0.3916666666666667 0.011458333333333333 0.03666666666666667
4 0.4505208333333333 0.3825 0.013541666666666667 0.04166666666666667
4 0.44895833333333335 0.38583333333333336 0.010416666666666666 0.035
1 0.5208333333333334 0.53 0.04375 0.04666666666666667
4 0.5395833333333333 0.46 0.0125 0.03333333333333333
4 0.5401041666666666 0.4625 0.013541666666666667 0.03833333333333334
1 0.5958333333333333 0.5216666666666667 0.029166666666666667 0.06666666666666667
1 0.7328125 0.5116666666666667 0.11979166666666667 0.07