2 0.0361328125 0.5458984375 0.017578125 0.1015625
2 0.048828125 0.5712890625 0.0166015625 0.0537109375
2 0.0654296875 0.5478515625 0.025390625 0.123046875
2 0.0673828125 0.5458984375 0.0185546875 0.111328125
1 0.126953125 0.5556640625 0.078125 0.08203125
1 0.2275390625 0.544921875 0.0830078125 0.09375
1 0.2822265625 0.529296875 0.03125 0.0654296875
1 0.3095703125 0.51953125 0.0302734375 0.0654296875
1 0.4345703125 0.53125 0.140625 0.1220703125
2 0.5087890625 0.501953125 0.013671875 0.0830078125
2 0.5205078125 0.505859375 0.0185546875 0.0849609375
2 0.5244140625 0.501953125 0.0146484375 0.080078125
2 0.5400390625 0.4970703125 0.015625 0.08203125
2 0.541015625 0.4990234375 0.0146484375 0.091796875
3 0.58203125 0.3134765625 0.0263671875 0.0966796875
2 0.908203125 0.4736328125 0.021484375 0.123046875
2 0.9208984375 0.4775390625 0.017578125 0.1318359375
2 0.9384765625 0.4775390625 0.01953125 0.1220703125
2 0.9853515625 0.48046875 0.025390625 0.16015625