1 0.9388020833333334 0.5204166666666667 0.12135416666666667 0.19416666666666668
2 0.8153645833333333 0.46416666666666667 0.024479166666666666 0.08333333333333334
2 0.7966145833333333 0.5033333333333334 0.04635416666666667 0.04666666666666667
2 0.7765625 0.47458333333333336 0.015625 0.0675
1 0.04895833333333333 0.5558333333333334 0.096875 0.095
1 0.09427083333333333 0.5308333333333334 0.042708333333333334 0.08833333333333333
1 0.13333333333333333 0.5308333333333334 0.04375 0.055
1 0.2265625 0.5141666666666667 0.042708333333333334 0.058333333333333334
1 0.2677083333333333 0.5133333333333334 0.03125 0.04
1 0.3927083333333333 0.5900000000000001 0.24791666666666667 0.34
1 0.5270833333333333 0.5166666666666667 0.09375 0.09000000000000001
2 0.6317708333333333 0.48000000000000004 0.017708333333333333 0.05666666666666667