1 0.3927083333333333 0.5141666666666667 0.18958333333333333 0.11166666666666668
1 0.43854166666666666 0.505 0.06666666666666667 0.07
1 0.5015625 0.48500000000000004 0.06145833333333333 0.060000000000000005
0 0.6140625 0.5516666666666667 0.18020833333333333 0.2833333333333333
0 0.6182291666666666 0.5508333333333334 0.18229166666666666 0.28500000000000003
7 0.5598958333333334 0.24500000000000002 0.02395833333333333 0.07333333333333333
1 0.6557291666666667 0.49583333333333335 0.053125 0.07833333333333334
1 0.6583333333333333 0.49500000000000005 0.05416666666666667 0.07
6 0.6770833333333334 0.24916666666666668 0.027083333333333334 0.08166666666666667
1 0.8598958333333333 0.4966666666666667 0.04479166666666667 0.05
6 0.9796874999999999 0.3816666666666667 0.030208333333333334 0.06666666666666667