1 0.34010416666666665 0.5216666666666667 0.03333333333333333 0.03833333333333334
1 0.30390625 0.5279166666666667 0.03697916666666667 0.04583333333333334
1 0.28359375 0.5366666666666667 0.03802083333333333 0.05166666666666667
1 0.24114583333333334 0.54 0.06458333333333333 0.06333333333333334
1 0.18098958333333334 0.5566666666666668 0.08177083333333333 0.09000000000000001
1 0.054947916666666666 0.5520833333333334 0.10885416666666667 0.19583333333333336
3 0.01614583333333333 0.35750000000000004 0.030208333333333334 0.10166666666666667
2 0.5244791666666666 0.5408333333333334 0.07395833333333333 0.11833333333333335
3 0.5203125 0.3175 0.036458333333333336 0.10500000000000001
2 0.5177083333333333 0.5116666666666667 0.022916666666666665 0.11
2 0.5604166666666667 0.5191666666666667 0.035416666666666666 0.115
2 0.625 0.5133333333333334 0.0875 0.1366666666666667
2 0.8661458333333333 0.4791666666666667 0.042708333333333334 0.15833333333333335