1 0.11770833333333333 0.625 0.1625 0.17
1 0.225 0.5966666666666667 0.05416666666666667 0.1366666666666667
1 0.2609375 0.5908333333333333 0.030208333333333334 0.05166666666666667
1 0.2796875 0.5841666666666667 0.017708333333333333 0.03833333333333334
1 0.2984375 0.5758333333333334 0.021875 0.035
1 0.3494791666666667 0.5716666666666667 0.030208333333333334 0.043333333333333335
1 0.3515625 0.5658333333333334 0.03229166666666666 0.04166666666666667
1 0.42864583333333334 0.5633333333333334 0.02395833333333333 0.060000000000000005
1 0.4979166666666667 0.5875 0.09583333333333333 0.13833333333333334
2 0.8270833333333333 0.4683333333333334 0.020833333333333332 0.02666666666666667
2 0.8328125 0.46416666666666667 0.02395833333333333 0.025