2 0.08958333333333333 0.5358333333333334 0.025 0.065
2 0.09114583333333333 0.5375000000000001 0.026041666666666668 0.07500000000000001
1 0.15885416666666666 0.5183333333333333 0.053125 0.08
6 0.1703125 0.4066666666666667 0.021875 0.06333333333333334
1 0.21770833333333334 0.5041666666666667 0.05 0.03166666666666667
1 0.22239583333333332 0.5291666666666667 0.051041666666666666 0.045000000000000005
1 0.3151041666666667 0.5233333333333333 0.057291666666666664 0.07333333333333333
1 0.3958333333333333 0.51 0.027083333333333334 0.03333333333333333
1 0.5026041666666666 0.5225000000000001 0.059375 0.058333333333333334
1 0.50625 0.5241666666666667 0.04583333333333333 0.055
3 0.5708333333333333 0.3816666666666667 0.020833333333333332 0.06333333333333334