1 0.0546875 0.5400390625 0.0380859375 0.0537109375
1 0.177734375 0.5185546875 0.0458984375 0.0537109375
7 0.166015625 0.3466796875 0.015625 0.0537109375
1 0.248046875 0.5185546875 0.0400390625 0.0498046875
4 0.2509765625 0.349609375 0.017578125 0.0498046875
1 0.279296875 0.5146484375 0.037109375 0.056640625
1 0.3955078125 0.525390625 0.1162109375 0.18359375
4 0.3623046875 0.4287109375 0.0166015625 0.0478515625
1 0.5439453125 0.4970703125 0.1005859375 0.0966796875
1 0.6103515625 0.5595703125 0.154296875 0.1337890625
3 0.6259765625 0.3388671875 0.0263671875 0.0849609375
2 0.6767578125 0.5107421875 0.025390625 0.0986328125
1 0.833984375 0.603515625 0.330078125 0.2763671875