10 0.057291666666666664 0.4733333333333334 0.11458333333333333 0.18333333333333335
10 0.17864583333333334 0.5091666666666667 0.13854166666666667 0.1716666666666667
1 0.18541666666666667 0.4816666666666667 0.13333333333333333 0.09666666666666668
1 0.20885416666666667 0.5591666666666667 0.11979166666666667 0.12833333333333335
1 0.3484375 0.5775 0.165625 0.20500000000000002
1 0.4041666666666667 0.5 0.09583333333333333 0.16
10 0.41354166666666664 0.5291666666666667 0.1 0.155
1 0.509375 0.5366666666666667 0.06041666666666667 0.08
1 0.5848958333333333 0.5341666666666667 0.10104166666666667 0.14166666666666666
1 0.6609375 0.5650000000000001 0.16770833333333332 0.15666666666666668
1 0.7541666666666667 0.4841666666666667 0.09583333333333333 0.18500000000000003
10 0.7619791666666667 0.5016666666666667 0.10104166666666667 0.18000000000000002