7 0.0984375 0.45083333333333336 0.02395833333333333 0.055
7 0.09791666666666667 0.44333333333333336 0.01875 0.05
1 0.15989583333333332 0.5591666666666667 0.053125 0.06833333333333334
1 0.28072916666666664 0.5975 0.2552083333333333 0.3383333333333334
7 0.3515625 0.43500000000000005 0.017708333333333333 0.05333333333333334
1 0.42864583333333334 0.5700000000000001 0.08854166666666667 0.16
4 0.48333333333333334 0.37083333333333335 0.016666666666666666 0.055
1 0.5182291666666666 0.5533333333333333 0.040625 0.05
3 0.5359375 0.4441666666666667 0.017708333333333333 0.05166666666666667
3 0.7380208333333333 0.31583333333333335 0.034375 0.11166666666666668
2 0.7598958333333333 0.5408333333333334 0.021875 0.07166666666666667
2 0.7838541666666666 0.5441666666666667 0.021875 0.085
1 0.9286458333333333 0.5691666666666667 0.08020833333333333 0.095