1 0.11979166666666667 0.5583333333333333 0.19791666666666666 0.23
1 0.11770833333333333 0.5566666666666668 0.1875 0.21333333333333335
1 0.30364583333333334 0.5408333333333334 0.057291666666666664 0.06166666666666667
1 0.3072916666666667 0.5425 0.035416666666666666 0.045000000000000005
1 0.4609375 0.5316666666666667 0.04895833333333333 0.07
1 0.4609375 0.5266666666666667 0.040625 0.060000000000000005
1 0.5171875 0.55 0.046875 0.12333333333333334
1 0.5572916666666666 0.5725 0.10208333333333333 0.18166666666666667
1 0.5703125 0.5850000000000001 0.128125 0.19333333333333336
1 0.715625 0.6291666666666667 0.3229166666666667 0.3383333333333334
1 0.7130208333333333 0.6175 0.309375 0.29833333333333334