10 0.06458333333333333 0.5041666666666667 0.12916666666666665 0.12166666666666667
10 0.0484375 0.5075000000000001 0.096875 0.11166666666666668
1 0.09739583333333333 0.5783333333333334 0.128125 0.17333333333333334
1 0.2864583333333333 0.5900000000000001 0.31875 0.41000000000000003
3 0.31614583333333335 0.32916666666666666 0.019791666666666666 0.06166666666666667
6 0.41354166666666664 0.32666666666666666 0.022916666666666665 0.05333333333333334
6 0.41562499999999997 0.3358333333333334 0.016666666666666666 0.055
6 0.49166666666666664 0.32916666666666666 0.022916666666666665 0.065
6 0.4927083333333333 0.32833333333333337 0.016666666666666666 0.04666666666666667
1 0.5234375 0.5091666666666667 0.059375 0.07500000000000001
10 0.5255208333333333 0.5025000000000001 0.036458333333333336 0.06166666666666667
1 0.5770833333333333 0.5291666666666667 0.09166666666666666 0.08166666666666667
1 0.5755208333333334 0.5283333333333333 0.078125 0.07666666666666667
1 0.6322916666666667 0.5433333333333333 0.04583333333333333 0.11666666666666667
1 0.7979166666666666 0.6325000000000001 0.375 0.36500000000000005
6 0.6791666666666667 0.42083333333333334 0.01875 0.055
1 0.7854166666666667 0.5316666666666667 0.10416666666666667 0.13333333333333333
6 0.93125 0.2566666666666667 0.058333333333333334 0.16333333333333333
1 0.9421875 0.52 0.08020833333333333 0.060000000000000005
2 0.9609375 0.5233333333333333 0.026041666666666668 0.06666666666666667