1 0.0341796875 0.5478515625 0.0673828125 0.125
1 0.1181640625 0.537109375 0.12109375 0.115234375
1 0.1240234375 0.5390625 0.109375 0.1181640625
1 0.220703125 0.5126953125 0.08203125 0.0947265625
1 0.2255859375 0.5146484375 0.0732421875 0.078125
1 0.275390625 0.513671875 0.0517578125 0.06640625
1 0.27734375 0.513671875 0.0458984375 0.0595703125
1 0.275390625 0.5146484375 0.03515625 0.0703125
1 0.357421875 0.4990234375 0.029296875 0.0478515625
1 0.5498046875 0.4951171875 0.0478515625 0.0732421875
1 0.6025390625 0.501953125 0.078125 0.1103515625
1 0.65234375 0.51953125 0.1103515625 0.0947265625
1 0.90625 0.486328125 0.1669921875 0.103515625