2 0.03515625 0.5048828125 0.021484375 0.0771484375
4 0.0888671875 0.31640625 0.0205078125 0.0830078125
1 0.48046875 0.4970703125 0.01953125 0.0263671875
1 0.5439453125 0.5 0.041015625 0.080078125
1 0.5380859375 0.498046875 0.017578125 0.056640625
1 0.5712890625 0.5029296875 0.0361328125 0.046875
1 0.576171875 0.53125 0.0458984375 0.078125
1 0.6123046875 0.5146484375 0.0654296875 0.0751953125
3 0.6171875 0.283203125 0.0263671875 0.08984375
2 0.6259765625 0.5341796875 0.0283203125 0.1015625
2 0.931640625 0.50390625 0.03515625 0.1552734375
2 0.9365234375 0.505859375 0.0380859375 0.1552734375