1 0.146484375 0.5556640625 0.0947265625 0.1220703125
1 0.22265625 0.544921875 0.076171875 0.080078125
1 0.2607421875 0.5302734375 0.0361328125 0.0634765625
1 0.2626953125 0.5283203125 0.029296875 0.0830078125
1 0.4072265625 0.5244140625 0.04296875 0.091796875
1 0.451171875 0.546875 0.09375 0.1103515625
1 0.4521484375 0.5478515625 0.0771484375 0.0966796875
1 0.544921875 0.5322265625 0.033203125 0.0712890625
1 0.5830078125 0.546875 0.064453125 0.0703125
1 0.6435546875 0.5537109375 0.0654296875 0.1181640625
1 0.740234375 0.57421875 0.1513671875 0.1484375