1 0.06979166666666667 0.5525 0.10208333333333333 0.12166666666666667
1 0.0796875 0.5458333333333334 0.071875 0.10166666666666667
2 0.09114583333333333 0.5325000000000001 0.02395833333333333 0.085
1 0.16770833333333332 0.5416666666666667 0.07916666666666666 0.07666666666666667
1 0.16770833333333332 0.5433333333333333 0.0625 0.06333333333333334
1 0.21666666666666667 0.5341666666666667 0.029166666666666667 0.04833333333333334
1 0.35 0.5925 0.17916666666666667 0.24833333333333335
1 0.5953125 0.5366666666666667 0.042708333333333334 0.09666666666666668
1 0.6380208333333334 0.5425 0.042708333333333334 0.155
1 0.8244791666666667 0.5691666666666667 0.31145833333333334 0.38833333333333336
1 0.8296875 0.5625 0.31979166666666664 0.335