2 0.982421875 0.5908203125 0.033203125 0.1484375
2 0.9365234375 0.5927734375 0.0234375 0.12890625
1 0.0732421875 0.6240234375 0.1201171875 0.125
1 0.2529296875 0.619140625 0.080078125 0.091796875
1 0.3134765625 0.580078125 0.017578125 0.0234375
3 0.322265625 0.2314453125 0.02734375 0.0966796875
1 0.4365234375 0.599609375 0.0966796875 0.134765625
4 0.49609375 0.24609375 0.0302734375 0.0986328125
4 0.833984375 0.431640625 0.03125 0.08984375
0 0.873046875 0.5927734375 0.05859375 0.2119140625
0 0.875 0.587890625 0.0419921875 0.2021484375