2 0.8481770833333333 0.4629166666666667 0.009895833333333333 0.04083333333333333
1 0.228125 0.4991666666666667 0.11041666666666666 0.10833333333333334
1 0.26927083333333335 0.4666666666666667 0.04895833333333333 0.07666666666666667
1 0.3890625 0.4991666666666667 0.034375 0.035
1 0.390625 0.4966666666666667 0.035416666666666666 0.04666666666666667
4 0.4125 0.36000000000000004 0.016666666666666666 0.04666666666666667
4 0.41510416666666666 0.3616666666666667 0.017708333333333333 0.05
1 0.48593749999999997 0.48833333333333334 0.028125 0.043333333333333335
1 0.48802083333333335 0.49000000000000005 0.02395833333333333 0.03333333333333333
4 0.5067708333333333 0.37083333333333335 0.019791666666666666 0.045000000000000005
4 0.6036458333333333 0.42750000000000005 0.015625 0.03833333333333334
2 0.6484375 0.4783333333333334 0.021875 0.07
2 0.6510416666666666 0.4866666666666667 0.014583333333333334 0.07666666666666667
2 0.8723958333333334 0.4708333333333334 0.019791666666666666 0.055
2 0.8796875 0.4733333333333334 0.02395833333333333 0.06333333333333334