1 0.0341796875 0.5908203125 0.068359375 0.1083984375
1 0.921875 0.6708984375 0.15234375 0.470703125
1 0.1279296875 0.5712890625 0.087890625 0.0654296875
1 0.1923828125 0.5595703125 0.0693359375 0.080078125
1 0.189453125 0.55859375 0.0419921875 0.06640625
1 0.234375 0.5576171875 0.0400390625 0.0478515625
1 0.2685546875 0.556640625 0.021484375 0.046875
1 0.375 0.603515625 0.1435546875 0.2099609375
1 0.5556640625 0.5537109375 0.0576171875 0.1513671875
1 0.5576171875 0.5498046875 0.0478515625 0.123046875
1 0.6123046875 0.5849609375 0.0673828125 0.1533203125
1 0.61328125 0.578125 0.06640625 0.1201171875
1 0.6982421875 0.5791015625 0.1044921875 0.158203125
1 0.798828125 0.6201171875 0.0986328125 0.2236328125