0 0.63671875 0.48458333333333337 0.0421875 0.07416666666666667
6 0.0328125 0.36333333333333334 0.015625 0.05333333333333334
1 0.2125 0.48833333333333334 0.2916666666666667 0.36333333333333334
1 0.3796875 0.49583333333333335 0.06979166666666667 0.09833333333333334
7 0.3703125 0.3075 0.015625 0.03833333333333334
1 0.4973958333333333 0.5425 0.19895833333333332 0.24833333333333335
6 0.48072916666666665 0.25583333333333336 0.013541666666666667 0.05166666666666667
6 0.6296875 0.3666666666666667 0.017708333333333333 0.03666666666666667
1 0.7583333333333333 0.5433333333333333 0.21458333333333332 0.19333333333333336
1 0.8515625 0.4633333333333334 0.078125 0.05666666666666667
1 0.9182291666666667 0.6033333333333334 0.16145833333333334 0.37333333333333335
6 0.8526041666666666 0.2758333333333334 0.021875 0.04166666666666667
1 0.8786458333333333 0.49000000000000005 0.07395833333333333 0.07666666666666667