2 0.7450520833333333 0.5175000000000001 0.022395833333333334 0.06333333333333334
1 0.9268229166666666 0.5387500000000001 0.1453125 0.13083333333333333
1 0.043229166666666666 0.5591666666666667 0.06354166666666666 0.045000000000000005
4 0.29010416666666666 0.3691666666666667 0.030208333333333334 0.085
4 0.346875 0.42750000000000005 0.010416666666666666 0.04166666666666667
1 0.41510416666666666 0.5275000000000001 0.04895833333333333 0.06833333333333334
1 0.4630208333333333 0.5241666666666667 0.015625 0.025
1 0.48125 0.5291666666666667 0.03125 0.03833333333333334
4 0.4895833333333333 0.3175 0.0125 0.04833333333333334
1 0.5197916666666667 0.52 0.0625 0.08333333333333334
4 0.5859375 0.3075 0.013541666666666667 0.04833333333333334