2 0.2802734375 0.5283203125 0.0263671875 0.0869140625
2 0.28515625 0.5419921875 0.017578125 0.0634765625
2 0.302734375 0.5341796875 0.025390625 0.078125
2 0.2998046875 0.5361328125 0.017578125 0.068359375
1 0.4375 0.51953125 0.0419921875 0.044921875
10 0.5029296875 0.490234375 0.0986328125 0.0537109375
1 0.5048828125 0.490234375 0.0908203125 0.0498046875
1 0.478515625 0.51171875 0.029296875 0.037109375
1 0.5810546875 0.505859375 0.0400390625 0.0546875
1 0.62890625 0.4990234375 0.0302734375 0.0419921875
1 0.66796875 0.5126953125 0.0478515625 0.0517578125