1 0.23828125 0.541015625 0.072265625 0.0830078125
1 0.94140625 0.5771484375 0.11328125 0.361328125
1 0.0576171875 0.556640625 0.11328125 0.1435546875
1 0.068359375 0.548828125 0.09375 0.1181640625
1 0.1396484375 0.5498046875 0.0673828125 0.13671875
1 0.1455078125 0.5576171875 0.05859375 0.0947265625
10 0.1826171875 0.5087890625 0.046875 0.19140625
10 0.1904296875 0.5146484375 0.04296875 0.1552734375
10 0.4072265625 0.4853515625 0.11328125 0.23046875
1 0.5712890625 0.546875 0.16015625 0.09375
1 0.572265625 0.5419921875 0.1611328125 0.080078125
1 0.7861328125 0.5537109375 0.2666015625 0.26953125