2 0.650390625 0.51953125 0.0244140625 0.08203125
10 0.0751953125 0.5068359375 0.1494140625 0.15625
1 0.0791015625 0.6064453125 0.1572265625 0.2431640625
1 0.169921875 0.5673828125 0.0693359375 0.0654296875
1 0.2177734375 0.5546875 0.0478515625 0.0634765625
1 0.220703125 0.5546875 0.0400390625 0.056640625
1 0.25 0.5478515625 0.03125 0.0546875
1 0.248046875 0.548828125 0.0244140625 0.0478515625
1 0.34765625 0.609375 0.2099609375 0.2783203125
3 0.337890625 0.251953125 0.0244140625 0.0771484375
4 0.4658203125 0.28515625 0.0224609375 0.0703125
1 0.4912109375 0.537109375 0.0361328125 0.0498046875
1 0.4912109375 0.5400390625 0.029296875 0.0400390625
4 0.6416015625 0.400390625 0.0224609375 0.06640625
1 0.8349609375 0.6396484375 0.3251953125 0.7099609375