10 0.06354166666666666 0.48333333333333334 0.12708333333333333 0.18333333333333335
1 0.11458333333333333 0.5633333333333334 0.10833333333333334 0.11333333333333334
1 0.17760416666666667 0.47750000000000004 0.128125 0.12833333333333335
1 0.2859375 0.625 0.2947916666666667 0.35000000000000003
1 0.38385416666666666 0.49750000000000005 0.15729166666666666 0.26166666666666666
1 0.43333333333333335 0.52 0.07708333333333334 0.26
1 0.5098958333333333 0.5391666666666667 0.059375 0.085
1 0.53125 0.5333333333333333 0.029166666666666667 0.11
1 0.5723958333333333 0.5266666666666667 0.084375 0.16333333333333333
1 0.6541666666666667 0.5566666666666668 0.175 0.18333333333333335
10 0.7479166666666667 0.4758333333333334 0.11041666666666666 0.19833333333333333
1 0.7541666666666667 0.48333333333333334 0.10833333333333334 0.18333333333333335