1 0.3091145833333333 0.4929166666666667 0.059895833333333336 0.060833333333333336
2 0.3299479166666667 0.4979166666666667 0.0140625 0.05916666666666667
0 0.04739583333333333 0.5225000000000001 0.03854166666666667 0.07166666666666667
0 0.04739583333333333 0.525 0.028125 0.060000000000000005
1 0.19322916666666667 0.5041666666666667 0.190625 0.10833333333333334
7 0.20989583333333334 0.42083333333333334 0.013541666666666667 0.04166666666666667
7 0.2140625 0.4191666666666667 0.019791666666666666 0.045000000000000005
2 0.23385416666666667 0.5083333333333334 0.021875 0.06666666666666667
2 0.40989583333333335 0.5241666666666667 0.06145833333333333 0.20500000000000002
10 0.4354166666666667 0.4566666666666667 0.07083333333333333 0.12000000000000001
2 0.47604166666666664 0.5333333333333333 0.05625 0.19333333333333336
2 0.5208333333333334 0.5225000000000001 0.03958333333333333 0.22833333333333336
7 0.5380208333333333 0.33083333333333337 0.017708333333333333 0.055
6 0.5994791666666667 0.335 0.017708333333333333 0.05666666666666667
1 0.6697916666666667 0.5058333333333334 0.07916666666666666 0.055
6 0.7171875 0.40750000000000003 0.017708333333333333 0.055
1 0.8453125 0.5075000000000001 0.11354166666666667 0.065
2 0.8479166666666667 0.5466666666666667 0.058333333333333334 0.21000000000000002