1 0.10416666666666667 0.5808333333333334 0.1 0.11166666666666668
1 0.1703125 0.5650000000000001 0.05520833333333333 0.08333333333333334
1 0.20833333333333334 0.5566666666666668 0.027083333333333334 0.07666666666666667
1 0.2947916666666667 0.5433333333333333 0.03125 0.04
1 0.3609375 0.5458333333333334 0.10520833333333333 0.165
1 0.4322916666666667 0.5308333333333334 0.029166666666666667 0.05166666666666667
1 0.5296875 0.5533333333333333 0.090625 0.11
1 0.8265625 0.6983333333333334 0.34270833333333334 0.4666666666666667
1 0.8276041666666667 0.7000000000000001 0.3385416666666667 0.46
2 0.6765625 0.5316666666666667 0.030208333333333334 0.11666666666666667
2 0.6791666666666667 0.5308333333333334 0.03333333333333333 0.12833333333333335
2 0.7364583333333333 0.5041666666666667 0.03125 0.10833333333333334
2 0.7354166666666666 0.5041666666666667 0.020833333333333332 0.10166666666666667