1 0.1064453125 0.560546875 0.0478515625 0.0546875
1 0.1103515625 0.564453125 0.0439453125 0.0380859375
1 0.2236328125 0.5439453125 0.1650390625 0.181640625
1 0.3369140625 0.533203125 0.017578125 0.0400390625
1 0.3828125 0.53125 0.041015625 0.0654296875
1 0.431640625 0.529296875 0.0517578125 0.0712890625
1 0.48046875 0.5146484375 0.0419921875 0.0732421875
1 0.478515625 0.5146484375 0.029296875 0.046875
1 0.611328125 0.57421875 0.1875 0.21484375
2 0.767578125 0.525390625 0.0263671875 0.1083984375
2 0.77734375 0.515625 0.0283203125 0.115234375
2 0.7763671875 0.517578125 0.017578125 0.111328125