1 0.08697916666666666 0.5791666666666667 0.13229166666666667 0.18166666666666667
10 0.07604166666666666 0.5016666666666667 0.10833333333333334 0.08666666666666667
1 0.284375 0.5916666666666667 0.32916666666666666 0.42333333333333334
3 0.3182291666666667 0.32916666666666666 0.017708333333333333 0.05166666666666667
6 0.4140625 0.32583333333333336 0.017708333333333333 0.045000000000000005
1 0.4895833333333333 0.5208333333333334 0.025 0.045000000000000005
6 0.49166666666666664 0.32583333333333336 0.016666666666666666 0.05166666666666667
1 0.5401041666666666 0.5316666666666667 0.046875 0.05666666666666667
1 0.6921875 0.5633333333333334 0.15729166666666666 0.17333333333333334
2 0.63125 0.5183333333333333 0.01875 0.05666666666666667
2 0.6322916666666667 0.5133333333333334 0.014583333333333334 0.04
6 0.6796875 0.41583333333333333 0.015625 0.045000000000000005
10 0.8682291666666666 0.48000000000000004 0.21354166666666666 0.1366666666666667
1 0.95 0.5225000000000001 0.09791666666666667 0.06833333333333334
6 0.9296875 0.24666666666666667 0.04895833333333333 0.15333333333333335
2 0.9552083333333333 0.5416666666666667 0.029166666666666667 0.12000000000000001