1 0.0869140625 0.5556640625 0.1728515625 0.1494140625
2 0.94140625 0.60546875 0.1103515625 0.4501953125
1 0.220703125 0.525390625 0.087890625 0.1162109375
1 0.220703125 0.5302734375 0.0712890625 0.103515625
1 0.322265625 0.529296875 0.0693359375 0.0947265625
1 0.4189453125 0.5224609375 0.07421875 0.091796875
1 0.4169921875 0.5224609375 0.0615234375 0.087890625
6 0.51171875 0.34765625 0.0263671875 0.087890625
2 0.5771484375 0.6064453125 0.072265625 0.580078125
2 0.7353515625 0.6318359375 0.1083984375 0.6533203125
2 0.8876953125 0.572265625 0.0615234375 0.4482421875