1 0.03515625 0.57421875 0.0693359375 0.0986328125
1 0.7529296875 0.501953125 0.07421875 0.060546875
1 0.0888671875 0.5732421875 0.0947265625 0.0830078125
1 0.15234375 0.564453125 0.0419921875 0.05859375
1 0.20703125 0.5498046875 0.052734375 0.06640625
1 0.275390625 0.541015625 0.0576171875 0.078125
3 0.2607421875 0.34375 0.025390625 0.0546875
1 0.376953125 0.5693359375 0.171875 0.23828125
4 0.32421875 0.322265625 0.0146484375 0.0478515625
4 0.390625 0.3369140625 0.0126953125 0.0537109375
4 0.50390625 0.431640625 0.0126953125 0.0400390625
1 0.5869140625 0.5361328125 0.1337890625 0.115234375
1 0.681640625 0.5048828125 0.1005859375 0.06640625
4 0.6865234375 0.224609375 0.044921875 0.1396484375