1 0.9228515625 0.626953125 0.1533203125 0.3525390625
1 0.0576171875 0.5537109375 0.1005859375 0.0732421875
1 0.1357421875 0.5439453125 0.0869140625 0.0947265625
1 0.140625 0.537109375 0.0625 0.080078125
2 0.15234375 0.5361328125 0.0244140625 0.0849609375
1 0.203125 0.5400390625 0.060546875 0.0634765625
1 0.2041015625 0.5380859375 0.052734375 0.0498046875
1 0.2412109375 0.53125 0.0302734375 0.04296875
1 0.3564453125 0.5908203125 0.1669921875 0.2314453125
1 0.564453125 0.5390625 0.037109375 0.068359375
1 0.6298828125 0.5478515625 0.107421875 0.2314453125
1 0.6318359375 0.5380859375 0.103515625 0.1904296875
1 0.7607421875 0.5986328125 0.1845703125 0.259765625
1 0.763671875 0.5771484375 0.166015625 0.2099609375