8 0.9052083333333333 0.3204166666666667 0.020833333333333332 0.0825
8 0.521875 0.12041666666666667 0.02395833333333333 0.09083333333333334
8 0.36822916666666666 0.11166666666666668 0.025 0.09000000000000001
9 0.178125 0.11625 0.026041666666666668 0.09083333333333334
1 0.07578125 0.5133333333333334 0.09010416666666667 0.08
1 0.2453125 0.5041666666666667 0.09479166666666666 0.08833333333333333
1 0.3072916666666667 0.4941666666666667 0.06458333333333333 0.07833333333333334
1 0.3171875 0.4891666666666667 0.051041666666666666 0.095
1 0.390625 0.49000000000000005 0.027083333333333334 0.05
1 0.4171875 0.5008333333333334 0.03854166666666667 0.045000000000000005
1 0.459375 0.49083333333333334 0.05416666666666667 0.065
1 0.565625 0.4966666666666667 0.0375 0.04666666666666667
1 0.884375 0.4766666666666667 0.0625 0.04666666666666667