4 0.7890625 0.033203125 0.0322265625 0.064453125
1 0.0576171875 0.51953125 0.115234375 0.20703125
1 0.9228515625 0.5380859375 0.1533203125 0.12109375
1 0.1259765625 0.537109375 0.0498046875 0.1064453125
1 0.1728515625 0.51171875 0.03515625 0.08984375
1 0.216796875 0.4921875 0.0361328125 0.0419921875
1 0.2470703125 0.48046875 0.025390625 0.033203125
1 0.34765625 0.494140625 0.052734375 0.0849609375
1 0.3818359375 0.47265625 0.02734375 0.021484375
1 0.3974609375 0.4873046875 0.033203125 0.0478515625
1 0.4130859375 0.46875 0.0224609375 0.0283203125
1 0.4716796875 0.5009765625 0.072265625 0.10546875
1 0.533203125 0.490234375 0.017578125 0.033203125
1 0.5517578125 0.4912109375 0.0439453125 0.046875
1 0.6142578125 0.4912109375 0.0712890625 0.078125
1 0.740234375 0.515625 0.09765625 0.0849609375