1 0.04739583333333333 0.5133333333333334 0.03854166666666667 0.03666666666666667
1 0.07552083333333333 0.5183333333333333 0.057291666666666664 0.04666666666666667
1 0.07604166666666666 0.5133333333333334 0.04791666666666666 0.03333333333333333
1 0.17604166666666665 0.5075000000000001 0.06458333333333333 0.04166666666666667
1 0.3614583333333333 0.49333333333333335 0.07916666666666666 0.08
4 0.4302083333333333 0.3766666666666667 0.014583333333333334 0.03666666666666667
4 0.4302083333333333 0.37583333333333335 0.014583333333333334 0.03166666666666667
4 0.4713541666666667 0.375 0.017708333333333333 0.02666666666666667
4 0.4708333333333333 0.3816666666666667 0.014583333333333334 0.030000000000000002
1 0.5125 0.48500000000000004 0.03958333333333333 0.04
4 0.5776041666666667 0.4366666666666667 0.013541666666666667 0.02666666666666667
4 0.5822916666666667 0.43333333333333335 0.016666666666666666 0.03666666666666667
1 0.6572916666666666 0.5066666666666667 0.12291666666666666 0.09666666666666668
4 0.6125 0.41250000000000003 0.014583333333333334 0.03833333333333334
4 0.6125 0.42333333333333334 0.014583333333333334 0.03666666666666667
0 0.778125 0.5325000000000001 0.06666666666666667 0.24166666666666667