1 0.03515625 0.5741666666666667 0.06927083333333334 0.09833333333333334
1 0.753125 0.5020833333333333 0.07395833333333333 0.060833333333333336
1 0.0890625 0.5733333333333334 0.09479166666666666 0.08333333333333334
1 0.15208333333333332 0.5641666666666667 0.041666666666666664 0.058333333333333334
1 0.20677083333333332 0.55 0.053125 0.06666666666666667
1 0.2755208333333333 0.5408333333333334 0.057291666666666664 0.07833333333333334
3 0.2604166666666667 0.3441666666666667 0.025 0.055
1 0.3765625 0.5691666666666667 0.171875 0.23833333333333334
4 0.32395833333333335 0.3225 0.014583333333333334 0.04833333333333334
4 0.390625 0.33666666666666667 0.0125 0.05333333333333334
4 0.5041666666666667 0.4316666666666667 0.0125 0.04
1 0.5864583333333333 0.5358333333333334 0.13333333333333333 0.115
1 0.6817708333333333 0.505 0.10104166666666667 0.06666666666666667
4 0.6869791666666667 0.225 0.04479166666666667 0.14