1 0.046875 0.5244140625 0.052734375 0.05078125
1 0.0927734375 0.5126953125 0.0595703125 0.0576171875
1 0.1650390625 0.5078125 0.033203125 0.0546875
1 0.16796875 0.50390625 0.041015625 0.0419921875
1 0.271484375 0.5009765625 0.0380859375 0.044921875
1 0.3115234375 0.505859375 0.06640625 0.087890625
4 0.2939453125 0.3046875 0.0185546875 0.0537109375
4 0.2958984375 0.3115234375 0.0185546875 0.0498046875
4 0.38671875 0.2978515625 0.017578125 0.04296875
4 0.38671875 0.3056640625 0.0166015625 0.0517578125
1 0.46484375 0.4794921875 0.05078125 0.0380859375
4 0.4638671875 0.3134765625 0.0263671875 0.0595703125
4 0.462890625 0.314453125 0.021484375 0.0546875
4 0.6142578125 0.39453125 0.021484375 0.056640625
4 0.615234375 0.3994140625 0.0166015625 0.044921875
4 0.6806640625 0.34765625 0.02734375 0.0654296875
4 0.6826171875 0.3515625 0.02734375 0.080078125