2 0.059895833333333336 0.5958333333333333 0.028125 0.17
2 0.08125 0.5866666666666667 0.04479166666666667 0.16333333333333333
2 0.15989583333333332 0.5825 0.03229166666666666 0.20833333333333334
6 0.17291666666666666 0.41833333333333333 0.020833333333333332 0.06666666666666667
2 0.18229166666666666 0.5775 0.027083333333333334 0.20500000000000002
2 0.209375 0.5741666666666667 0.025 0.1716666666666667
2 0.21822916666666667 0.6025 0.009375 0.13833333333333334
2 0.24375 0.5675 0.0375 0.21833333333333335
2 0.24375 0.5625 0.025 0.195
1 0.2791666666666667 0.5458333333333334 0.022916666666666665 0.055
2 0.2994791666666667 0.5750000000000001 0.036458333333333336 0.2
2 0.32395833333333335 0.5625 0.020833333333333332 0.18500000000000003
2 0.3572916666666667 0.5700000000000001 0.03125 0.22
1 0.39479166666666665 0.5166666666666667 0.03333333333333333 0.04666666666666667
2 0.475 0.5325000000000001 0.029166666666666667 0.095
1 0.5098958333333333 0.525 0.053125 0.08
1 0.5088541666666666 0.5316666666666667 0.042708333333333334 0.06666666666666667
2 0.5708333333333333 0.5558333333333334 0.03333333333333333 0.20833333333333334
6 0.5744791666666667 0.39583333333333337 0.019791666666666666 0.06166666666666667
2 0.5776041666666667 0.5516666666666667 0.026041666666666668 0.19
2 0.6 0.5533333333333333 0.052083333333333336 0.19666666666666668
2 0.6385416666666667 0.5475 0.05 0.17833333333333334
2 0.6385416666666667 0.5433333333333333 0.03333333333333333 0.17
1 0.8697916666666666 0.6933333333333334 0.25625 0.52
2 0.8661458333333333 0.455 0.026041666666666668 0.07666666666666667