10 0.05859375 0.4912109375 0.1162109375 0.1845703125
1 0.0947265625 0.5771484375 0.189453125 0.2021484375
1 0.17578125 0.470703125 0.1201171875 0.1220703125
10 0.1845703125 0.4931640625 0.1298828125 0.146484375
1 0.2890625 0.6240234375 0.2744140625 0.337890625
10 0.404296875 0.529296875 0.12890625 0.19140625
1 0.43359375 0.51953125 0.0771484375 0.259765625
1 0.5087890625 0.537109375 0.056640625 0.08203125
1 0.53125 0.533203125 0.029296875 0.1103515625
1 0.5859375 0.52734375 0.107421875 0.1513671875
1 0.654296875 0.55859375 0.173828125 0.1796875
10 0.751953125 0.482421875 0.107421875 0.19140625