1 0.087890625 0.55859375 0.095703125 0.099609375
1 0.150390625 0.546875 0.0498046875 0.0634765625
1 0.154296875 0.5478515625 0.0517578125 0.0498046875
1 0.216796875 0.5400390625 0.09375 0.1064453125
7 0.189453125 0.265625 0.025390625 0.0751953125
4 0.279296875 0.2412109375 0.0263671875 0.0732421875
4 0.2802734375 0.2412109375 0.021484375 0.06640625
1 0.3994140625 0.5390625 0.119140625 0.1787109375
4 0.373046875 0.2578125 0.0224609375 0.0712890625
4 0.3720703125 0.259765625 0.015625 0.0634765625
4 0.5224609375 0.376953125 0.0244140625 0.06640625
4 0.5224609375 0.3837890625 0.0185546875 0.0498046875
1 0.6650390625 0.5029296875 0.09765625 0.0869140625
1 0.78125 0.4970703125 0.1474609375 0.1015625
1 0.8623046875 0.4853515625 0.0888671875 0.080078125