1 0.11458333333333333 0.5291666666666667 0.041666666666666664 0.045000000000000005
1 0.16145833333333334 0.5275000000000001 0.029166666666666667 0.03833333333333334
1 0.19635416666666666 0.52 0.026041666666666668 0.05
5 0.19114583333333332 0.4108333333333334 0.013541666666666667 0.04166666666666667
1 0.21979166666666666 0.5208333333333334 0.04583333333333333 0.06166666666666667
4 0.2296875 0.39916666666666667 0.009375 0.03166666666666667
4 0.23489583333333333 0.39583333333333337 0.011458333333333333 0.03166666666666667
4 0.26979166666666665 0.405 0.010416666666666666 0.030000000000000002
4 0.26979166666666665 0.40750000000000003 0.010416666666666666 0.03166666666666667
1 0.3109375 0.5241666666666667 0.08645833333333333 0.11166666666666668
4 0.334375 0.4566666666666667 0.0125 0.030000000000000002
4 0.3848958333333333 0.4291666666666667 0.015625 0.04166666666666667
4 0.3859375 0.4366666666666667 0.011458333333333333 0.03333333333333333
1 0.4192708333333333 0.5075000000000001 0.05520833333333333 0.045000000000000005