1 0.07604166666666666 0.5575 0.1375 0.13833333333333334
1 0.171875 0.5416666666666667 0.11666666666666667 0.12333333333333334
1 0.24479166666666666 0.5291666666666667 0.075 0.09166666666666667
1 0.340625 0.53 0.06041666666666667 0.07333333333333333
6 0.37604166666666666 0.3925 0.01875 0.04166666666666667
1 0.42135416666666664 0.5233333333333333 0.06770833333333333 0.1
6 0.43645833333333334 0.3875 0.020833333333333332 0.045000000000000005
6 0.48854166666666665 0.3875 0.016666666666666666 0.04166666666666667
1 0.5552083333333333 0.5283333333333333 0.06458333333333333 0.09000000000000001
1 0.6432291666666666 0.5141666666666667 0.08645833333333333 0.10833333333333334
6 0.6109375 0.4466666666666667 0.017708333333333333 0.04666666666666667
6 0.6479166666666667 0.405 0.01875 0.060000000000000005
1 0.7010416666666667 0.5333333333333333 0.09375 0.12000000000000001
1 0.7838541666666666 0.5316666666666667 0.14270833333333333 0.17333333333333334
1 0.9015624999999999 0.5691666666666667 0.19270833333333334 0.2016666666666667