7 0.1689453125 0.37890625 0.0224609375 0.0654296875
7 0.173828125 0.3779296875 0.015625 0.04296875
0 0.279296875 0.4697265625 0.01953125 0.0634765625
1 0.3251953125 0.4697265625 0.0498046875 0.056640625
1 0.37109375 0.4765625 0.037109375 0.046875
1 0.37109375 0.46875 0.0341796875 0.056640625
1 0.412109375 0.47265625 0.048828125 0.0615234375
6 0.46484375 0.2900390625 0.0126953125 0.0498046875
6 0.4677734375 0.2939453125 0.015625 0.0419921875
1 0.6025390625 0.4921875 0.1474609375 0.078125
6 0.5361328125 0.296875 0.0146484375 0.0498046875
6 0.5390625 0.2900390625 0.013671875 0.0595703125
6 0.609375 0.30078125 0.0166015625 0.0380859375
6 0.6083984375 0.3056640625 0.015625 0.044921875
6 0.744140625 0.388671875 0.015625 0.0498046875
6 0.74609375 0.388671875 0.0146484375 0.0400390625
1 0.9013671875 0.462890625 0.06640625 0.044921875
1 0.904296875 0.466796875 0.0576171875 0.06640625
1 0.9833984375 0.490234375 0.02734375 0.0634765625
1 0.9853515625 0.4912109375 0.0263671875 0.0615234375