2 0.58515625 0.5083333333333334 0.0140625 0.04166666666666667
2 0.63671875 0.5045833333333334 0.011979166666666666 0.04083333333333333
1 0.09114583333333333 0.55 0.10104166666666667 0.11666666666666667
6 0.090625 0.465 0.025 0.04666666666666667
6 0.08854166666666667 0.4683333333333334 0.0125 0.030000000000000002
1 0.18541666666666667 0.5408333333333334 0.09166666666666666 0.08833333333333333
7 0.328125 0.36000000000000004 0.014583333333333334 0.04
7 0.3296875 0.35750000000000004 0.013541666666666667 0.035
1 0.40729166666666666 0.5333333333333333 0.07291666666666667 0.09666666666666668
6 0.3984375 0.3616666666666667 0.011458333333333333 0.03333333333333333
1 0.5276041666666667 0.515 0.09895833333333333 0.05333333333333334
6 0.5088541666666666 0.43833333333333335 0.013541666666666667 0.04
6 0.5755208333333334 0.35250000000000004 0.02395833333333333 0.065
6 0.575 0.35500000000000004 0.014583333333333334 0.06333333333333334
1 0.6671875 0.5091666666666667 0.06770833333333333 0.045000000000000005