2 0.017708333333333333 0.5391666666666667 0.020833333333333332 0.11166666666666668
4 0.078125 0.32333333333333336 0.020833333333333332 0.08333333333333334
1 0.5453125 0.5016666666666667 0.040625 0.08
1 0.5421875 0.5075000000000001 0.021875 0.055
1 0.571875 0.5133333333333334 0.035416666666666666 0.05333333333333334
1 0.5770833333333333 0.5358333333333334 0.04583333333333333 0.07833333333333334
1 0.6119791666666666 0.5175000000000001 0.065625 0.07500000000000001
3 0.6213541666666667 0.29250000000000004 0.026041666666666668 0.09166666666666667
2 0.6265625 0.5375000000000001 0.028125 0.10166666666666667
2 0.9552083333333333 0.5108333333333334 0.035416666666666666 0.155
2 0.9578125 0.5158333333333334 0.03854166666666667 0.155