1 0.1103515625 0.5927734375 0.2197265625 0.388671875
1 0.279296875 0.48046875 0.0947265625 0.0966796875
1 0.357421875 0.4921875 0.078125 0.087890625
7 0.376953125 0.3642578125 0.01171875 0.03515625
1 0.427734375 0.478515625 0.0400390625 0.056640625
4 0.4365234375 0.36328125 0.0146484375 0.037109375
4 0.4775390625 0.37109375 0.0146484375 0.03125
1 0.48828125 0.4794921875 0.03515625 0.0546875
10 0.51953125 0.45703125 0.0283203125 0.0478515625
4 0.5576171875 0.419921875 0.0146484375 0.037109375
1 0.6083984375 0.4912109375 0.0810546875 0.0947265625
4 0.5830078125 0.40625 0.021484375 0.0517578125
4 0.5810546875 0.40625 0.0146484375 0.03515625
1 0.6142578125 0.4951171875 0.072265625 0.0703125