1 0.0986328125 0.5263671875 0.076171875 0.08984375
1 0.1513671875 0.5234375 0.033203125 0.06640625
1 0.306640625 0.5 0.1357421875 0.0595703125
6 0.482421875 0.4140625 0.0166015625 0.044921875
1 0.6396484375 0.587890625 0.2314453125 0.283203125
1 0.7841796875 0.4892578125 0.09375 0.068359375
1 0.78515625 0.4853515625 0.072265625 0.0478515625
2 0.7919921875 0.4912109375 0.0263671875 0.0771484375
2 0.7890625 0.4892578125 0.015625 0.0517578125
2 0.8486328125 0.4931640625 0.025390625 0.0703125
2 0.8505859375 0.4912109375 0.0166015625 0.0498046875
6 0.951171875 0.2744140625 0.0224609375 0.078125
1 0.97265625 0.599609375 0.05078125 0.2021484375