10 0.04583333333333333 0.5358333333333334 0.0875 0.10166666666666667
1 0.09010416666666667 0.5483333333333333 0.04895833333333333 0.04666666666666667
1 0.09375 0.5408333333333334 0.04791666666666666 0.07500000000000001
10 0.1125 0.5341666666666667 0.06666666666666667 0.085
1 0.21822916666666667 0.5583333333333333 0.06770833333333333 0.13
1 0.3411458333333333 0.5775 0.21562499999999998 0.305
3 0.31666666666666665 0.3408333333333334 0.020833333333333332 0.05166666666666667
3 0.41354166666666664 0.32666666666666666 0.025 0.05666666666666667
3 0.41562499999999997 0.33916666666666667 0.016666666666666666 0.055
1 0.5125 0.5141666666666667 0.10625 0.09833333333333334
1 0.4817708333333333 0.5116666666666667 0.009375 0.030000000000000002
3 0.4921875 0.33083333333333337 0.026041666666666668 0.07166666666666667
3 0.4927083333333333 0.33 0.016666666666666666 0.04666666666666667
1 0.6328125 0.5525 0.06979166666666667 0.12166666666666667
1 0.6270833333333333 0.5433333333333333 0.04583333333333333 0.11666666666666667
1 0.7973958333333333 0.6191666666666668 0.371875 0.34833333333333333
3 0.6796875 0.43500000000000005 0.019791666666666666 0.05666666666666667
1 0.9390625 0.5191666666666667 0.08645833333333333 0.07500000000000001
1 0.9421875 0.52 0.08020833333333333 0.060000000000000005
3 0.9385416666666666 0.26 0.04791666666666666 0.14