1 0.1005859375 0.5517578125 0.111328125 0.087890625
1 0.2861328125 0.544921875 0.0634765625 0.033203125
10 0.4287109375 0.5244140625 0.08984375 0.0615234375
10 0.427734375 0.5244140625 0.0810546875 0.0712890625
7 0.51953125 0.48046875 0.013671875 0.044921875
1 0.5732421875 0.5146484375 0.046875 0.05859375
1 0.6025390625 0.5234375 0.0322265625 0.037109375
10 0.6357421875 0.5029296875 0.0458984375 0.078125
1 0.64453125 0.5 0.0556640625 0.080078125
2 0.7802734375 0.4912109375 0.0341796875 0.115234375
2 0.8134765625 0.4970703125 0.041015625 0.1181640625