0 0.021354166666666667 0.5483333333333333 0.03229166666666666 0.08666666666666667
1 0.11822916666666666 0.5291666666666667 0.096875 0.10166666666666667
1 0.19375 0.5408333333333334 0.075 0.065
1 0.19583333333333333 0.5091666666666667 0.06666666666666667 0.04833333333333334
10 0.28854166666666664 0.4816666666666667 0.11041666666666666 0.17333333333333334
1 0.3619791666666667 0.525 0.036458333333333336 0.03666666666666667
1 0.3854166666666667 0.52 0.041666666666666664 0.05
7 0.42291666666666666 0.31833333333333336 0.020833333333333332 0.060000000000000005
6 0.49947916666666664 0.3166666666666667 0.021875 0.06333333333333334
1 0.5416666666666666 0.5158333333333334 0.03125 0.04166666666666667
6 0.6447916666666667 0.41500000000000004 0.027083333333333334 0.07