7 0.0380859375 0.45703125 0.0166015625 0.0478515625
1 0.08984375 0.529296875 0.0673828125 0.0712890625
1 0.208984375 0.5166015625 0.0458984375 0.0537109375
7 0.203125 0.3603515625 0.0185546875 0.0546875
1 0.2666015625 0.5146484375 0.0439453125 0.0498046875
4 0.27734375 0.3603515625 0.017578125 0.0498046875
1 0.310546875 0.5107421875 0.0380859375 0.0654296875
1 0.4208984375 0.52734375 0.1357421875 0.1845703125
4 0.3798828125 0.4423828125 0.0166015625 0.0478515625
1 0.58984375 0.5537109375 0.1240234375 0.0986328125
1 0.6044921875 0.4853515625 0.0830078125 0.046875
3 0.615234375 0.3623046875 0.0263671875 0.0849609375
1 0.734375 0.57421875 0.224609375 0.16796875