1 0.857421875 0.5078125 0.2646484375 0.1630859375
1 0.08203125 0.5322265625 0.16015625 0.115234375
2 0.1630859375 0.544921875 0.095703125 0.3232421875
1 0.224609375 0.5126953125 0.0634765625 0.078125
10 0.3623046875 0.46875 0.0927734375 0.146484375
1 0.37109375 0.3798828125 0.095703125 0.146484375
2 0.4189453125 0.4970703125 0.01953125 0.078125
2 0.4248046875 0.50390625 0.017578125 0.068359375
2 0.431640625 0.4970703125 0.013671875 0.0703125
2 0.4462890625 0.49609375 0.017578125 0.068359375
7 0.4765625 0.3212890625 0.017578125 0.0546875
6 0.54296875 0.318359375 0.017578125 0.056640625
1 0.658203125 0.5009765625 0.10546875 0.0615234375
2 0.6650390625 0.560546875 0.0771484375 0.318359375
6 0.67578125 0.400390625 0.01953125 0.0615234375