1 0.064453125 0.6337890625 0.12890625 0.330078125
10 0.07421875 0.498046875 0.14453125 0.13671875
2 0.1083984375 0.5400390625 0.02734375 0.1103515625
1 0.1552734375 0.560546875 0.0537109375 0.0654296875
1 0.298828125 0.6572265625 0.330078125 0.421875
7 0.337890625 0.2490234375 0.021484375 0.068359375
6 0.46484375 0.279296875 0.021484375 0.0654296875
2 0.6337890625 0.5283203125 0.017578125 0.0830078125
6 0.6416015625 0.396484375 0.0224609375 0.0634765625
2 0.6484375 0.5234375 0.0263671875 0.08984375
1 0.8818359375 0.560546875 0.234375 0.66796875