1 0.5244140625 0.5419921875 0.1259765625 0.1103515625
1 0.009765625 0.58203125 0.0185546875 0.08984375
1 0.029296875 0.5595703125 0.056640625 0.1064453125
1 0.0947265625 0.5478515625 0.05078125 0.0546875
1 0.1337890625 0.5390625 0.0244140625 0.03125
1 0.2451171875 0.5263671875 0.03125 0.0400390625
1 0.3173828125 0.541015625 0.0830078125 0.1181640625
1 0.416015625 0.525390625 0.0693359375 0.087890625
1 0.4541015625 0.525390625 0.0615234375 0.0703125
2 0.580078125 0.501953125 0.021484375 0.080078125
1 0.8291015625 0.54296875 0.3271484375 0.3232421875