10 0.06145833333333333 0.5091666666666667 0.12291666666666666 0.11833333333333335
1 0.09479166666666666 0.5800000000000001 0.12708333333333333 0.17666666666666667
1 0.2890625 0.5925 0.3177083333333333 0.41500000000000004
3 0.31614583333333335 0.33083333333333337 0.019791666666666666 0.06166666666666667
6 0.41354166666666664 0.32666666666666666 0.022916666666666665 0.05333333333333334
6 0.41562499999999997 0.3358333333333334 0.016666666666666666 0.055
6 0.4921875 0.32916666666666666 0.02395833333333333 0.065
6 0.4927083333333333 0.32833333333333337 0.016666666666666666 0.04666666666666667
1 0.5213541666666667 0.5191666666666667 0.051041666666666666 0.065
1 0.525 0.5325000000000001 0.041666666666666664 0.07500000000000001
1 0.63125 0.5433333333333333 0.04583333333333333 0.11666666666666667
1 0.7979166666666666 0.6308333333333334 0.375 0.3616666666666667
6 0.6791666666666667 0.42333333333333334 0.01875 0.05333333333333334
1 0.9421875 0.52 0.08020833333333333 0.060000000000000005
6 0.9322916666666666 0.2566666666666667 0.05625 0.16
2 0.9598958333333333 0.5233333333333333 0.026041666666666668 0.06666666666666667