2 0.06979166666666667 0.5750000000000001 0.022916666666666665 0.12333333333333334
3 0.11666666666666667 0.4091666666666667 0.025 0.07833333333333334
8 0.11822916666666666 0.4083333333333334 0.02395833333333333 0.07
2 0.12604166666666666 0.5733333333333334 0.0375 0.10666666666666667
2 0.1203125 0.5741666666666667 0.02395833333333333 0.10833333333333334
2 0.1359375 0.5466666666666667 0.015625 0.03666666666666667
1 0.16197916666666667 0.5625 0.021875 0.07833333333333334
2 0.16302083333333334 0.5691666666666667 0.017708333333333333 0.07166666666666667
1 0.2046875 0.5783333333333334 0.07604166666666666 0.08333333333333334
1 0.28229166666666666 0.5700000000000001 0.08541666666666667 0.10666666666666667
1 0.3411458333333333 0.5516666666666667 0.07395833333333333 0.08333333333333334
1 0.34270833333333334 0.5558333333333334 0.0375 0.055
1 0.4276041666666667 0.5541666666666667 0.096875 0.15166666666666667
1 0.4848958333333333 0.545 0.030208333333333334 0.043333333333333335
3 0.5901041666666667 0.3841666666666667 0.02395833333333333 0.08166666666666667
2 0.5984375 0.5333333333333333 0.019791666666666666 0.09666666666666668
2 0.6130208333333333 0.5241666666666667 0.026041666666666668 0.095
2 0.6125 0.5241666666666667 0.014583333333333334 0.07833333333333334
2 0.6369791666666667 0.5216666666666667 0.019791666666666666 0.1
2 0.6859375 0.515 0.017708333333333333 0.09000000000000001
2 0.7015625 0.5233333333333333 0.013541666666666667 0.09333333333333334
2 0.9307291666666666 0.49083333333333334 0.026041666666666668 0.12166666666666667
1 0.9635416666666666 0.54 0.06875 0.1
2 0.9874999999999999 0.4708333333333334 0.022916666666666665 0.07500000000000001