1 0.0830078125 0.5205078125 0.166015625 0.1884765625
1 0.064453125 0.4921875 0.08984375 0.091796875
1 0.2001953125 0.5048828125 0.0517578125 0.056640625
1 0.2080078125 0.5029296875 0.05859375 0.0478515625
1 0.2802734375 0.4990234375 0.115234375 0.16796875
7 0.25 0.34375 0.0224609375 0.0654296875
1 0.2939453125 0.4951171875 0.1103515625 0.1162109375
3 0.25390625 0.3349609375 0.0185546875 0.0498046875
1 0.478515625 0.634765625 0.447265625 0.4765625
3 0.306640625 0.345703125 0.01953125 0.05859375
4 0.384765625 0.345703125 0.0185546875 0.0546875
3 0.3916015625 0.3330078125 0.017578125 0.046875
4 0.4462890625 0.349609375 0.033203125 0.0771484375
6 0.4462890625 0.3408203125 0.017578125 0.0478515625
4 0.5693359375 0.4150390625 0.017578125 0.0595703125
4 0.572265625 0.40625 0.017578125 0.044921875
1 0.8310546875 0.4853515625 0.1220703125 0.0966796875