1 0.1220703125 0.515625 0.1005859375 0.1318359375
10 0.1220703125 0.5146484375 0.0869140625 0.11328125
10 0.181640625 0.5078125 0.0478515625 0.0419921875
1 0.1826171875 0.5048828125 0.0400390625 0.046875
1 0.2265625 0.5234375 0.048828125 0.056640625
1 0.23046875 0.5283203125 0.0458984375 0.0498046875
1 0.29296875 0.537109375 0.0771484375 0.080078125
1 0.33984375 0.5087890625 0.033203125 0.037109375
1 0.3837890625 0.513671875 0.03125 0.0498046875
1 0.380859375 0.5107421875 0.025390625 0.0380859375
3 0.3955078125 0.41796875 0.0146484375 0.037109375
4 0.431640625 0.4267578125 0.0185546875 0.0302734375
4 0.4912109375 0.462890625 0.013671875 0.033203125
4 0.5087890625 0.4580078125 0.0126953125 0.0302734375
1 0.548828125 0.4912109375 0.056640625 0.03515625
1 0.5849609375 0.4912109375 0.021484375 0.0302734375