0 0.021484375 0.5478515625 0.0322265625 0.0869140625
0 0.01953125 0.54296875 0.01953125 0.0703125
2 0.0673828125 0.53515625 0.0146484375 0.06640625
1 0.123046875 0.53125 0.09375 0.0986328125
10 0.1279296875 0.529296875 0.0927734375 0.087890625
1 0.201171875 0.5390625 0.0751953125 0.0654296875
1 0.19921875 0.5068359375 0.06640625 0.0400390625
10 0.201171875 0.5146484375 0.0556640625 0.0498046875
10 0.291015625 0.482421875 0.1083984375 0.1748046875
1 0.3583984375 0.5205078125 0.0322265625 0.03515625
1 0.3896484375 0.51953125 0.0400390625 0.0537109375
7 0.423828125 0.3193359375 0.01953125 0.0546875
6 0.5 0.3173828125 0.0205078125 0.0615234375
1 0.541015625 0.5146484375 0.044921875 0.056640625
6 0.64453125 0.412109375 0.021484375 0.0634765625
1 0.7431640625 0.5263671875 0.12890625 0.080078125