1 0.5763020833333333 0.535 0.12864583333333332 0.08
10 0.05416666666666667 0.5216666666666667 0.10625 0.11
1 0.08802083333333333 0.5850000000000001 0.12604166666666666 0.18333333333333335
1 0.29375 0.5983333333333334 0.3125 0.4266666666666667
3 0.31666666666666665 0.3358333333333334 0.020833333333333332 0.055
6 0.41354166666666664 0.32666666666666666 0.025 0.05666666666666667
6 0.41562499999999997 0.3375 0.016666666666666666 0.055
1 0.4895833333333333 0.5116666666666667 0.025 0.030000000000000002
1 0.48854166666666665 0.5183333333333333 0.020833333333333332 0.043333333333333335
6 0.4921875 0.33 0.026041666666666668 0.07
6 0.4927083333333333 0.33 0.016666666666666666 0.04666666666666667
10 0.521875 0.5041666666666667 0.029166666666666667 0.04166666666666667
1 0.6291666666666667 0.5433333333333333 0.04583333333333333 0.11666666666666667
1 0.7973958333333333 0.625 0.37395833333333334 0.3566666666666667
6 0.6796875 0.42833333333333334 0.019791666666666666 0.05666666666666667
1 0.9421875 0.52 0.08020833333333333 0.060000000000000005
6 0.9354166666666667 0.25833333333333336 0.052083333333333336 0.15000000000000002
2 0.9557291666666666 0.5208333333333334 0.03854166666666667 0.07500000000000001
2 0.9536458333333333 0.5216666666666667 0.026041666666666668 0.06666666666666667