1 0.07604166666666666 0.6066666666666667 0.15208333333333332 0.35000000000000003
1 0.18645833333333334 0.5641666666666667 0.041666666666666664 0.04833333333333334
1 0.26979166666666665 0.5583333333333333 0.05416666666666667 0.060000000000000005
3 0.3171875 0.3408333333333334 0.013541666666666667 0.04833333333333334
1 0.34010416666666665 0.5633333333333334 0.034375 0.07666666666666667
1 0.40260416666666665 0.5641666666666667 0.121875 0.16833333333333333
3 0.41770833333333335 0.3375 0.016666666666666666 0.055
1 0.4666666666666667 0.5583333333333333 0.0375 0.10666666666666667
3 0.5020833333333333 0.3383333333333334 0.016666666666666666 0.04666666666666667
1 0.5510416666666667 0.5316666666666667 0.05 0.07666666666666667
1 0.6359375 0.5658333333333334 0.06979166666666667 0.12166666666666667
1 0.7807291666666667 0.6258333333333334 0.3302083333333333 0.315
3 0.7020833333333333 0.4366666666666667 0.020833333333333332 0.05666666666666667
1 0.9411458333333333 0.5433333333333333 0.109375 0.08