7 0.00625 0.4541666666666667 0.0125 0.04833333333333334
1 0.041666666666666664 0.5466666666666667 0.06875 0.06333333333333334
1 0.20416666666666666 0.5175000000000001 0.04791666666666666 0.06166666666666667
7 0.19635416666666666 0.32666666666666666 0.019791666666666666 0.05666666666666667
1 0.2864583333333333 0.5208333333333334 0.03125 0.04833333333333334
4 0.2875 0.33416666666666667 0.020833333333333332 0.04833333333333334
1 0.3182291666666667 0.5141666666666667 0.034375 0.055
4 0.4088541666666667 0.4216666666666667 0.015625 0.05
1 0.5484375 0.5141666666666667 0.16145833333333334 0.14166666666666666
1 0.678125 0.4791666666666667 0.12291666666666666 0.085
1 0.7557291666666667 0.5875 0.2635416666666667 0.20500000000000002
3 0.7260416666666667 0.28833333333333333 0.03125 0.11
1 0.8057291666666666 0.45 0.13854166666666667 0.06666666666666667
2 0.8041666666666667 0.4733333333333334 0.03333333333333333 0.09333333333333334
2 0.803125 0.4766666666666667 0.022916666666666665 0.060000000000000005