1 0.0537109375 0.556640625 0.07421875 0.056640625
1 0.060546875 0.552734375 0.0712890625 0.05859375
1 0.109375 0.533203125 0.0478515625 0.0537109375
1 0.115234375 0.54296875 0.0478515625 0.0654296875
1 0.1689453125 0.5205078125 0.0556640625 0.087890625
1 0.169921875 0.517578125 0.0537109375 0.0751953125
1 0.400390625 0.541015625 0.115234375 0.1650390625
6 0.396484375 0.4716796875 0.0166015625 0.01953125
1 0.4541015625 0.525390625 0.056640625 0.0966796875
6 0.501953125 0.4677734375 0.013671875 0.0283203125
1 0.5478515625 0.5380859375 0.033203125 0.0732421875
1 0.5712890625 0.5341796875 0.044921875 0.091796875
1 0.6337890625 0.537109375 0.1298828125 0.134765625
1 0.63671875 0.541015625 0.1298828125 0.14453125
2 0.7109375 0.5205078125 0.0322265625 0.1181640625
1 0.8486328125 0.599609375 0.2978515625 0.296875
2 0.7412109375 0.51953125 0.0244140625 0.087890625
2 0.7626953125 0.5078125 0.0341796875 0.125