1 0.10104166666666667 0.5 0.10625 0.07
1 0.11041666666666666 0.5041666666666667 0.10208333333333333 0.09833333333333334
1 0.1640625 0.5166666666666667 0.03229166666666666 0.05333333333333334
1 0.22343749999999998 0.5141666666666667 0.07395833333333333 0.08833333333333333
1 0.22708333333333333 0.5091666666666667 0.05416666666666667 0.05166666666666667
1 0.3723958333333333 0.5025000000000001 0.071875 0.11166666666666668
1 0.43385416666666665 0.49500000000000005 0.040625 0.06333333333333334
1 0.4864583333333333 0.4891666666666667 0.020833333333333332 0.021666666666666667
1 0.521875 0.49500000000000005 0.029166666666666667 0.04
1 0.715625 0.5491666666666667 0.16041666666666665 0.18500000000000003
1 0.7119791666666666 0.5433333333333333 0.14895833333333333 0.14
2 0.7619791666666667 0.49083333333333334 0.02395833333333333 0.095
1 0.8145833333333333 0.4841666666666667 0.09375 0.10500000000000001