1 0.10677083333333333 0.5308333333333334 0.06354166666666666 0.058333333333333334
1 0.11614583333333334 0.5416666666666667 0.06354166666666666 0.05
1 0.11614583333333334 0.5375000000000001 0.042708333333333334 0.065
1 0.203125 0.5266666666666667 0.07708333333333334 0.09333333333333334
1 0.24166666666666667 0.5283333333333333 0.029166666666666667 0.05666666666666667
1 0.2703125 0.5225000000000001 0.040625 0.05166666666666667
1 0.42552083333333335 0.5425 0.12395833333333334 0.16833333333333333
1 0.7885416666666667 0.5191666666666667 0.14166666666666666 0.095
2 0.7453125 0.5225000000000001 0.034375 0.13833333333333334
2 0.7557291666666667 0.5191666666666667 0.015625 0.09166666666666667
1 0.8979166666666667 0.5366666666666667 0.09583333333333333 0.13