1 0.029296875 0.587890625 0.0576171875 0.1396484375
1 0.166015625 0.5537109375 0.056640625 0.0595703125
1 0.2158203125 0.572265625 0.1455078125 0.115234375
1 0.328125 0.5556640625 0.091796875 0.0615234375
1 0.32421875 0.5478515625 0.080078125 0.0712890625
1 0.3798828125 0.548828125 0.064453125 0.05859375
1 0.3857421875 0.5537109375 0.04296875 0.04296875
1 0.4130859375 0.5439453125 0.0146484375 0.0419921875
1 0.5986328125 0.5263671875 0.056640625 0.06640625
1 0.6376953125 0.5537109375 0.083984375 0.111328125
1 0.7392578125 0.5703125 0.15234375 0.169921875
1 0.830078125 0.5537109375 0.09375 0.115234375