1 0.14010416666666667 0.53625 0.034375 0.050833333333333335
1 0.11145833333333333 0.54125 0.036458333333333336 0.050833333333333335
1 0.07916666666666666 0.5441666666666667 0.05 0.04666666666666667
1 0.029166666666666667 0.5525 0.057291666666666664 0.05333333333333334
1 0.16510416666666666 0.535 0.030208333333333334 0.05333333333333334
1 0.16458333333333333 0.5333333333333333 0.029166666666666667 0.04666666666666667
1 0.2171875 0.5383333333333333 0.071875 0.08333333333333334
1 0.21875 0.5375000000000001 0.07291666666666667 0.06833333333333334
1 0.3364583333333333 0.5241666666666667 0.04583333333333333 0.035
1 0.39791666666666664 0.52 0.0375 0.05666666666666667
1 0.434375 0.5183333333333333 0.03125 0.05666666666666667
1 0.48593749999999997 0.5183333333333333 0.042708333333333334 0.05333333333333334
1 0.5375 0.5391666666666667 0.09375 0.12166666666666667
1 0.6052083333333333 0.5108333333333334 0.05416666666666667 0.08833333333333333
10 0.6041666666666666 0.51 0.052083333333333336 0.07666666666666667
1 0.7171875 0.5558333333333334 0.11770833333333333 0.11833333333333335