10 0.44140625 0.4658203125 0.02734375 0.0380859375
1 0.8662109375 0.5810546875 0.2509765625 0.2421875
1 0.1474609375 0.4912109375 0.064453125 0.0517578125
1 0.330078125 0.490234375 0.041015625 0.0498046875
1 0.33203125 0.4921875 0.0419921875 0.0517578125
3 0.3916015625 0.37109375 0.013671875 0.0380859375
1 0.4189453125 0.482421875 0.029296875 0.044921875
4 0.4443359375 0.3759765625 0.0146484375 0.0419921875
4 0.4453125 0.3837890625 0.013671875 0.0234375
1 0.4716796875 0.4853515625 0.0322265625 0.046875
4 0.48828125 0.3779296875 0.017578125 0.0419921875
4 0.4873046875 0.3896484375 0.01171875 0.0263671875
1 0.525390625 0.4814453125 0.033203125 0.037109375
4 0.568359375 0.4345703125 0.01953125 0.0478515625
4 0.5673828125 0.439453125 0.01171875 0.0283203125
1 0.5849609375 0.49609375 0.044921875 0.0947265625
1 0.61328125 0.513671875 0.037109375 0.1103515625
1 0.6748046875 0.51171875 0.1142578125 0.15625
1 0.6416015625 0.50390625 0.04296875 0.1416015625
4 0.6396484375 0.39453125 0.01953125 0.056640625
4 0.6435546875 0.4072265625 0.017578125 0.03125
1 0.708984375 0.5361328125 0.107421875 0.16796875
1 0.72265625 0.5341796875 0.130859375 0.1513671875