1 0.08072916666666667 0.5708333333333334 0.07395833333333333 0.09000000000000001
1 0.15885416666666666 0.5700000000000001 0.10625 0.11666666666666667
1 0.2421875 0.5670833333333334 0.13333333333333333 0.1275
1 0.3484375 0.5491666666666667 0.134375 0.14166666666666666
1 0.4942708333333333 0.55 0.165625 0.13
1 0.61875 0.5108333333333334 0.12916666666666665 0.125
1 0.7026041666666667 0.5058333333333334 0.06979166666666667 0.09166666666666667
1 0.7833333333333333 0.49833333333333335 0.1 0.08333333333333334
1 0.84375 0.4966666666666667 0.04583333333333333 0.060000000000000005
10 0.9380208333333333 0.4733333333333334 0.07604166666666666 0.08666666666666667
1 0.9401041666666666 0.4733333333333334 0.07604166666666666 0.08333333333333334