1 0.14791666666666667 0.4941666666666667 0.0875 0.06833333333333334
1 0.2109375 0.49750000000000005 0.065625 0.05166666666666667
10 0.2526041666666667 0.4866666666666667 0.042708333333333334 0.07333333333333333
1 0.2583333333333333 0.48500000000000004 0.03333333333333333 0.07
1 0.28229166666666666 0.4966666666666667 0.027083333333333334 0.043333333333333335
1 0.43385416666666665 0.6158333333333333 0.309375 0.40166666666666667
6 0.32135416666666666 0.23833333333333334 0.019791666666666666 0.060000000000000005
3 0.453125 0.24333333333333335 0.025 0.07
3 0.6588541666666666 0.3616666666666667 0.017708333333333333 0.043333333333333335
3 0.6567708333333333 0.36083333333333334 0.013541666666666667 0.03833333333333334
3 0.86875 0.14333333333333334 0.041666666666666664 0.13