2 0.3408203125 0.5537109375 0.013671875 0.048828125
2 0.3544921875 0.5498046875 0.0166015625 0.056640625
2 0.37109375 0.5546875 0.0166015625 0.0732421875
1 0.22265625 0.560546875 0.0517578125 0.0546875
2 0.2255859375 0.5625 0.04296875 0.0546875
2 0.412109375 0.54296875 0.017578125 0.0849609375
2 0.4140625 0.5439453125 0.017578125 0.08203125
2 0.42578125 0.5400390625 0.015625 0.0830078125
2 0.4296875 0.5380859375 0.015625 0.08984375
2 0.447265625 0.53515625 0.0205078125 0.0830078125
2 0.4482421875 0.5361328125 0.01953125 0.0849609375
1 0.7607421875 0.537109375 0.1591796875 0.150390625