2 0.054947916666666666 0.5354166666666667 0.044270833333333336 0.14916666666666667
1 0.04791666666666666 0.5425 0.09479166666666666 0.08833333333333333
1 0.04739583333333333 0.5466666666666667 0.09375 0.09333333333333334
1 0.10729166666666666 0.5458333333333334 0.052083333333333336 0.08166666666666667
2 0.18333333333333332 0.5283333333333333 0.08125 0.27
1 0.18541666666666667 0.5216666666666667 0.058333333333333334 0.25
1 0.3182291666666667 0.5391666666666667 0.22604166666666667 0.135
1 0.49374999999999997 0.5408333333333334 0.022916666666666665 0.045000000000000005
1 0.5229166666666667 0.5425 0.0375 0.065
1 0.5322916666666666 0.5425 0.04583333333333333 0.065
1 0.575 0.5483333333333333 0.06875 0.07
1 0.6541666666666667 0.5575 0.05625 0.07833333333333334
1 0.74375 0.5708333333333334 0.09375 0.19833333333333333
1 0.8786458333333333 0.6050000000000001 0.23854166666666665 0.32