1 0.11822916666666666 0.5383333333333333 0.065625 0.07333333333333333
1 0.15885416666666666 0.5425 0.11145833333333333 0.12833333333333335
1 0.3302083333333333 0.65 0.325 0.41000000000000003
7 0.28125 0.27666666666666667 0.01875 0.05333333333333334
6 0.39166666666666666 0.28750000000000003 0.014583333333333334 0.058333333333333334
2 0.5484375 0.5108333333333334 0.011458333333333333 0.055
6 0.5640625 0.4083333333333334 0.015625 0.05333333333333334
2 0.5651041666666666 0.5175000000000001 0.015625 0.07166666666666667
2 0.5760416666666667 0.5183333333333333 0.010416666666666666 0.05666666666666667
0 0.6598958333333333 0.5258333333333334 0.026041666666666668 0.085
1 0.85625 0.525 0.17916666666666667 0.09666666666666668
1 0.9708333333333333 0.515 0.05625 0.08666666666666667