1 0.3125 0.541015625 0.0517578125 0.03125
7 0.3642578125 0.4443359375 0.0126953125 0.03125
1 0.404296875 0.53515625 0.03125 0.0400390625
6 0.4033203125 0.451171875 0.0146484375 0.0380859375
1 0.4423828125 0.5322265625 0.0380859375 0.0546875
6 0.4423828125 0.45703125 0.0146484375 0.0263671875
1 0.4775390625 0.5380859375 0.05078125 0.0703125
3 0.4833984375 0.4951171875 0.0146484375 0.033203125
1 0.541015625 0.5263671875 0.0478515625 0.0302734375
6 0.556640625 0.478515625 0.0126953125 0.0400390625
1 0.650390625 0.546875 0.0927734375 0.103515625