1 0.2412109375 0.5927734375 0.3076171875 0.388671875
7 0.349609375 0.408203125 0.0205078125 0.0400390625
7 0.3505859375 0.412109375 0.015625 0.0400390625
1 0.427734375 0.564453125 0.08203125 0.1884765625
6 0.46875 0.3544921875 0.025390625 0.0615234375
6 0.4677734375 0.353515625 0.013671875 0.046875
1 0.5009765625 0.5234375 0.0302734375 0.04296875
6 0.5166015625 0.4326171875 0.01953125 0.0615234375
6 0.6640625 0.3251953125 0.0322265625 0.0966796875
1 0.8974609375 0.509765625 0.0810546875 0.1201171875
1 0.93359375 0.5234375 0.044921875 0.1103515625