1 0.0984375 0.5650000000000001 0.08645833333333333 0.12000000000000001
1 0.19583333333333333 0.5308333333333334 0.09375 0.115
1 0.2421875 0.5366666666666667 0.03229166666666666 0.07
1 0.24375 0.5266666666666667 0.029166666666666667 0.08
1 0.35625 0.5208333333333334 0.052083333333333336 0.07166666666666667
1 0.421875 0.5166666666666667 0.03958333333333333 0.06333333333333334
1 0.4979166666666667 0.525 0.04375 0.09666666666666668
1 0.5057291666666667 0.5225000000000001 0.026041666666666668 0.07833333333333334
1 0.5395833333333333 0.5283333333333333 0.06666666666666667 0.09666666666666668
1 0.715625 0.49250000000000005 0.06875 0.10166666666666667
1 0.7203125 0.4741666666666667 0.065625 0.07833333333333334
1 0.7880208333333333 0.4816666666666667 0.08645833333333333 0.07