1 0.9248046875 0.634765625 0.1484375 0.54296875
1 0.1923828125 0.54296875 0.0966796875 0.09375
1 0.193359375 0.548828125 0.09765625 0.115234375
1 0.298828125 0.53125 0.0400390625 0.0654296875
1 0.37890625 0.521484375 0.037109375 0.0537109375
1 0.4013671875 0.5146484375 0.0185546875 0.0400390625
1 0.4326171875 0.525390625 0.05078125 0.0712890625
1 0.4326171875 0.525390625 0.046875 0.06640625
1 0.517578125 0.5234375 0.0224609375 0.0830078125
1 0.5517578125 0.53125 0.080078125 0.0869140625
1 0.5556640625 0.5322265625 0.072265625 0.08203125