1 0.09088541666666666 0.5720833333333334 0.18072916666666666 0.31583333333333335
6 0.090625 0.3091666666666667 0.025 0.08166666666666667
1 0.48072916666666665 0.49333333333333335 0.030208333333333334 0.05
1 0.48020833333333335 0.49083333333333334 0.020833333333333332 0.045000000000000005
1 0.5432291666666667 0.49000000000000005 0.040625 0.08
1 0.5380208333333333 0.48833333333333334 0.017708333333333333 0.05666666666666667
1 0.5708333333333333 0.5025000000000001 0.04583333333333333 0.07833333333333334
1 0.5703125 0.49833333333333335 0.036458333333333336 0.04666666666666667
1 0.6119791666666666 0.5025000000000001 0.065625 0.07500000000000001
6 0.615625 0.2775 0.022916666666666665 0.085
2 0.6192708333333333 0.5141666666666667 0.028125 0.10166666666666667
2 0.9197916666666667 0.4841666666666667 0.035416666666666666 0.155
2 0.9255208333333333 0.49250000000000005 0.03854166666666667 0.155