1 0.41015625 0.52875 0.0265625 0.03416666666666667
1 0.022395833333333334 0.5650000000000001 0.04375 0.05333333333333334
1 0.20416666666666666 0.5458333333333334 0.06041666666666667 0.05166666666666667
1 0.20364583333333333 0.5466666666666667 0.051041666666666666 0.05333333333333334
1 0.35885416666666664 0.5325000000000001 0.03229166666666666 0.04166666666666667
1 0.46249999999999997 0.5333333333333333 0.04375 0.060000000000000005
1 0.5286458333333334 0.5558333333333334 0.09479166666666666 0.125
10 0.578125 0.5225000000000001 0.03958333333333333 0.06166666666666667
1 0.5828125 0.5208333333333334 0.042708333333333334 0.07166666666666667
1 0.6708333333333333 0.5466666666666667 0.0625 0.07
1 0.8833333333333333 0.5883333333333334 0.22708333333333333 0.18666666666666668
1 0.9692708333333333 0.545 0.034375 0.06333333333333334