1 0.3286458333333333 0.49583333333333335 0.09270833333333334 0.12166666666666667
1 0.41041666666666665 0.5033333333333334 0.075 0.08333333333333334
7 0.5588541666666667 0.24333333333333335 0.026041666666666668 0.08666666666666667
0 0.6260416666666666 0.5591666666666667 0.08125 0.4316666666666667
2 0.6989583333333333 0.5425 0.1 0.4916666666666667
6 0.6786458333333333 0.24916666666666668 0.026041666666666668 0.085
1 0.7526041666666666 0.4966666666666667 0.057291666666666664 0.08
1 0.8609375 0.49750000000000005 0.04479166666666667 0.05166666666666667
1 0.8552083333333333 0.4941666666666667 0.03125 0.045000000000000005
6 0.9786458333333333 0.3791666666666667 0.028125 0.07166666666666667
2 0.9828125 0.5933333333333334 0.03229166666666666 0.37333333333333335