1 0.26979166666666665 0.5116666666666667 0.1125 0.11
1 0.26979166666666665 0.5133333333333334 0.09791666666666667 0.09666666666666668
1 0.3645833333333333 0.5025000000000001 0.05625 0.03833333333333334
1 0.3645833333333333 0.5125000000000001 0.05625 0.05166666666666667
1 0.4161458333333333 0.5141666666666667 0.046875 0.04833333333333334
1 0.4125 0.5133333333333334 0.029166666666666667 0.05333333333333334
6 0.43124999999999997 0.44083333333333335 0.020833333333333332 0.07500000000000001
6 0.4354166666666667 0.43500000000000005 0.027083333333333334 0.08333333333333334
1 0.5385416666666667 0.5033333333333334 0.06041666666666667 0.043333333333333335
1 0.5744791666666667 0.49833333333333335 0.026041666666666668 0.04666666666666667
1 0.6114583333333333 0.48833333333333334 0.03333333333333333 0.043333333333333335
1 0.6145833333333334 0.4916666666666667 0.035416666666666666 0.03666666666666667
7 0.6197916666666666 0.22583333333333336 0.016666666666666666 0.05166666666666667
6 0.61875 0.22666666666666668 0.014583333333333334 0.04666666666666667
6 0.6411458333333333 0.39083333333333337 0.015625 0.03833333333333334
6 0.6442708333333333 0.40166666666666667 0.015625 0.04666666666666667
1 0.690625 0.5233333333333333 0.06041666666666667 0.13333333333333333
1 0.7151041666666667 0.5266666666666667 0.09895833333333333 0.14
6 0.7067708333333333 0.3916666666666667 0.015625 0.04
6 0.709375 0.39 0.014583333333333334 0.04
1 0.8411458333333334 0.5483333333333333 0.24687499999999998 0.2866666666666667
6 0.7427083333333333 0.265 0.01875 0.05666666666666667
6 0.7427083333333333 0.26083333333333336 0.016666666666666666 0.04166666666666667
6 0.8963541666666667 0.37083333333333335 0.015625 0.04166666666666667
6 0.903125 0.37583333333333335 0.01875 0.05166666666666667
2 0.9921875 0.5108333333333334 0.013541666666666667 0.07833333333333334