0 0.03125 0.5508333333333334 0.0625 0.18166666666666667
2 0.06354166666666666 0.5483333333333333 0.020833333333333332 0.07333333333333333
0 0.153125 0.5333333333333333 0.11666666666666667 0.21666666666666667
1 0.3302083333333333 0.6525000000000001 0.32916666666666666 0.41500000000000004
7 0.28072916666666664 0.2758333333333334 0.019791666666666666 0.06166666666666667
6 0.39010416666666664 0.2866666666666667 0.017708333333333333 0.07
1 0.5609375 0.5316666666666667 0.134375 0.09000000000000001
6 0.5625 0.4083333333333334 0.020833333333333332 0.06333333333333334
0 0.6609375 0.5241666666666667 0.028125 0.085
2 0.7046875 0.48000000000000004 0.021875 0.05
0 0.7307291666666667 0.5283333333333333 0.06145833333333333 0.09666666666666668
2 0.7203125 0.47250000000000003 0.017708333333333333 0.04166666666666667
0 0.8223958333333333 0.5233333333333333 0.065625 0.09333333333333334