3 0.0830078125 0.0791015625 0.166015625 0.158203125
1 0.0830078125 0.517578125 0.0537109375 0.044921875
1 0.087890625 0.521484375 0.037109375 0.0537109375
1 0.09375 0.4990234375 0.0419921875 0.03125
1 0.1708984375 0.5029296875 0.1025390625 0.0634765625
1 0.2236328125 0.513671875 0.0576171875 0.0732421875
1 0.271484375 0.5205078125 0.1005859375 0.0849609375
1 0.3427734375 0.51953125 0.072265625 0.0751953125
1 0.408203125 0.494140625 0.0283203125 0.03515625
1 0.412109375 0.5 0.03515625 0.0400390625
1 0.4345703125 0.5009765625 0.025390625 0.0478515625
1 0.4736328125 0.49609375 0.0322265625 0.0419921875
1 0.5380859375 0.48828125 0.0166015625 0.0400390625
1 0.5576171875 0.4921875 0.0283203125 0.0478515625
3 0.568359375 0.3603515625 0.0244140625 0.0615234375
3 0.6533203125 0.357421875 0.0166015625 0.044921875
4 0.7265625 0.4189453125 0.017578125 0.0517578125
6 0.80078125 0.0771484375 0.0498046875 0.1162109375
3 0.7998046875 0.076171875 0.02734375 0.0947265625
1 0.830078125 0.4912109375 0.0869140625 0.0419921875
1 0.83984375 0.490234375 0.08203125 0.0595703125
1 0.904296875 0.4853515625 0.0810546875 0.0537109375
1 0.9033203125 0.4853515625 0.0712890625 0.056640625
2 0.962890625 0.5 0.0224609375 0.099609375