1 0.08046875 0.5566666666666668 0.05260416666666667 0.05333333333333334
1 0.15208333333333332 0.5575 0.09895833333333333 0.11666666666666667
1 0.22552083333333334 0.5416666666666667 0.05520833333333333 0.08
2 0.2708333333333333 0.535 0.016666666666666666 0.06333333333333334
1 0.3333333333333333 0.5325000000000001 0.05416666666666667 0.06833333333333334
1 0.3796875 0.5408333333333334 0.071875 0.095
7 0.4328125 0.3725 0.013541666666666667 0.035
4 0.5072916666666667 0.36583333333333334 0.0125 0.045000000000000005
1 0.5703125 0.5333333333333333 0.071875 0.05666666666666667
4 0.5661458333333333 0.3841666666666667 0.015625 0.045000000000000005
4 0.7135416666666666 0.4191666666666667 0.0125 0.04166666666666667