1 0.0966796875 0.3740234375 0.1884765625 0.1279296875
1 0.1474609375 0.544921875 0.2919921875 0.283203125
1 0.2763671875 0.462890625 0.0322265625 0.0498046875
10 0.330078125 0.4345703125 0.0830078125 0.1220703125
6 0.369140625 0.3935546875 0.0185546875 0.033203125
1 0.390625 0.45703125 0.0439453125 0.06640625
6 0.39453125 0.396484375 0.0146484375 0.0263671875
1 0.431640625 0.4736328125 0.03125 0.04296875
6 0.43359375 0.38671875 0.015625 0.0302734375
6 0.455078125 0.396484375 0.0146484375 0.037109375
1 0.4814453125 0.4736328125 0.0400390625 0.046875
6 0.51171875 0.4228515625 0.0126953125 0.0263671875
1 0.8837890625 0.4677734375 0.095703125 0.0615234375
1 0.9384765625 0.4609375 0.0439453125 0.0654296875