1 0.18177083333333333 0.6166666666666667 0.36354166666666665 0.6066666666666667
7 0.346875 0.41000000000000003 0.020833333333333332 0.04
7 0.346875 0.4316666666666667 0.01875 0.07
1 0.4109375 0.5941666666666667 0.096875 0.24166666666666667
6 0.47604166666666664 0.35250000000000004 0.025 0.06166666666666667
6 0.4744791666666667 0.35333333333333333 0.015625 0.04666666666666667
1 0.509375 0.5358333333333334 0.05416666666666667 0.06166666666666667
1 0.5104166666666666 0.5366666666666667 0.03125 0.04
6 0.5255208333333333 0.4316666666666667 0.017708333333333333 0.05333333333333334
2 0.6328125 0.5275000000000001 0.015625 0.07500000000000001
2 0.6447916666666667 0.5291666666666667 0.014583333333333334 0.085
2 0.6447916666666667 0.5241666666666667 0.010416666666666666 0.065
6 0.7057291666666666 0.31083333333333335 0.03229166666666666 0.10833333333333334
1 0.8692708333333333 0.5533333333333333 0.042708333333333334 0.07
1 0.9265625 0.5508333333333334 0.065625 0.085
1 0.9760416666666667 0.5358333333333334 0.04583333333333333 0.115