1 0.021875 0.5716666666666667 0.04375 0.13
1 0.024479166666666666 0.5700000000000001 0.034375 0.18333333333333335
10 0.08385416666666666 0.48333333333333334 0.11145833333333333 0.07666666666666667
1 0.09166666666666666 0.5808333333333334 0.12708333333333333 0.17500000000000002
1 0.284375 0.5900000000000001 0.32708333333333334 0.42000000000000004
3 0.3171875 0.3275 0.017708333333333333 0.055
6 0.4140625 0.32583333333333336 0.019791666666666666 0.04833333333333334
1 0.46770833333333334 0.5166666666666667 0.04791666666666666 0.04666666666666667
1 0.47239583333333335 0.52 0.036458333333333336 0.04666666666666667
6 0.49166666666666664 0.32666666666666666 0.01875 0.05666666666666667
1 0.5322916666666666 0.535 0.0625 0.07666666666666667
2 0.6114583333333333 0.5183333333333333 0.014583333333333334 0.04
1 0.6916666666666667 0.5641666666666667 0.14583333333333334 0.16833333333333333
6 0.6791666666666667 0.41750000000000004 0.016666666666666666 0.04833333333333334
1 0.8395833333333333 0.7141666666666667 0.3104166666666667 0.5583333333333333
1 0.8765625 0.45083333333333336 0.23229166666666667 0.10166666666666667
6 0.9291666666666667 0.2566666666666667 0.052083333333333336 0.15666666666666668