6 0.34791666666666665 0.42000000000000004 0.014583333333333334 0.023333333333333334
6 0.3494791666666667 0.42833333333333334 0.015625 0.04666666666666667
1 0.48385416666666664 0.48583333333333334 0.05520833333333333 0.05166666666666667
6 0.4744791666666667 0.36250000000000004 0.017708333333333333 0.03833333333333334
6 0.4739583333333333 0.35500000000000004 0.014583333333333334 0.030000000000000002
1 0.5208333333333334 0.4791666666666667 0.05625 0.07166666666666667
6 0.5583333333333333 0.4133333333333334 0.014583333333333334 0.02666666666666667
6 0.5625 0.42083333333333334 0.016666666666666666 0.03833333333333334
6 0.603125 0.3641666666666667 0.014583333333333334 0.035
1 0.9411458333333333 0.49750000000000005 0.07604166666666666 0.07833333333333334
1 0.928125 0.505 0.04583333333333333 0.07666666666666667