1 0.07447916666666667 0.5333333333333333 0.11562499999999999 0.12666666666666668
2 0.13489583333333333 0.5275000000000001 0.011458333333333333 0.05166666666666667
1 0.14010416666666667 0.5216666666666667 0.019791666666666666 0.03666666666666667
2 0.16510416666666666 0.5516666666666667 0.040625 0.14
1 0.2359375 0.5166666666666667 0.036458333333333336 0.05666666666666667
1 0.23697916666666666 0.5158333333333334 0.028125 0.03833333333333334
1 0.31145833333333334 0.5291666666666667 0.09375 0.11166666666666668
6 0.4171875 0.33 0.02395833333333333 0.08333333333333334
2 0.6057291666666667 0.5216666666666667 0.026041666666666668 0.15666666666666668
2 0.6854166666666667 0.5058333333333334 0.035416666666666666 0.135
2 0.8130208333333333 0.5016666666666667 0.034375 0.15000000000000002