2 0.9523437499999999 0.4491666666666667 0.0265625 0.09833333333333334
2 0.7859375 0.48375 0.027083333333333334 0.12916666666666668
2 0.0203125 0.5475 0.017708333333333333 0.10166666666666667
2 0.035416666666666666 0.5700000000000001 0.016666666666666666 0.05333333333333334
2 0.0546875 0.5475 0.026041666666666668 0.12833333333333335
2 0.05625 0.545 0.029166666666666667 0.11333333333333334
2 0.08333333333333333 0.5483333333333333 0.01875 0.09333333333333334
1 0.1265625 0.5558333333333334 0.078125 0.08166666666666667
1 0.22708333333333333 0.545 0.08333333333333333 0.09333333333333334
1 0.28229166666666666 0.5291666666666667 0.03125 0.065
1 0.3098958333333333 0.5191666666666667 0.030208333333333334 0.065
1 0.5895833333333333 0.5841666666666667 0.4791666666666667 0.29833333333333334
1 0.4348958333333333 0.5208333333333334 0.051041666666666666 0.058333333333333334
3 0.5817708333333333 0.31333333333333335 0.026041666666666668 0.09666666666666668
2 0.7651041666666667 0.48833333333333334 0.019791666666666666 0.12000000000000001
1 0.9278645833333333 0.5183333333333333 0.14322916666666666 0.16
2 0.9854166666666666 0.4808333333333334 0.025 0.16166666666666668