1 0.0654296875 0.5966796875 0.130859375 0.1435546875
1 0.146484375 0.5712890625 0.0830078125 0.123046875
1 0.201171875 0.5634765625 0.0634765625 0.08984375
1 0.205078125 0.56640625 0.0625 0.0830078125
1 0.2490234375 0.5595703125 0.0576171875 0.06640625
1 0.2568359375 0.55859375 0.0537109375 0.080078125
1 0.51171875 0.537109375 0.07421875 0.0771484375
1 0.5107421875 0.537109375 0.0595703125 0.080078125
1 0.552734375 0.5654296875 0.06640625 0.1796875
1 0.5693359375 0.5712890625 0.0908203125 0.1630859375
1 0.6103515625 0.587890625 0.083984375 0.2333984375
1 0.751953125 0.6455078125 0.25390625 0.384765625
1 0.810546875 0.6474609375 0.365234375 0.388671875
1 0.90234375 0.7392578125 0.1923828125 0.5048828125