1 0.9307291666666666 0.7404166666666667 0.1375 0.4091666666666667
2 0.12708333333333333 0.5541666666666667 0.04895833333333333 0.18833333333333335
2 0.17239583333333333 0.5433333333333333 0.03854166666666667 0.21000000000000002
1 0.20104166666666667 0.54 0.05 0.07333333333333333
1 0.20520833333333333 0.545 0.03333333333333333 0.07666666666666667
1 0.22708333333333333 0.545 0.03958333333333333 0.07333333333333333
1 0.23333333333333334 0.5425 0.025 0.058333333333333334
2 0.4270833333333333 0.5283333333333333 0.05416666666666667 0.19666666666666668
1 0.4302083333333333 0.5275000000000001 0.041666666666666664 0.19166666666666668
1 0.5296875 0.55 0.140625 0.10333333333333335
1 0.6364583333333333 0.5541666666666667 0.10416666666666667 0.095
1 0.6333333333333333 0.5575 0.08958333333333333 0.08166666666666667
1 0.7286458333333333 0.5825 0.09479166666666666 0.15166666666666667
1 0.87734375 0.5875 0.24427083333333333 0.255