1 0.1416015625 0.5146484375 0.0693359375 0.0751953125
1 0.2890625 0.533203125 0.138671875 0.1396484375
3 0.291015625 0.34765625 0.017578125 0.0478515625
4 0.3720703125 0.3369140625 0.0166015625 0.037109375
4 0.3720703125 0.337890625 0.0146484375 0.0419921875
4 0.4326171875 0.3447265625 0.013671875 0.04296875
1 0.458984375 0.498046875 0.0302734375 0.0400390625
1 0.5009765625 0.505859375 0.060546875 0.078125
4 0.5908203125 0.4208984375 0.01953125 0.0419921875
4 0.623046875 0.3798828125 0.0224609375 0.056640625
1 0.658203125 0.5029296875 0.0458984375 0.0537109375
1 0.6904296875 0.5029296875 0.0712890625 0.0478515625
1 0.7431640625 0.4931640625 0.0869140625 0.0595703125
1 0.7900390625 0.4873046875 0.056640625 0.0654296875