1 0.24583333333333332 0.5333333333333333 0.08333333333333333 0.10666666666666667
1 0.296875 0.5283333333333333 0.052083333333333336 0.07
1 0.30052083333333335 0.5266666666666667 0.04479166666666667 0.08333333333333334
1 0.3380208333333333 0.52 0.046875 0.07333333333333333
1 0.3411458333333333 0.5133333333333334 0.051041666666666666 0.06333333333333334
1 0.36822916666666666 0.5141666666666667 0.019791666666666666 0.05166666666666667
1 0.384375 0.51 0.020833333333333332 0.05
1 0.4947916666666667 0.5041666666666667 0.04583333333333333 0.07833333333333334
4 0.5307291666666667 0.155 0.03229166666666666 0.07666666666666667
1 0.5411458333333333 0.5058333333333334 0.021875 0.058333333333333334
1 0.5677083333333334 0.5066666666666667 0.04791666666666666 0.08333333333333334
4 0.7302083333333333 0.33666666666666667 0.027083333333333334 0.06333333333333334
4 0.734375 0.3191666666666667 0.025 0.08833333333333333