1 0.12708333333333333 0.5516666666666667 0.25 0.35333333333333333
1 0.265625 0.49250000000000005 0.05416666666666667 0.035
1 0.2708333333333333 0.48833333333333334 0.04583333333333333 0.04666666666666667
1 0.3067708333333333 0.4991666666666667 0.036458333333333336 0.03833333333333334
1 0.31354166666666666 0.49833333333333335 0.029166666666666667 0.043333333333333335
1 0.37083333333333335 0.48750000000000004 0.025 0.04166666666666667
1 0.4192708333333333 0.49000000000000005 0.057291666666666664 0.07666666666666667
1 0.4510416666666667 0.48500000000000004 0.035416666666666666 0.05
1 0.5020833333333333 0.48583333333333334 0.020833333333333332 0.021666666666666667
1 0.5765625 0.48833333333333334 0.04895833333333333 0.07
1 0.6421875 0.5183333333333333 0.10104166666666667 0.10333333333333335
1 0.7895833333333333 0.49750000000000005 0.12083333333333333 0.06833333333333334