1 0.13697916666666665 0.51 0.27291666666666664 0.16166666666666668
7 0.07291666666666667 0.34750000000000003 0.022916666666666665 0.065
1 0.27447916666666666 0.4591666666666667 0.051041666666666666 0.06166666666666667
1 0.3265625 0.4666666666666667 0.034375 0.05666666666666667
1 0.3723958333333333 0.465 0.06145833333333333 0.07333333333333333
7 0.4395833333333333 0.2341666666666667 0.016666666666666666 0.05166666666666667
6 0.5260416666666666 0.24583333333333335 0.014583333333333334 0.04833333333333334
6 0.6125 0.25083333333333335 0.016666666666666666 0.03833333333333334
6 0.7708333333333334 0.35833333333333334 0.014583333333333334 0.04666666666666667
1 0.90625 0.48750000000000004 0.175 0.10166666666666667
1 0.9734375 0.4425 0.051041666666666666 0.055