2 0.5166015625 0.5224609375 0.013671875 0.048828125
2 0.5029296875 0.5244140625 0.0107421875 0.0380859375
2 0.478515625 0.5224609375 0.01171875 0.0458984375
2 0.4765625 0.5283203125 0.0126953125 0.0361328125
1 0.142578125 0.568359375 0.2001953125 0.1796875
1 0.24609375 0.5244140625 0.04296875 0.05859375
1 0.298828125 0.5205078125 0.05078125 0.0546875
1 0.2978515625 0.51953125 0.044921875 0.0546875
2 0.4580078125 0.51953125 0.0166015625 0.05859375
2 0.59765625 0.5166015625 0.0205078125 0.0869140625
2 0.6220703125 0.505859375 0.01953125 0.0751953125
2 0.6259765625 0.5087890625 0.021484375 0.0751953125