2 0.9083333333333333 0.5025000000000001 0.0375 0.10666666666666667
0 0.6151041666666667 0.48458333333333337 0.03125 0.05583333333333334
1 0.026041666666666668 0.49000000000000005 0.051041666666666666 0.05
1 0.09010416666666667 0.5175000000000001 0.17604166666666665 0.10166666666666667
1 0.08697916666666666 0.5091666666666667 0.16354166666666667 0.09166666666666667
7 0.10520833333333333 0.3916666666666667 0.022916666666666665 0.05666666666666667
6 0.10677083333333333 0.39333333333333337 0.015625 0.05333333333333334
1 0.325 0.49083333333333334 0.15 0.17833333333333334
3 0.3963541666666667 0.3375 0.015625 0.03833333333333334
1 0.43385416666666665 0.48833333333333334 0.04479166666666667 0.06666666666666667
1 0.4322916666666667 0.48500000000000004 0.03333333333333333 0.05
1 0.5 0.5108333333333334 0.09791666666666667 0.14166666666666666
6 0.4848958333333333 0.3041666666666667 0.013541666666666667 0.05166666666666667
1 0.6385416666666667 0.5141666666666667 0.08333333333333333 0.13833333333333334
1 0.6546875 0.5091666666666667 0.11562499999999999 0.11166666666666668
6 0.6119791666666666 0.38833333333333336 0.017708333333333333 0.03666666666666667
6 0.6114583333333333 0.3916666666666667 0.016666666666666666 0.04
1 0.7828125 0.5491666666666667 0.21979166666666666 0.20833333333333334
6 0.7619791666666667 0.3491666666666667 0.021875 0.06833333333333334
6 0.7630208333333334 0.3375 0.021875 0.04166666666666667