2 0.6434895833333333 0.5120833333333333 0.011979166666666666 0.04583333333333334
1 0.08177083333333333 0.5408333333333334 0.06354166666666666 0.045000000000000005
4 0.378125 0.45 0.0125 0.03666666666666667
1 0.4197916666666667 0.5175000000000001 0.04791666666666666 0.06833333333333334
1 0.48125 0.5208333333333334 0.03125 0.03833333333333334
4 0.47812499999999997 0.375 0.010416666666666666 0.03333333333333333
1 0.5010416666666666 0.5175000000000001 0.022916666666666665 0.028333333333333335
1 0.5239583333333333 0.5216666666666667 0.0625 0.08333333333333334
4 0.5427083333333333 0.3641666666666667 0.0125 0.035
1 0.6963541666666666 0.52 0.06979166666666667 0.07333333333333333
1 0.8182291666666667 0.5358333333333334 0.06979166666666667 0.10166666666666667
1 0.9119791666666667 0.5208333333333334 0.14895833333333333 0.13166666666666668