2 0.61953125 0.5179166666666667 0.0067708333333333336 0.03916666666666667
2 0.6114583333333333 0.52 0.007291666666666667 0.03833333333333334
2 0.6005208333333333 0.52 0.007291666666666667 0.03833333333333334
2 0.10390624999999999 0.5495833333333334 0.0140625 0.05416666666666667
1 0.0625 0.5441666666666667 0.07291666666666667 0.065
1 0.2140625 0.5308333333333334 0.046875 0.05166666666666667
1 0.41302083333333334 0.5591666666666667 0.134375 0.1716666666666667
1 0.5036458333333333 0.5208333333333334 0.036458333333333336 0.04166666666666667
1 0.5458333333333333 0.5125000000000001 0.041666666666666664 0.06833333333333334
10 0.5427083333333333 0.515 0.03125 0.05
1 0.6479166666666667 0.5366666666666667 0.0625 0.07
1 0.7296875 0.5266666666666667 0.059375 0.05333333333333334
1 0.7807291666666667 0.5258333333333334 0.078125 0.058333333333333334
1 0.8880208333333334 0.5308333333333334 0.030208333333333334 0.03833333333333334
1 0.9333333333333333 0.5258333333333334 0.04375 0.055