6 0.13177083333333334 0.37833333333333335 0.026041666666666668 0.03666666666666667
6 0.134375 0.39333333333333337 0.022916666666666665 0.08
1 0.25416666666666665 0.5183333333333333 0.03125 0.05333333333333334
1 0.290625 0.5316666666666667 0.03125 0.043333333333333335
1 0.3067708333333333 0.5291666666666667 0.026041666666666668 0.03833333333333334
1 0.3177083333333333 0.53 0.03125 0.03666666666666667
1 0.39166666666666666 0.535 0.04791666666666666 0.05
1 0.3911458333333333 0.5325000000000001 0.03854166666666667 0.035
6 0.4109375 0.255 0.02395833333333333 0.07333333333333333
6 0.40989583333333335 0.24083333333333334 0.017708333333333333 0.04166666666666667
1 0.44375 0.5308333333333334 0.04375 0.045000000000000005
6 0.5885416666666666 0.37000000000000005 0.022916666666666665 0.04
6 0.590625 0.38833333333333336 0.022916666666666665 0.07333333333333333