1 0.2041015625 0.595703125 0.3466796875 0.478515625
7 0.3466796875 0.41015625 0.0205078125 0.0400390625
7 0.349609375 0.4228515625 0.0146484375 0.0615234375
1 0.416015625 0.568359375 0.0830078125 0.2001953125
6 0.470703125 0.3544921875 0.025390625 0.0615234375
6 0.4716796875 0.3515625 0.015625 0.046875
1 0.5 0.5244140625 0.0537109375 0.0615234375
1 0.5048828125 0.5244140625 0.03515625 0.0419921875
6 0.5185546875 0.4287109375 0.015625 0.0546875
6 0.6787109375 0.3232421875 0.0283203125 0.099609375
1 0.8330078125 0.5390625 0.044921875 0.0615234375
1 0.8779296875 0.5400390625 0.068359375 0.06640625
1 0.9345703125 0.5244140625 0.083984375 0.0947265625