1 0.11510416666666666 0.5575 0.06979166666666667 0.07166666666666667
1 0.19479166666666667 0.5358333333333334 0.0375 0.058333333333333334
1 0.2265625 0.5391666666666667 0.028125 0.05166666666666667
1 0.40729166666666666 0.5358333333333334 0.09375 0.12833333333333335
7 0.40208333333333335 0.4741666666666667 0.010416666666666666 0.035
1 0.4588541666666667 0.5316666666666667 0.042708333333333334 0.08666666666666667
6 0.459375 0.4425 0.010416666666666666 0.028333333333333335
6 0.4822916666666667 0.4791666666666667 0.010416666666666666 0.028333333333333335
6 0.5182291666666666 0.45833333333333337 0.009375 0.030000000000000002
1 0.553125 0.5366666666666667 0.0625 0.08333333333333334
1 0.6270833333333333 0.5425 0.11458333333333333 0.13833333333333334
1 0.8583333333333333 0.6075 0.2791666666666667 0.28500000000000003