1 0.0224609375 0.5546875 0.0439453125 0.21484375
1 0.2158203125 0.5400390625 0.04296875 0.04296875
1 0.2451171875 0.53125 0.0361328125 0.0478515625
1 0.298828125 0.53125 0.05078125 0.0498046875
1 0.4189453125 0.5400390625 0.0693359375 0.08984375
4 0.4033203125 0.4296875 0.0146484375 0.033203125
4 0.40234375 0.4287109375 0.0107421875 0.0263671875
4 0.443359375 0.42578125 0.0107421875 0.025390625
4 0.4443359375 0.4296875 0.009765625 0.0302734375
1 0.4853515625 0.5234375 0.029296875 0.037109375
1 0.6025390625 0.5126953125 0.0732421875 0.05859375
1 0.74609375 0.5556640625 0.208984375 0.1953125