1 0.027604166666666666 0.5766666666666667 0.05520833333333333 0.15000000000000002
1 0.025 0.5691666666666667 0.04791666666666666 0.15166666666666667
10 0.07604166666666666 0.5016666666666667 0.10833333333333334 0.08666666666666667
1 0.09010416666666667 0.5766666666666667 0.13645833333333332 0.18000000000000002
1 0.28489583333333335 0.5916666666666667 0.3260416666666667 0.42333333333333334
3 0.3182291666666667 0.33 0.017708333333333333 0.05
6 0.4140625 0.325 0.015625 0.043333333333333335
6 0.4921875 0.32583333333333336 0.015625 0.04833333333333334
1 0.5380208333333333 0.5233333333333333 0.065625 0.06333333333333334
1 0.6973958333333333 0.5650000000000001 0.16770833333333332 0.18000000000000002
2 0.6291666666666667 0.5233333333333333 0.01875 0.05666666666666667
2 0.6302083333333334 0.5133333333333334 0.014583333333333334 0.04
6 0.6796875 0.41500000000000004 0.015625 0.043333333333333335
6 0.9291666666666667 0.25083333333333335 0.04791666666666666 0.135
2 0.9609375 0.5408333333333334 0.030208333333333334 0.11833333333333335