2 0.010416666666666666 0.5691666666666667 0.019791666666666666 0.13
1 0.8841145833333334 0.7191666666666667 0.23072916666666665 0.56
1 0.109375 0.5800000000000001 0.11875 0.13
1 0.18020833333333333 0.5691666666666667 0.07083333333333333 0.10833333333333334
1 0.22552083333333334 0.5641666666666667 0.046875 0.07500000000000001
1 0.2713541666666667 0.5525 0.05520833333333333 0.07166666666666667
1 0.4901041666666667 0.5325000000000001 0.057291666666666664 0.06833333333333334
1 0.5286458333333334 0.5575 0.06354166666666666 0.12833333333333335
1 0.63125 0.5816666666666667 0.15208333333333332 0.21333333333333335
1 0.7729166666666667 0.6525000000000001 0.3125 0.35833333333333334
1 0.725 0.6525000000000001 0.21458333333333332 0.34833333333333333