1 0.0640625 0.6341666666666667 0.128125 0.32833333333333337
10 0.07447916666666667 0.49750000000000005 0.14479166666666665 0.135
2 0.14010416666666667 0.5341666666666667 0.026041666666666668 0.095
1 0.1546875 0.5608333333333334 0.053125 0.065
1 0.2973958333333333 0.6575000000000001 0.3302083333333333 0.4216666666666667
2 0.1421875 0.5383333333333333 0.019791666666666666 0.11
7 0.3380208333333333 0.24916666666666668 0.021875 0.06833333333333334
10 0.4661458333333333 0.5091666666666667 0.036458333333333336 0.06833333333333334
6 0.46510416666666665 0.2791666666666667 0.021875 0.065
2 0.6026041666666666 0.5283333333333333 0.017708333333333333 0.08333333333333334
2 0.6239583333333333 0.5225000000000001 0.03333333333333333 0.09166666666666667
6 0.6416666666666666 0.39666666666666667 0.022916666666666665 0.06333333333333334
1 0.8817708333333333 0.5591666666666667 0.234375 0.6683333333333333