6 0.0830078125 0.0791015625 0.166015625 0.158203125
1 0.0830078125 0.517578125 0.0537109375 0.044921875
1 0.087890625 0.5322265625 0.037109375 0.0517578125
1 0.09375 0.4990234375 0.0419921875 0.03125
1 0.1728515625 0.5029296875 0.1025390625 0.0634765625
1 0.287109375 0.5234375 0.095703125 0.0830078125
1 0.37890625 0.5107421875 0.072265625 0.0751953125
1 0.44140625 0.4990234375 0.0283203125 0.03515625
1 0.4462890625 0.4931640625 0.03515625 0.0400390625
1 0.474609375 0.49609375 0.0322265625 0.0419921875
1 0.552734375 0.4921875 0.0263671875 0.0419921875
1 0.552734375 0.4931640625 0.01953125 0.04296875
3 0.568359375 0.3603515625 0.0244140625 0.0615234375
1 0.580078125 0.494140625 0.0380859375 0.0517578125
1 0.576171875 0.49609375 0.03125 0.03515625
1 0.619140625 0.4912109375 0.0498046875 0.06640625
1 0.62109375 0.4892578125 0.0419921875 0.0478515625
1 0.6630859375 0.49609375 0.0654296875 0.0849609375
3 0.65234375 0.3564453125 0.015625 0.04296875
4 0.7255859375 0.416015625 0.0166015625 0.0478515625
2 0.759765625 0.4853515625 0.0244140625 0.0654296875
6 0.80078125 0.0771484375 0.0498046875 0.1162109375
3 0.7998046875 0.0751953125 0.02734375 0.09375
1 0.8583984375 0.509765625 0.07421875 0.11328125
2 0.9345703125 0.48828125 0.025390625 0.0966796875
2 0.9384765625 0.482421875 0.0224609375 0.078125