1 0.1591796875 0.505859375 0.181640625 0.171875
1 0.1572265625 0.513671875 0.166015625 0.1435546875
1 0.41796875 0.4921875 0.0419921875 0.0546875
1 0.419921875 0.494140625 0.029296875 0.0380859375
1 0.4697265625 0.4912109375 0.03515625 0.0478515625
1 0.5322265625 0.4853515625 0.046875 0.0537109375
3 0.5703125 0.0283203125 0.0263671875 0.056640625
3 0.56640625 0.3603515625 0.0126953125 0.0517578125
6 0.6533203125 0.35546875 0.0146484375 0.0400390625
6 0.7265625 0.4013671875 0.015625 0.04296875
6 0.7294921875 0.40625 0.013671875 0.0263671875
6 0.798828125 0.07421875 0.0244140625 0.091796875
2 0.81640625 0.4755859375 0.03125 0.087890625
2 0.81640625 0.478515625 0.0244140625 0.056640625
0 0.97265625 0.4921875 0.0263671875 0.1015625
2 0.9755859375 0.4775390625 0.0302734375 0.1552734375
2 0.9912109375 0.4814453125 0.01171875 0.0830078125