6 0.0830078125 0.0791015625 0.166015625 0.158203125
1 0.0830078125 0.517578125 0.0537109375 0.044921875
1 0.0908203125 0.52734375 0.037109375 0.0517578125
1 0.0966796875 0.49609375 0.0419921875 0.03125
1 0.1748046875 0.5029296875 0.1025390625 0.0634765625
1 0.322265625 0.51953125 0.095703125 0.0830078125
1 0.4208984375 0.5029296875 0.072265625 0.0751953125
1 0.4775390625 0.494140625 0.0322265625 0.0419921875
1 0.568359375 0.4912109375 0.0263671875 0.0419921875
1 0.5654296875 0.4951171875 0.01953125 0.04296875
3 0.568359375 0.3603515625 0.0244140625 0.0615234375
1 0.5888671875 0.4912109375 0.0380859375 0.0517578125
1 0.587890625 0.4892578125 0.03125 0.03515625
1 0.642578125 0.4951171875 0.0498046875 0.06640625
1 0.646484375 0.4892578125 0.0419921875 0.0478515625
3 0.65234375 0.3564453125 0.015625 0.04296875
1 0.6953125 0.509765625 0.080078125 0.103515625
4 0.7255859375 0.416015625 0.0166015625 0.0478515625
6 0.80078125 0.0771484375 0.0498046875 0.1162109375
3 0.7998046875 0.0751953125 0.02734375 0.09375
1 0.8564453125 0.509765625 0.07421875 0.11328125
2 0.91015625 0.482421875 0.0224609375 0.078125
2 0.9853515625 0.5029296875 0.025390625 0.1318359375