3 0.06302083333333333 0.06833333333333334 0.084375 0.13333333333333333
1 0.1109375 0.5308333333333334 0.159375 0.13166666666666668
1 0.209375 0.5158333333333334 0.06875 0.08166666666666667
1 0.22239583333333332 0.5125000000000001 0.08020833333333333 0.07833333333333334
1 0.28125 0.52 0.10208333333333333 0.10333333333333335
1 0.409375 0.49333333333333335 0.09583333333333333 0.060000000000000005
1 0.41562499999999997 0.49250000000000005 0.07291666666666667 0.05166666666666667
3 0.571875 0.028333333333333335 0.029166666666666667 0.05333333333333334
6 0.565625 0.36333333333333334 0.014583333333333334 0.04666666666666667
1 0.6229166666666667 0.49083333333333334 0.035416666666666666 0.055
1 0.6708333333333333 0.49000000000000005 0.10625 0.05666666666666667
6 0.653125 0.35833333333333334 0.016666666666666666 0.05
6 0.6526041666666667 0.35750000000000004 0.009375 0.03833333333333334
6 0.7286458333333333 0.4191666666666667 0.013541666666666667 0.04833333333333334
6 0.8010416666666667 0.07500000000000001 0.029166666666666667 0.09333333333333334
1 0.8208333333333333 0.49000000000000005 0.052083333333333336 0.043333333333333335
1 0.8619791666666666 0.4891666666666667 0.071875 0.055
1 0.9213541666666667 0.4866666666666667 0.103125 0.05666666666666667