1 0.14791666666666667 0.6225 0.18958333333333333 0.18500000000000003
1 0.1515625 0.6183333333333334 0.171875 0.16
1 0.2484375 0.5841666666666667 0.051041666666666666 0.065
1 0.2520833333333333 0.5850000000000001 0.05 0.08333333333333334
1 0.2895833333333333 0.5816666666666667 0.03958333333333333 0.05
1 0.3302083333333333 0.5800000000000001 0.0625 0.07666666666666667
1 0.3802083333333333 0.5708333333333334 0.035416666666666666 0.04166666666666667
1 0.425 0.5633333333333334 0.035416666666666666 0.04
1 0.5052083333333334 0.5750000000000001 0.06458333333333333 0.07333333333333333
1 0.8885416666666667 0.5616666666666666 0.21875 0.24333333333333335
10 0.8937499999999999 0.55 0.20625 0.21000000000000002