3 0.0712890625 0.0849609375 0.109375 0.15625
1 0.228515625 0.51953125 0.140625 0.125
1 0.2998046875 0.5087890625 0.05859375 0.0771484375
1 0.3095703125 0.5078125 0.041015625 0.0712890625
1 0.3759765625 0.4990234375 0.037109375 0.0517578125
1 0.4326171875 0.49609375 0.0380859375 0.0615234375
1 0.4326171875 0.494140625 0.0341796875 0.044921875
1 0.46484375 0.49609375 0.0341796875 0.0517578125
3 0.5703125 0.0283203125 0.0263671875 0.056640625
3 0.5654296875 0.3603515625 0.0126953125 0.0517578125
6 0.65234375 0.35546875 0.015625 0.0400390625
6 0.7255859375 0.41015625 0.015625 0.04296875
6 0.80078125 0.0732421875 0.025390625 0.08984375
2 0.8642578125 0.4765625 0.0244140625 0.0703125
2 0.87109375 0.4814453125 0.021484375 0.0537109375
0 0.9638671875 0.4931640625 0.029296875 0.099609375
2 0.9912109375 0.4814453125 0.01171875 0.0830078125