1 0.0400390625 0.5693359375 0.0791015625 0.10546875
1 0.0419921875 0.5654296875 0.0791015625 0.0751953125
1 0.0947265625 0.548828125 0.103515625 0.0751953125
1 0.1123046875 0.54296875 0.06640625 0.056640625
1 0.140625 0.548828125 0.09375 0.078125
1 0.1669921875 0.544921875 0.0302734375 0.056640625
1 0.294921875 0.5615234375 0.08984375 0.1201171875
10 0.7822265625 0.46484375 0.3583984375 0.1669921875
10 0.7197265625 0.4833984375 0.228515625 0.1767578125
1 0.7412109375 0.541015625 0.130859375 0.0947265625
1 0.7431640625 0.5400390625 0.111328125 0.0869140625
1 0.80859375 0.529296875 0.056640625 0.1015625