1 0.0556640625 0.6005859375 0.109375 0.2763671875
1 0.123046875 0.5615234375 0.0791015625 0.11328125
1 0.1337890625 0.556640625 0.09765625 0.16015625
1 0.224609375 0.55859375 0.072265625 0.0771484375
1 0.2265625 0.5556640625 0.0634765625 0.0546875
1 0.2685546875 0.5478515625 0.0302734375 0.068359375
1 0.2958984375 0.544921875 0.03125 0.056640625
1 0.3291015625 0.541015625 0.056640625 0.0751953125
10 0.37109375 0.5087890625 0.033203125 0.0400390625
1 0.373046875 0.53125 0.03125 0.0498046875
1 0.4208984375 0.544921875 0.08984375 0.0830078125
1 0.4248046875 0.5419921875 0.0908203125 0.06640625
1 0.5087890625 0.5234375 0.04296875 0.0498046875
1 0.56640625 0.5595703125 0.05859375 0.1650390625
1 0.6396484375 0.5703125 0.130859375 0.1435546875