3 0.08229166666666667 0.07833333333333334 0.16458333333333333 0.15666666666666668
1 0.12864583333333332 0.5216666666666667 0.18645833333333334 0.14333333333333334
1 0.14791666666666667 0.5166666666666667 0.16041666666666665 0.14
1 0.1984375 0.49750000000000005 0.05520833333333333 0.08166666666666667
1 0.39479166666666665 0.5133333333333334 0.05625 0.06333333333333334
1 0.44427083333333334 0.49833333333333335 0.02395833333333333 0.04
1 0.4869791666666667 0.49583333333333335 0.03854166666666667 0.045000000000000005
3 0.5625 0.37083333333333335 0.025 0.07166666666666667
1 0.6 0.4841666666666667 0.05 0.055
1 0.60625 0.4841666666666667 0.03958333333333333 0.065
1 0.6359375 0.49250000000000005 0.04895833333333333 0.055
1 0.6401041666666667 0.48750000000000004 0.036458333333333336 0.04833333333333334
3 0.6526041666666667 0.35583333333333333 0.015625 0.04166666666666667
1 0.6640625 0.48583333333333334 0.034375 0.035
1 0.6703125 0.49000000000000005 0.017708333333333333 0.05666666666666667
1 0.7244791666666667 0.5166666666666667 0.06770833333333333 0.11333333333333334
1 0.7286458333333333 0.505 0.07604166666666666 0.08666666666666667
4 0.7260416666666667 0.4141666666666667 0.016666666666666666 0.04833333333333334
1 0.8166666666666667 0.505 0.1375 0.17
8 0.8010416666666667 0.07666666666666667 0.05 0.11666666666666667
3 0.8005208333333333 0.07416666666666667 0.026041666666666668 0.09166666666666667
2 0.9776041666666666 0.4841666666666667 0.030208333333333334 0.095
2 0.98125 0.4941666666666667 0.025 0.13166666666666668