0 0.0546875 0.5466666666666667 0.034375 0.07
7 0.051041666666666666 0.44083333333333335 0.022916666666666665 0.058333333333333334
0 0.053125 0.5416666666666667 0.016666666666666666 0.06666666666666667
2 0.08072916666666667 0.5383333333333333 0.02395833333333333 0.08
2 0.08385416666666666 0.5416666666666667 0.026041666666666668 0.07666666666666667
0 0.08020833333333333 0.5375000000000001 0.010416666666666666 0.06833333333333334
1 0.171875 0.525 0.0875 0.07333333333333333
10 0.1734375 0.5216666666666667 0.08229166666666667 0.08333333333333334
10 0.23645833333333333 0.5116666666666667 0.05625 0.05666666666666667
1 0.24479166666666666 0.5158333333333334 0.0625 0.058333333333333334
1 0.24427083333333333 0.5325000000000001 0.057291666666666664 0.04833333333333334
2 0.28489583333333335 0.5133333333333334 0.02395833333333333 0.07333333333333333
10 0.32708333333333334 0.4816666666666667 0.1 0.14666666666666667
1 0.39427083333333335 0.5175000000000001 0.03229166666666666 0.035
1 0.43906249999999997 0.5133333333333334 0.028125 0.030000000000000002
7 0.4484375 0.3241666666666667 0.019791666666666666 0.058333333333333334
1 0.46510416666666665 0.5133333333333334 0.028125 0.04
6 0.5182291666666666 0.32583333333333336 0.02395833333333333 0.065
1 0.5630208333333333 0.525 0.04895833333333333 0.06333333333333334
6 0.6552083333333333 0.4108333333333334 0.022916666666666665 0.065
1 0.8604166666666666 0.6425000000000001 0.275 0.7050000000000001
1 0.8614583333333333 0.6425000000000001 0.26875 0.6983333333333334