1 0.08854166666666667 0.5491666666666667 0.17708333333333334 0.15166666666666667
1 0.09791666666666667 0.5458333333333334 0.1625 0.155
2 0.18541666666666667 0.5516666666666667 0.04583333333333333 0.15000000000000002
1 0.21354166666666666 0.5441666666666667 0.03125 0.058333333333333334
1 0.22083333333333333 0.5466666666666667 0.035416666666666666 0.07333333333333333
1 0.24583333333333332 0.5358333333333334 0.0375 0.06833333333333334
1 0.32708333333333334 0.5258333333333334 0.058333333333333334 0.08833333333333333
1 0.4401041666666667 0.5183333333333333 0.053125 0.05666666666666667
1 0.5177083333333333 0.5375000000000001 0.06041666666666667 0.17833333333333334
1 0.628125 0.5758333333333334 0.17916666666666667 0.2016666666666667
1 0.8776041666666666 0.4816666666666667 0.178125 0.11
1 0.840625 0.4841666666666667 0.09375 0.10833333333333334
1 0.9307291666666666 0.48583333333333334 0.128125 0.11166666666666668