1 0.4322916666666667 0.5158333333333334 0.04583333333333333 0.058333333333333334
1 0.11927083333333333 0.5583333333333333 0.084375 0.09000000000000001
1 0.22552083333333334 0.5475 0.090625 0.10833333333333334
1 0.2755208333333333 0.5325000000000001 0.03229166666666666 0.085
1 0.28229166666666666 0.5291666666666667 0.03125 0.065
1 0.30572916666666666 0.5175000000000001 0.030208333333333334 0.065
1 0.3572916666666667 0.5141666666666667 0.022916666666666665 0.045000000000000005
1 0.6453125 0.54 0.34479166666666666 0.21666666666666667
3 0.5817708333333333 0.315 0.026041666666666668 0.09666666666666668
1 0.8322916666666667 0.5125000000000001 0.0875 0.17833333333333334
2 0.9854166666666666 0.47000000000000003 0.025 0.1366666666666667