1 0.1162109375 0.5546875 0.0927734375 0.0830078125
2 0.080078125 0.517578125 0.0146484375 0.03515625
1 0.1689453125 0.5341796875 0.0341796875 0.0751953125
1 0.216796875 0.546875 0.1005859375 0.1064453125
1 0.2861328125 0.525390625 0.0595703125 0.099609375
1 0.2900390625 0.5224609375 0.0595703125 0.1015625
2 0.3486328125 0.5087890625 0.017578125 0.05859375
2 0.3623046875 0.5087890625 0.0146484375 0.05859375
1 0.431640625 0.5029296875 0.0283203125 0.06640625
1 0.435546875 0.505859375 0.0283203125 0.0546875
1 0.498046875 0.5185546875 0.0791015625 0.1162109375
2 0.6298828125 0.486328125 0.02734375 0.1103515625
2 0.6298828125 0.494140625 0.025390625 0.115234375
2 0.65625 0.48046875 0.025390625 0.091796875
1 0.8251953125 0.51953125 0.3447265625 0.2666015625