3 0.07135416666666666 0.085 0.109375 0.15666666666666668
1 0.21510416666666665 0.5058333333333334 0.159375 0.135
1 0.3880208333333333 0.5041666666666667 0.06354166666666666 0.065
1 0.44375 0.4941666666666667 0.04791666666666666 0.055
1 0.4432291666666667 0.49250000000000005 0.034375 0.045000000000000005
3 0.5703125 0.028333333333333335 0.026041666666666668 0.05666666666666667
3 0.5661458333333333 0.36083333333333334 0.013541666666666667 0.05166666666666667
3 0.6526041666666667 0.35500000000000004 0.015625 0.04
4 0.7255208333333333 0.4116666666666667 0.015625 0.04666666666666667
0 0.778125 0.48333333333333334 0.020833333333333332 0.06666666666666667
3 0.8010416666666667 0.07333333333333333 0.025 0.09000000000000001
2 0.8088541666666667 0.4808333333333334 0.015625 0.05166666666666667
2 0.8765625 0.4866666666666667 0.019791666666666666 0.09000000000000001
2 0.8739583333333333 0.4916666666666667 0.014583333333333334 0.07
1 0.9760416666666667 0.5558333333333334 0.03958333333333333 0.23500000000000001