2 0.07890625 0.5725 0.03802083333333333 0.15666666666666668
1 0.041666666666666664 0.5875 0.08229166666666667 0.155
1 0.1125 0.5708333333333334 0.0625 0.115
1 0.184375 0.5458333333333334 0.0875 0.11833333333333335
1 0.24166666666666667 0.53 0.041666666666666664 0.08333333333333334
2 0.2635416666666667 0.5283333333333333 0.016666666666666666 0.07666666666666667
2 0.27760416666666665 0.5258333333333334 0.013541666666666667 0.07500000000000001
6 0.2864583333333333 0.45 0.010416666666666666 0.030000000000000002
2 0.2916666666666667 0.525 0.016666666666666666 0.07
2 0.35260416666666666 0.5175000000000001 0.013541666666666667 0.06833333333333334
2 0.4744791666666667 0.5175000000000001 0.015625 0.06833333333333334
6 0.5078125 0.43500000000000005 0.013541666666666667 0.03666666666666667
1 0.5645833333333333 0.545 0.05625 0.1366666666666667
1 0.684375 0.5633333333333334 0.22083333333333333 0.21000000000000002
2 0.8135416666666666 0.5033333333333334 0.05 0.22333333333333336