1 0.046875 0.650390625 0.09375 0.1953125
2 0.181640625 0.55859375 0.0224609375 0.0732421875
2 0.205078125 0.5576171875 0.0185546875 0.0712890625
1 0.3271484375 0.552734375 0.0576171875 0.0751953125
1 0.3583984375 0.55078125 0.0283203125 0.0517578125
1 0.4365234375 0.533203125 0.0322265625 0.037109375
1 0.5126953125 0.544921875 0.0380859375 0.09375
1 0.5166015625 0.5400390625 0.0400390625 0.0771484375
1 0.541015625 0.5478515625 0.041015625 0.1318359375
1 0.5615234375 0.55859375 0.064453125 0.212890625
1 0.701171875 0.580078125 0.2705078125 0.373046875
1 0.861328125 0.697265625 0.2763671875 0.6015625