1 0.09817708333333333 0.5604166666666667 0.10052083333333334 0.09916666666666667
1 0.03411458333333333 0.5654166666666667 0.0671875 0.1625
1 0.21562499999999998 0.5441666666666667 0.13333333333333333 0.165
10 0.19114583333333332 0.4733333333333334 0.06770833333333333 0.08333333333333334
1 0.3067708333333333 0.5366666666666667 0.036458333333333336 0.05333333333333334
10 0.321875 0.5116666666666667 0.05416666666666667 0.07
1 0.4119791666666667 0.5316666666666667 0.05520833333333333 0.07666666666666667
1 0.47552083333333334 0.52 0.040625 0.05
1 0.5083333333333333 0.5141666666666667 0.04375 0.05166666666666667
1 0.5536458333333333 0.5391666666666667 0.071875 0.14166666666666666
1 0.5760416666666667 0.5391666666666667 0.10416666666666667 0.125
1 0.6588541666666666 0.56 0.16145833333333334 0.18333333333333335