1 0.3580729166666667 0.51875 0.0421875 0.05916666666666667
1 0.4322916666666667 0.5158333333333334 0.04583333333333333 0.058333333333333334
2 0.044270833333333336 0.5458333333333334 0.017708333333333333 0.09166666666666667
2 0.057812499999999996 0.5483333333333333 0.013541666666666667 0.07333333333333333
2 0.07864583333333333 0.5458333333333334 0.017708333333333333 0.10166666666666667
1 0.1265625 0.5558333333333334 0.078125 0.08166666666666667
1 0.22708333333333333 0.545 0.08333333333333333 0.09333333333333334
1 0.28229166666666666 0.5291666666666667 0.03125 0.065
1 0.3098958333333333 0.5191666666666667 0.030208333333333334 0.065
1 0.5979166666666667 0.53 0.3208333333333333 0.22666666666666668
3 0.5817708333333333 0.31333333333333335 0.026041666666666668 0.09666666666666668
2 0.9854166666666666 0.47750000000000004 0.025 0.155