1 0.022916666666666665 0.5408333333333334 0.04479166666666667 0.05333333333333334
1 0.08020833333333333 0.5308333333333334 0.035416666666666666 0.035
10 0.3296875 0.5041666666666667 0.026041666666666668 0.05166666666666667
7 0.3307291666666667 0.3766666666666667 0.017708333333333333 0.05
7 0.328125 0.375 0.0125 0.02666666666666667
4 0.3697916666666667 0.3766666666666667 0.010416666666666666 0.03666666666666667
4 0.3703125 0.3775 0.011458333333333333 0.03166666666666667
1 0.39427083333333335 0.5075000000000001 0.028125 0.03833333333333334
4 0.41822916666666665 0.3775 0.013541666666666667 0.03166666666666667
1 0.4265625 0.5116666666666667 0.02395833333333333 0.03333333333333333
1 0.5708333333333333 0.5083333333333334 0.0625 0.04