4 0.8434895833333333 0.1675 0.059895833333333336 0.19333333333333336
10 0.06354166666666666 0.4916666666666667 0.12604166666666666 0.2566666666666667
1 0.1484375 0.5491666666666667 0.06354166666666666 0.085
1 0.3458333333333333 0.5333333333333333 0.04583333333333333 0.07
1 0.4010416666666667 0.5466666666666667 0.06666666666666667 0.09333333333333334
2 0.4890625 0.5258333333333334 0.028125 0.08166666666666667
2 0.48802083333333335 0.53 0.015625 0.07666666666666667
2 0.6197916666666666 0.5058333333333334 0.010416666666666666 0.03833333333333334
2 0.6421875 0.5066666666666667 0.011458333333333333 0.07333333333333333
2 0.6520833333333333 0.5058333333333334 0.029166666666666667 0.085
2 0.6520833333333333 0.51 0.014583333333333334 0.06333333333333334