1 0.1265625 0.5416666666666667 0.065625 0.07666666666666667
1 0.3302083333333333 0.6516666666666667 0.325 0.41000000000000003
7 0.28125 0.27666666666666667 0.01875 0.05333333333333334
7 0.2838541666666667 0.275 0.019791666666666666 0.060000000000000005
6 0.39166666666666666 0.28750000000000003 0.014583333333333334 0.058333333333333334
2 0.5677083333333334 0.5175000000000001 0.027083333333333334 0.07500000000000001
6 0.5640625 0.4083333333333334 0.015625 0.05333333333333334
2 0.565625 0.5225000000000001 0.016666666666666666 0.08166666666666667
2 0.5786458333333333 0.5166666666666667 0.013541666666666667 0.07
2 0.5963541666666666 0.5033333333333334 0.019791666666666666 0.06333333333333334
0 0.6697916666666667 0.52 0.03958333333333333 0.10333333333333335
0 0.671875 0.5225000000000001 0.022916666666666665 0.08166666666666667
0 0.78125 0.5183333333333333 0.0625 0.09666666666666668
0 0.7791666666666667 0.5208333333333334 0.05 0.085
1 0.8942708333333333 0.5125000000000001 0.178125 0.08833333333333333
1 0.9817708333333334 0.5108333333333334 0.034375 0.07166666666666667