1 0.20572916666666666 0.5495833333333334 0.03958333333333333 0.04583333333333334
1 0.16875 0.5591666666666667 0.051041666666666666 0.04833333333333334
1 0.08828125 0.5816666666666667 0.0859375 0.09833333333333334
7 0.35520833333333335 0.385 0.0125 0.030000000000000002
6 0.35625 0.3866666666666667 0.0125 0.04
1 0.3921875 0.5433333333333333 0.06354166666666666 0.07666666666666667
1 0.3911458333333333 0.5441666666666667 0.059375 0.07833333333333334
4 0.42604166666666665 0.4066666666666667 0.016666666666666666 0.03666666666666667
4 0.4265625 0.4091666666666667 0.011458333333333333 0.03166666666666667
4 0.5119791666666667 0.47500000000000003 0.011458333333333333 0.030000000000000002
4 0.5354166666666667 0.46166666666666667 0.0125 0.03333333333333333
0 0.7380208333333333 0.5533333333333333 0.053125 0.24333333333333335
2 0.9171874999999999 0.5183333333333333 0.015625 0.06333333333333334