1 0.08255208333333333 0.6025 0.1640625 0.26833333333333337
1 0.2015625 0.5283333333333333 0.090625 0.09000000000000001
1 0.28489583333333335 0.505 0.06354166666666666 0.04666666666666667
1 0.3411458333333333 0.5 0.03854166666666667 0.06666666666666667
4 0.3885416666666667 0.4425 0.0125 0.03166666666666667
4 0.3927083333333333 0.45333333333333337 0.014583333333333334 0.03333333333333333
1 0.4375 0.48750000000000004 0.027083333333333334 0.055
1 0.5135416666666667 0.5333333333333333 0.12708333333333333 0.18000000000000002
4 0.50625 0.3925 0.01875 0.03166666666666667
4 0.509375 0.39916666666666667 0.0125 0.03166666666666667
4 0.5635416666666666 0.4466666666666667 0.016666666666666666 0.02666666666666667
4 0.5609375 0.4516666666666667 0.011458333333333333 0.030000000000000002
1 0.5729166666666666 0.49750000000000005 0.03125 0.07166666666666667
4 0.5713541666666666 0.43083333333333335 0.017708333333333333 0.03833333333333334
4 0.5739583333333333 0.44083333333333335 0.0125 0.021666666666666667
1 0.6692708333333334 0.5216666666666667 0.13229166666666667 0.19666666666666668
1 0.8729166666666667 0.6050000000000001 0.25 0.44333333333333336