1 0.12604166666666666 0.465 0.16041666666666665 0.08333333333333334
1 0.15260416666666665 0.5058333333333334 0.140625 0.125
1 0.2942708333333333 0.4991666666666667 0.03229166666666666 0.04166666666666667
1 0.353125 0.5033333333333334 0.035416666666666666 0.04666666666666667
1 0.3572916666666667 0.5 0.03958333333333333 0.04
4 0.3854166666666667 0.3416666666666667 0.016666666666666666 0.04666666666666667
4 0.3859375 0.34500000000000003 0.017708333333333333 0.05
1 0.4609375 0.4916666666666667 0.02395833333333333 0.03333333333333333
4 0.4890625 0.3541666666666667 0.019791666666666666 0.045000000000000005
4 0.6026041666666666 0.41583333333333333 0.015625 0.03833333333333334
2 0.6348958333333333 0.4716666666666667 0.017708333333333333 0.08
2 0.6442708333333333 0.47500000000000003 0.013541666666666667 0.060000000000000005
2 0.6505208333333333 0.47500000000000003 0.013541666666666667 0.06666666666666667
2 0.6697916666666667 0.4766666666666667 0.020833333333333332 0.09333333333333334
2 0.6713541666666667 0.4766666666666667 0.013541666666666667 0.08333333333333334
2 0.91875 0.4683333333333334 0.01875 0.08333333333333334