2 0.90234375 0.470703125 0.017578125 0.064453125
2 0.7724609375 0.474609375 0.0087890625 0.0400390625
1 0.109375 0.494140625 0.0537109375 0.0517578125
1 0.126953125 0.4853515625 0.0654296875 0.0546875
6 0.234375 0.35546875 0.0537109375 0.158203125
6 0.2373046875 0.333984375 0.0517578125 0.138671875
1 0.2724609375 0.482421875 0.119140625 0.10546875
1 0.46484375 0.4931640625 0.076171875 0.046875
1 0.4677734375 0.4951171875 0.06640625 0.056640625
1 0.5263671875 0.474609375 0.056640625 0.0517578125
1 0.5908203125 0.478515625 0.078125 0.056640625
1 0.591796875 0.48046875 0.076171875 0.0615234375
7 0.5693359375 0.095703125 0.0224609375 0.0546875
7 0.5732421875 0.1025390625 0.0185546875 0.0615234375
6 0.5771484375 0.365234375 0.015625 0.046875
6 0.5810546875 0.3642578125 0.015625 0.0380859375
6 0.6572265625 0.3583984375 0.015625 0.0400390625
6 0.6572265625 0.3603515625 0.0146484375 0.0400390625
6 0.72265625 0.4052734375 0.013671875 0.0263671875
6 0.7236328125 0.4130859375 0.0166015625 0.0400390625
6 0.74609375 0.162109375 0.0205078125 0.0703125
6 0.7490234375 0.150390625 0.021484375 0.0615234375
1 0.900390625 0.62890625 0.1943359375 0.4345703125
1 0.9013671875 0.6103515625 0.193359375 0.462890625
6 0.9580078125 0.3388671875 0.0224609375 0.08203125
2 0.9921875 0.5107421875 0.013671875 0.078125