1 0.9708333333333333 0.4916666666666667 0.057291666666666664 0.08166666666666667
1 0.075 0.5708333333333334 0.14895833333333333 0.17500000000000002
1 0.19322916666666667 0.5283333333333333 0.096875 0.16
1 0.26458333333333334 0.5291666666666667 0.05416666666666667 0.10500000000000001
1 0.30416666666666664 0.52 0.0375 0.08666666666666667
1 0.34322916666666664 0.5133333333333334 0.059375 0.07
1 0.4557291666666667 0.5025000000000001 0.10104166666666667 0.07500000000000001
1 0.5015625 0.48583333333333334 0.03854166666666667 0.045000000000000005
1 0.5703125 0.48500000000000004 0.046875 0.03666666666666667
1 0.8302083333333333 0.4783333333333334 0.04791666666666666 0.043333333333333335
1 0.8682291666666666 0.47750000000000004 0.053125 0.045000000000000005
1 0.8677083333333333 0.4758333333333334 0.052083333333333336 0.03833333333333334
1 0.9171874999999999 0.47500000000000003 0.04479166666666667 0.03333333333333333