1 0.05364583333333333 0.60875 0.10625 0.20583333333333334
1 0.13802083333333334 0.5841666666666667 0.13020833333333334 0.155
1 0.13697916666666665 0.5808333333333334 0.121875 0.14833333333333334
1 0.26197916666666665 0.5375000000000001 0.090625 0.11166666666666668
1 0.265625 0.5325000000000001 0.09583333333333333 0.13833333333333334
1 0.3380208333333333 0.5341666666666667 0.030208333333333334 0.03833333333333334
1 0.45677083333333335 0.5266666666666667 0.03229166666666666 0.04
1 0.5197916666666667 0.5458333333333334 0.08333333333333333 0.115
1 0.49583333333333335 0.5466666666666667 0.03333333333333333 0.08333333333333334
1 0.5182291666666666 0.5491666666666667 0.06354166666666666 0.09833333333333334
1 0.5921875 0.5783333333333334 0.14895833333333333 0.17
1 0.7255208333333333 0.5125000000000001 0.071875 0.055