1 0.078125 0.626953125 0.15625 0.3037109375
1 0.13671875 0.5517578125 0.03125 0.033203125
1 0.16796875 0.5537109375 0.046875 0.04296875
1 0.2353515625 0.53515625 0.0380859375 0.0732421875
1 0.3173828125 0.5361328125 0.1005859375 0.1181640625
1 0.3994140625 0.52734375 0.037109375 0.0517578125
1 0.45703125 0.5263671875 0.04296875 0.0595703125
1 0.4892578125 0.5185546875 0.0419921875 0.0732421875
1 0.4912109375 0.5166015625 0.029296875 0.046875
1 0.5380859375 0.5517578125 0.091796875 0.1162109375
1 0.830078125 0.5322265625 0.0732421875 0.0849609375
10 0.908203125 0.525390625 0.1181640625 0.08984375
1 0.9599609375 0.5595703125 0.0498046875 0.0771484375
2 0.9873046875 0.5478515625 0.0185546875 0.1787109375