1 0.3286458333333333 0.49583333333333335 0.09270833333333334 0.12166666666666667
1 0.41041666666666665 0.5033333333333334 0.075 0.08333333333333334
7 0.5588541666666667 0.24333333333333335 0.026041666666666668 0.09000000000000001
6 0.6786458333333333 0.25 0.026041666666666668 0.08666666666666667
2 0.7869791666666667 0.5825 0.08645833333333333 0.3383333333333334
2 0.7875 0.5808333333333334 0.06875 0.36833333333333335
1 0.7729166666666667 0.4966666666666667 0.029166666666666667 0.05
0 0.8197916666666667 0.5875 0.08125 0.4316666666666667
1 0.8552083333333333 0.4941666666666667 0.03125 0.045000000000000005
2 0.91875 0.5408333333333334 0.1 0.4916666666666667
6 0.9786458333333333 0.3791666666666667 0.028125 0.07166666666666667