1 0.072265625 0.48828125 0.1064453125 0.0810546875
1 0.1630859375 0.478515625 0.099609375 0.080078125
6 0.1708984375 0.390625 0.0146484375 0.044921875
1 0.2841796875 0.48046875 0.064453125 0.078125
6 0.2783203125 0.3037109375 0.0126953125 0.04296875
1 0.33984375 0.474609375 0.029296875 0.0546875
4 0.3759765625 0.361328125 0.0146484375 0.037109375
4 0.443359375 0.3583984375 0.01171875 0.037109375
4 0.556640625 0.4189453125 0.013671875 0.0380859375
4 0.607421875 0.3798828125 0.0205078125 0.056640625
1 0.734375 0.4814453125 0.09765625 0.056640625