1 0.125 0.5516666666666667 0.25 0.33
1 0.2817708333333333 0.49333333333333335 0.042708333333333334 0.03666666666666667
1 0.2875 0.49000000000000005 0.04583333333333333 0.04666666666666667
1 0.32760416666666664 0.5008333333333334 0.036458333333333336 0.03833333333333334
1 0.325 0.5033333333333334 0.029166666666666667 0.043333333333333335
1 0.3802083333333333 0.4891666666666667 0.025 0.04166666666666667
1 0.41822916666666665 0.49500000000000005 0.057291666666666664 0.07666666666666667
1 0.4510416666666667 0.48500000000000004 0.035416666666666666 0.05
1 0.5041666666666667 0.48583333333333334 0.020833333333333332 0.021666666666666667
1 0.5640625 0.4916666666666667 0.042708333333333334 0.05666666666666667
1 0.6052083333333333 0.5083333333333334 0.075 0.07666666666666667
1 0.7338541666666667 0.49083333333333334 0.10729166666666666 0.055