1 0.9111328125 0.6220703125 0.1767578125 0.5517578125
1 0.08203125 0.53125 0.1630859375 0.1787109375
1 0.0791015625 0.53125 0.15625 0.162109375
1 0.2900390625 0.5390625 0.08203125 0.0986328125
1 0.2958984375 0.5224609375 0.0869140625 0.0986328125
6 0.369140625 0.41796875 0.029296875 0.0966796875
6 0.369140625 0.416015625 0.02734375 0.0947265625
1 0.4345703125 0.513671875 0.064453125 0.0595703125
1 0.53515625 0.5 0.0263671875 0.046875
1 0.576171875 0.4970703125 0.0322265625 0.0478515625
7 0.5908203125 0.1953125 0.0146484375 0.046875
7 0.595703125 0.1962890625 0.0185546875 0.0615234375
1 0.630859375 0.49609375 0.0634765625 0.0478515625
6 0.61328125 0.3876953125 0.015625 0.0380859375
6 0.61328125 0.3935546875 0.015625 0.046875
1 0.638671875 0.49609375 0.0576171875 0.044921875
6 0.6806640625 0.3818359375 0.015625 0.0400390625
6 0.6826171875 0.3818359375 0.0146484375 0.0400390625
1 0.775390625 0.5458984375 0.1865234375 0.205078125
1 0.755859375 0.5400390625 0.138671875 0.1962890625
6 0.734375 0.21875 0.0166015625 0.0419921875
6 0.736328125 0.23046875 0.0185546875 0.056640625
6 0.7451171875 0.431640625 0.0166015625 0.0400390625
6 0.7431640625 0.427734375 0.0107421875 0.0283203125
6 0.912109375 0.3603515625 0.0185546875 0.0517578125
6 0.916015625 0.3603515625 0.015625 0.0419921875
2 0.9921875 0.5107421875 0.013671875 0.078125