2 0.1708984375 0.5283203125 0.0068359375 0.03125
2 0.162109375 0.5234375 0.0087890625 0.046875
2 0.1494140625 0.525390625 0.009765625 0.048828125
1 0.78125 0.595703125 0.193359375 0.2001953125
1 0.9072265625 0.63671875 0.181640625 0.3515625
1 0.0390625 0.5693359375 0.076171875 0.12890625
1 0.111328125 0.5625 0.0693359375 0.10546875
1 0.248046875 0.5283203125 0.0478515625 0.06640625
1 0.27734375 0.5283203125 0.0283203125 0.0537109375
1 0.55078125 0.54296875 0.04296875 0.0966796875
1 0.6064453125 0.546875 0.0927734375 0.1103515625
1 0.681640625 0.5654296875 0.12109375 0.1650390625