2 0.034895833333333334 0.5525 0.021875 0.095
2 0.03854166666666667 0.5466666666666667 0.01875 0.09333333333333334
2 0.05260416666666667 0.5475 0.017708333333333333 0.10166666666666667
2 0.06666666666666667 0.5683333333333334 0.016666666666666666 0.05333333333333334
2 0.08333333333333333 0.5425 0.022916666666666665 0.10166666666666667
2 0.0875 0.5425 0.01875 0.11166666666666668
1 0.1265625 0.5558333333333334 0.078125 0.08166666666666667
1 0.22708333333333333 0.545 0.08333333333333333 0.09333333333333334
1 0.28229166666666666 0.5291666666666667 0.03125 0.065
1 0.3098958333333333 0.5191666666666667 0.030208333333333334 0.065
1 0.3640625 0.5216666666666667 0.06770833333333333 0.09333333333333334
1 0.4354166666666667 0.5216666666666667 0.04791666666666666 0.05333333333333334
2 0.5166666666666666 0.49833333333333335 0.0125 0.08
3 0.5817708333333333 0.31333333333333335 0.026041666666666668 0.09666666666666668
2 0.9854166666666666 0.4791666666666667 0.025 0.15833333333333335