1 0.071875 0.4791666666666667 0.14375 0.155
1 0.07552083333333333 0.4841666666666667 0.15104166666666666 0.155
7 0.26197916666666665 0.32 0.019791666666666666 0.043333333333333335
1 0.26927083333333335 0.49750000000000005 0.034375 0.03166666666666667
7 0.2661458333333333 0.3225 0.021875 0.055
1 0.33229166666666665 0.4916666666666667 0.11041666666666666 0.12666666666666668
4 0.3484375 0.31583333333333335 0.019791666666666666 0.045000000000000005
4 0.3494791666666667 0.31333333333333335 0.017708333333333333 0.043333333333333335
1 0.39375 0.5025000000000001 0.035416666666666666 0.10500000000000001
1 0.4 0.5 0.03958333333333333 0.07333333333333333
4 0.41510416666666666 0.32083333333333336 0.017708333333333333 0.045000000000000005
4 0.4171875 0.3191666666666667 0.013541666666666667 0.04833333333333334
1 0.4817708333333333 0.5 0.06770833333333333 0.09333333333333334
0 0.5651041666666666 0.49500000000000005 0.02395833333333333 0.09333333333333334
0 0.5671875 0.49750000000000005 0.02395833333333333 0.07833333333333334
4 0.5880208333333333 0.4083333333333334 0.017708333333333333 0.03666666666666667
1 0.6473958333333333 0.48500000000000004 0.04895833333333333 0.04666666666666667
4 0.6473958333333333 0.34500000000000003 0.021875 0.060000000000000005
4 0.6458333333333334 0.3491666666666667 0.01875 0.065
1 0.7588541666666666 0.48833333333333334 0.09270833333333334 0.06666666666666667