6 0.08229166666666667 0.07833333333333334 0.16458333333333333 0.15666666666666668
1 0.20208333333333334 0.5258333333333334 0.15833333333333333 0.135
1 0.20781249999999998 0.525 0.15104166666666666 0.12333333333333334
1 0.18385416666666665 0.49750000000000005 0.084375 0.06833333333333334
1 0.43072916666666666 0.5016666666666667 0.05520833333333333 0.06333333333333334
1 0.47291666666666665 0.49333333333333335 0.016666666666666666 0.03666666666666667
1 0.4942708333333333 0.49500000000000005 0.03229166666666666 0.043333333333333335
3 0.565625 0.3641666666666667 0.01875 0.058333333333333334
1 0.6286458333333333 0.48500000000000004 0.053125 0.06666666666666667
1 0.6380208333333334 0.4816666666666667 0.053125 0.05666666666666667
1 0.6786458333333333 0.5208333333333334 0.07395833333333333 0.085
3 0.6526041666666667 0.35583333333333333 0.015625 0.04166666666666667
1 0.6807291666666666 0.5033333333333334 0.059375 0.06333333333333334
1 0.6885416666666666 0.4683333333333334 0.04375 0.03666666666666667
1 0.6885416666666666 0.4691666666666667 0.04375 0.028333333333333335
4 0.7260416666666667 0.4141666666666667 0.016666666666666666 0.04833333333333334
1 0.7859375 0.52 0.12395833333333334 0.14666666666666667
1 0.7838541666666666 0.5075000000000001 0.109375 0.10833333333333334
8 0.8010416666666667 0.07666666666666667 0.05 0.11666666666666667
3 0.8005208333333333 0.07416666666666667 0.026041666666666668 0.09166666666666667
1 0.9255208333333333 0.535 0.14479166666666665 0.22