3 0.31614583333333335 0.45083333333333336 0.013541666666666667 0.03166666666666667
1 0.3875 0.49333333333333335 0.025 0.03333333333333333
10 0.41562499999999997 0.4783333333333334 0.04583333333333333 0.07333333333333333
10 0.4161458333333333 0.4733333333333334 0.040625 0.05666666666666667
1 0.44687499999999997 0.5 0.04791666666666666 0.05666666666666667
4 0.4515625 0.4033333333333334 0.017708333333333333 0.03666666666666667
1 0.4953125 0.4891666666666667 0.03229166666666666 0.03833333333333334
4 0.5135416666666667 0.4066666666666667 0.022916666666666665 0.03666666666666667
1 0.5567708333333333 0.49833333333333335 0.040625 0.043333333333333335
4 0.5557291666666666 0.4475 0.015625 0.028333333333333335
4 0.5880208333333333 0.44 0.017708333333333333 0.02666666666666667
4 0.5895833333333333 0.4366666666666667 0.010416666666666666 0.03666666666666667
1 0.7130208333333333 0.54 0.17395833333333333 0.2066666666666667