1 0.026041666666666668 0.49083333333333334 0.052083333333333336 0.06166666666666667
1 0.03333333333333333 0.49250000000000005 0.06666666666666667 0.06166666666666667
1 0.11302083333333333 0.48000000000000004 0.071875 0.07
1 0.19270833333333334 0.4741666666666667 0.05416666666666667 0.058333333333333334
7 0.39427083333333335 0.28750000000000003 0.02395833333333333 0.08166666666666667
7 0.39479166666666665 0.2841666666666667 0.01875 0.05166666666666667
1 0.5052083333333334 0.5458333333333334 0.18541666666666667 0.21166666666666667
6 0.5072916666666667 0.2783333333333334 0.016666666666666666 0.05
6 0.6302083333333334 0.31083333333333335 0.01875 0.06166666666666667
1 0.8432291666666667 0.5208333333333334 0.31145833333333334 0.2916666666666667
6 0.7338541666666667 0.38333333333333336 0.02395833333333333 0.07
6 0.7322916666666667 0.38 0.016666666666666666 0.05