10 0.06822916666666666 0.48000000000000004 0.08645833333333333 0.06666666666666667
10 0.07291666666666667 0.49083333333333334 0.06875 0.07833333333333334
1 0.12916666666666665 0.5025000000000001 0.06041666666666667 0.03833333333333334
1 0.234375 0.4991666666666667 0.05 0.03833333333333334
1 0.23072916666666665 0.5008333333333334 0.036458333333333336 0.035
1 0.2765625 0.4891666666666667 0.042708333333333334 0.035
1 0.2791666666666667 0.4891666666666667 0.035416666666666666 0.045000000000000005
1 0.36354166666666665 0.48750000000000004 0.035416666666666666 0.035
1 0.41302083333333334 0.4866666666666667 0.030208333333333334 0.05
1 0.5005208333333333 0.5091666666666667 0.07604166666666666 0.09833333333333334
4 0.4692708333333333 0.4008333333333334 0.011458333333333333 0.035
4 0.5067708333333333 0.4 0.015625 0.03333333333333333
4 0.5885416666666666 0.445 0.014583333333333334 0.030000000000000002
1 0.6359375 0.48500000000000004 0.057291666666666664 0.07
4 0.6166666666666667 0.4391666666666667 0.0125 0.035
1 0.6348958333333333 0.49250000000000005 0.04895833333333333 0.085
10 0.7177083333333333 0.4708333333333334 0.13958333333333334 0.15833333333333335
1 0.7640625 0.49583333333333335 0.22395833333333334 0.1716666666666667