2 0.66328125 0.51125 0.0171875 0.0625
2 0.45234375 0.51875 0.015104166666666667 0.05916666666666667
2 0.46796875 0.5216666666666667 0.0140625 0.060000000000000005
2 0.48671875 0.5220833333333333 0.01614583333333333 0.050833333333333335
2 0.04479166666666667 0.5525 0.01875 0.07500000000000001
2 0.0515625 0.5466666666666667 0.015625 0.07
1 0.12083333333333333 0.5408333333333334 0.08333333333333333 0.08166666666666667
0 0.10364583333333333 0.5491666666666667 0.04895833333333333 0.07833333333333334
0 0.11302083333333333 0.5416666666666667 0.06354166666666666 0.1
0 0.11666666666666667 0.5416666666666667 0.05625 0.09333333333333334
1 0.3302083333333333 0.6525000000000001 0.32708333333333334 0.4116666666666667
7 0.28072916666666664 0.2758333333333334 0.019791666666666666 0.06166666666666667
6 0.39010416666666664 0.2866666666666667 0.017708333333333333 0.07
2 0.5369791666666667 0.5616666666666666 0.07604166666666666 0.26
6 0.5625 0.4083333333333334 0.020833333333333332 0.06333333333333334
1 0.7130208333333333 0.5325000000000001 0.16979166666666667 0.08833333333333333
1 0.7083333333333334 0.5125000000000001 0.15208333333333332 0.04833333333333334
0 0.8911458333333333 0.5266666666666667 0.06145833333333333 0.09666666666666668
0 0.9609375 0.52 0.065625 0.09333333333333334