2 0.9268229166666666 0.5337500000000001 0.0203125 0.1275
0 0.9651041666666667 0.5258333333333334 0.052083333333333336 0.19
2 0.06145833333333333 0.5816666666666667 0.010416666666666666 0.06333333333333334
1 0.16927083333333334 0.5883333333333334 0.084375 0.10666666666666667
1 0.2864583333333333 0.5866666666666667 0.07291666666666667 0.08
3 0.34375 0.24916666666666668 0.022916666666666665 0.085
1 0.4395833333333333 0.5516666666666667 0.10833333333333334 0.15333333333333335
4 0.4942708333333333 0.2575 0.02395833333333333 0.085
4 0.7927083333333333 0.4108333333333334 0.025 0.07166666666666667
0 0.8270833333333333 0.535 0.04791666666666666 0.18000000000000002
0 0.8286458333333333 0.5366666666666667 0.042708333333333334 0.18666666666666668
2 0.8624999999999999 0.545 0.025 0.11666666666666667
2 0.8947916666666667 0.5425 0.029166666666666667 0.12166666666666667
2 0.9104166666666667 0.5425 0.014583333333333334 0.13166666666666668