1 0.209375 0.5125000000000001 0.03958333333333333 0.085
1 0.23958333333333334 0.5083333333333334 0.03958333333333333 0.07666666666666667
2 0.4739583333333333 0.49333333333333335 0.010416666666666666 0.05666666666666667
1 0.4875 0.5016666666666667 0.014583333333333334 0.05666666666666667
1 0.5130208333333334 0.49750000000000005 0.036458333333333336 0.085
1 0.53125 0.5016666666666667 0.03958333333333333 0.07333333333333333
2 0.8934895833333333 0.4879166666666667 0.03177083333333333 0.14083333333333334
2 0.8520833333333333 0.5 0.028125 0.1366666666666667
1 0.12343749999999999 0.5358333333333334 0.15729166666666666 0.09833333333333334
2 0.12135416666666667 0.6216666666666667 0.11770833333333333 0.5433333333333333
1 0.30052083333333335 0.5133333333333334 0.06979166666666667 0.08666666666666667
1 0.353125 0.5008333333333334 0.05 0.055
1 0.41510416666666666 0.51 0.06145833333333333 0.08666666666666667
2 0.7135416666666666 0.5191666666666667 0.04375 0.09833333333333334
2 0.7078125 0.46416666666666667 0.028125 0.06166666666666667
2 0.7354166666666666 0.5083333333333334 0.04583333333333333 0.16
2 0.7677083333333333 0.49583333333333335 0.022916666666666665 0.14500000000000002
2 0.8197916666666667 0.5091666666666667 0.041666666666666664 0.13833333333333334
2 0.9328124999999999 0.525 0.03229166666666666 0.11333333333333334
2 0.96875 0.5025000000000001 0.04375 0.155