1 0.6005208333333333 0.4995833333333334 0.546875 0.3175
1 0.11666666666666667 0.47500000000000003 0.04583333333333333 0.05333333333333334
1 0.16666666666666666 0.47250000000000003 0.035416666666666666 0.04166666666666667
1 0.1890625 0.48000000000000004 0.03229166666666666 0.03666666666666667
1 0.19270833333333334 0.4758333333333334 0.03125 0.04166666666666667
1 0.2796875 0.48250000000000004 0.04895833333333333 0.04166666666666667
1 0.2760416666666667 0.48500000000000004 0.03958333333333333 0.03666666666666667
6 0.2838541666666667 0.15083333333333335 0.03229166666666666 0.10166666666666667
1 0.3223958333333333 0.48333333333333334 0.028125 0.043333333333333335
1 0.3359375 0.48333333333333334 0.053125 0.05666666666666667
6 0.503125 0.3166666666666667 0.029166666666666667 0.09333333333333334