3 0.06458333333333333 0.26083333333333336 0.01875 0.06833333333333334
1 0.15572916666666667 0.5320833333333334 0.084375 0.0575
1 0.32734375 0.6162500000000001 0.2640625 0.33083333333333337
3 0.2546875 0.35750000000000004 0.019791666666666666 0.055
3 0.3260416666666667 0.29833333333333334 0.022916666666666665 0.060000000000000005
4 0.3770833333333333 0.4141666666666667 0.010416666666666666 0.035
4 0.40729166666666666 0.44 0.014583333333333334 0.03333333333333333
1 0.4427083333333333 0.5075000000000001 0.025 0.04166666666666667
1 0.48541666666666666 0.5183333333333333 0.027083333333333334 0.03666666666666667
4 0.5020833333333333 0.4 0.01875 0.04
1 0.5447916666666667 0.5241666666666667 0.05 0.06833333333333334
1 0.6411458333333333 0.5825 0.20729166666666665 0.225
1 0.8119791666666667 0.5341666666666667 0.065625 0.045000000000000005
4 0.7973958333333333 0.4091666666666667 0.017708333333333333 0.05166666666666667
3 0.8239583333333333 0.3566666666666667 0.016666666666666666 0.043333333333333335
10 0.8869791666666667 0.52 0.10104166666666667 0.09000000000000001
3 0.8635416666666667 0.33916666666666667 0.020833333333333332 0.06166666666666667