1 0.9705729166666667 0.5058333333333334 0.057812499999999996 0.09666666666666668
10 0.025520833333333333 0.5 0.05 0.11
2 0.109375 0.5225000000000001 0.020833333333333332 0.06833333333333334
2 0.11354166666666667 0.5275000000000001 0.025 0.065
1 0.16927083333333334 0.5116666666666667 0.053125 0.08
6 0.19010416666666666 0.4133333333333334 0.021875 0.06333333333333334
1 0.22239583333333332 0.5 0.046875 0.03666666666666667
1 0.2296875 0.5208333333333334 0.051041666666666666 0.045000000000000005
1 0.3260416666666667 0.5175000000000001 0.058333333333333334 0.06166666666666667
1 0.396875 0.5066666666666667 0.027083333333333334 0.03333333333333333
1 0.49583333333333335 0.5133333333333334 0.06041666666666667 0.05666666666666667
1 0.5010416666666666 0.5158333333333334 0.04583333333333333 0.055
3 0.5604166666666667 0.3791666666666667 0.016666666666666666 0.065