2 0.97421875 0.5570833333333334 0.050520833333333334 0.35750000000000004
1 0.20729166666666665 0.5591666666666667 0.14375 0.12833333333333335
1 0.20677083333333332 0.5608333333333334 0.134375 0.14166666666666666
1 0.290625 0.5341666666666667 0.03125 0.05166666666666667
1 0.4765625 0.5325000000000001 0.017708333333333333 0.065
1 0.5166666666666666 0.5366666666666667 0.0625 0.06333333333333334
2 0.596875 0.5183333333333333 0.020833333333333332 0.08333333333333334
2 0.596875 0.52 0.01875 0.09666666666666668
2 0.665625 0.5241666666666667 0.029166666666666667 0.125
2 0.6911458333333333 0.5325000000000001 0.040625 0.13833333333333334
2 0.8848958333333333 0.5658333333333334 0.06770833333333333 0.3816666666666667