1 0.20520833333333333 0.49541666666666667 0.10416666666666667 0.0675
1 0.10781249999999999 0.51 0.190625 0.16333333333333333
3 0.0625 0.06916666666666667 0.08958333333333333 0.135
1 0.10729166666666666 0.5191666666666667 0.17708333333333334 0.155
1 0.4421875 0.48750000000000004 0.109375 0.07500000000000001
3 0.571875 0.0275 0.029166666666666667 0.05166666666666667
6 0.565625 0.3641666666666667 0.014583333333333334 0.04833333333333334
1 0.6322916666666667 0.4991666666666667 0.12291666666666666 0.07166666666666667
6 0.653125 0.35833333333333334 0.016666666666666666 0.05
6 0.7286458333333333 0.4191666666666667 0.013541666666666667 0.04833333333333334
6 0.8010416666666667 0.07500000000000001 0.029166666666666667 0.09333333333333334
1 0.8557291666666667 0.48833333333333334 0.084375 0.08666666666666667
1 0.8619791666666666 0.4891666666666667 0.071875 0.055
1 0.9213541666666667 0.4866666666666667 0.103125 0.05666666666666667
1 0.91875 0.48583333333333334 0.05 0.055
1 0.9713541666666666 0.4816666666666667 0.04895833333333333 0.05