2 0.0810546875 0.5283203125 0.0146484375 0.056640625
2 0.09765625 0.525390625 0.013671875 0.0400390625
2 0.107421875 0.521484375 0.0185546875 0.0498046875
1 0.1396484375 0.5263671875 0.03515625 0.0400390625
1 0.3681640625 0.564453125 0.1181640625 0.162109375
1 0.4501953125 0.5166015625 0.0458984375 0.04296875
1 0.4970703125 0.5283203125 0.0302734375 0.056640625
1 0.5615234375 0.533203125 0.099609375 0.0869140625
2 0.6669921875 0.5107421875 0.0244140625 0.078125
2 0.6982421875 0.509765625 0.0185546875 0.0830078125
2 0.732421875 0.5244140625 0.03515625 0.181640625
2 0.8330078125 0.4951171875 0.0166015625 0.0263671875
2 0.8466796875 0.49609375 0.0107421875 0.03125
2 0.873046875 0.5 0.0185546875 0.04296875