2 0.0927734375 0.5712890625 0.0478515625 0.19140625
1 0.0556640625 0.5830078125 0.109375 0.169921875
1 0.138671875 0.556640625 0.05078125 0.1201171875
1 0.16796875 0.5546875 0.05859375 0.0771484375
1 0.1826171875 0.5478515625 0.0517578125 0.0830078125
1 0.2197265625 0.5419921875 0.0400390625 0.0830078125
1 0.314453125 0.537109375 0.05859375 0.087890625
1 0.4287109375 0.52734375 0.0791015625 0.05859375
1 0.50390625 0.5400390625 0.041015625 0.146484375
1 0.53125 0.54296875 0.0810546875 0.212890625
1 0.68359375 0.599609375 0.2529296875 0.283203125
1 0.9150390625 0.4736328125 0.1689453125 0.1103515625