1 0.07239583333333333 0.5558333333333334 0.12604166666666666 0.09166666666666667
1 0.08385416666666666 0.5591666666666667 0.08229166666666667 0.07833333333333334
1 0.1421875 0.5408333333333334 0.08854166666666667 0.07833333333333334
1 0.20520833333333333 0.5366666666666667 0.075 0.05333333333333334
1 0.24635416666666665 0.5316666666666667 0.05520833333333333 0.05
1 0.40781249999999997 0.5375000000000001 0.084375 0.11833333333333335
4 0.46458333333333335 0.4541666666666667 0.010416666666666666 0.03166666666666667
1 0.546875 0.5033333333333334 0.09166666666666666 0.07
1 0.55 0.515 0.09166666666666666 0.07
1 0.5802083333333333 0.5291666666666667 0.11666666666666667 0.07500000000000001
2 0.7192708333333333 0.49750000000000005 0.028125 0.11166666666666668
2 0.7432291666666666 0.4866666666666667 0.019791666666666666 0.09000000000000001
2 0.7494791666666667 0.4916666666666667 0.028125 0.09666666666666668
2 0.7729166666666667 0.4891666666666667 0.025 0.09833333333333334