2 0.1142578125 0.521484375 0.0087890625 0.0419921875
2 0.103515625 0.5244140625 0.0126953125 0.0478515625
1 0.0380859375 0.6259765625 0.076171875 0.4345703125
2 0.1455078125 0.5185546875 0.01953125 0.06640625
2 0.1669921875 0.5166015625 0.0205078125 0.06640625
1 0.2568359375 0.5029296875 0.14453125 0.169921875
10 0.2587890625 0.5029296875 0.1298828125 0.1416015625
1 0.384765625 0.5283203125 0.08984375 0.0966796875
1 0.4404296875 0.51171875 0.0439453125 0.0634765625
1 0.44140625 0.513671875 0.0400390625 0.0703125
1 0.505859375 0.5087890625 0.0634765625 0.078125
1 0.6103515625 0.5244140625 0.060546875 0.1015625