1 0.07864583333333333 0.6170833333333334 0.15625 0.4241666666666667
7 0.08489583333333334 0.4025 0.015625 0.058333333333333334
7 0.0859375 0.39333333333333337 0.013541666666666667 0.03333333333333333
1 0.20260416666666667 0.5608333333333334 0.18854166666666666 0.16833333333333333
7 0.4197916666666667 0.2733333333333334 0.01875 0.05333333333333334
7 0.4192708333333333 0.2758333333333334 0.015625 0.04833333333333334
1 0.4822916666666667 0.5183333333333333 0.06666666666666667 0.09000000000000001
4 0.5166666666666666 0.2791666666666667 0.01875 0.05166666666666667
1 0.690625 0.5266666666666667 0.08958333333333333 0.16666666666666669
1 0.678125 0.5008333333333334 0.052083333333333336 0.05166666666666667
4 0.665625 0.39083333333333337 0.01875 0.058333333333333334
1 0.8390624999999999 0.5541666666666667 0.31979166666666664 0.4083333333333334