1 0.04010416666666666 0.5 0.08020833333333333 0.11666666666666667
1 0.24895833333333334 0.4991666666666667 0.035416666666666666 0.04166666666666667
1 0.3078125 0.49500000000000005 0.03229166666666666 0.043333333333333335
7 0.33958333333333335 0.18500000000000003 0.0375 0.11
1 0.3442708333333333 0.49250000000000005 0.026041666666666668 0.035
1 0.5026041666666666 0.5358333333333334 0.13229166666666667 0.17833333333333334
4 0.5427083333333333 0.18166666666666667 0.03333333333333333 0.09333333333333334
1 0.6166666666666667 0.47000000000000003 0.035416666666666666 0.05666666666666667
1 0.6151041666666667 0.4708333333333334 0.028125 0.058333333333333334
1 0.7708333333333334 0.5191666666666667 0.2 0.24833333333333335
4 0.7453125 0.21666666666666667 0.03229166666666666 0.09666666666666668
4 0.9255208333333333 0.3383333333333334 0.04479166666666667 0.09333333333333334