2 0.7536458333333333 0.47375 0.025 0.12583333333333335
10 0.07239583333333333 0.4991666666666667 0.14375 0.21500000000000002
10 0.20833333333333334 0.4675 0.1625 0.265
1 0.353125 0.5116666666666667 0.05625 0.07666666666666667
0 0.3963541666666667 0.5091666666666667 0.028125 0.09166666666666667
2 0.6619791666666667 0.4783333333333334 0.030208333333333334 0.10333333333333335
2 0.6625 0.4658333333333334 0.027083333333333334 0.07833333333333334
2 0.6890625 0.47500000000000003 0.034375 0.10666666666666667
2 0.6885416666666666 0.48250000000000004 0.029166666666666667 0.11166666666666668
2 0.728125 0.4733333333333334 0.029166666666666667 0.11666666666666667
2 0.7994791666666666 0.46 0.036458333333333336 0.16333333333333333