1 0.24635416666666665 0.5858333333333333 0.22395833333333334 0.23833333333333334
1 0.3515625 0.52 0.06979166666666667 0.07
1 0.34375 0.5208333333333334 0.05 0.05166666666666667
1 0.409375 0.5108333333333334 0.041666666666666664 0.055
1 0.4145833333333333 0.5166666666666667 0.022916666666666665 0.030000000000000002
1 0.525 0.545 0.0375 0.08666666666666667
1 0.571875 0.5383333333333333 0.07291666666666667 0.11666666666666667
1 0.5984375 0.5633333333333334 0.028125 0.10666666666666667
1 0.6854166666666667 0.5641666666666667 0.17291666666666666 0.17500000000000002
1 0.7963541666666667 0.5866666666666667 0.17395833333333333 0.2066666666666667
1 0.8979166666666667 0.6141666666666667 0.20208333333333334 0.30833333333333335