1 0.11328125 0.533203125 0.2255859375 0.1796875
1 0.330078125 0.6513671875 0.3251953125 0.41015625
7 0.2802734375 0.275390625 0.01953125 0.05859375
6 0.390625 0.287109375 0.0166015625 0.06640625
2 0.5380859375 0.5224609375 0.013671875 0.068359375
2 0.55078125 0.5224609375 0.013671875 0.0712890625
6 0.5625 0.4072265625 0.0185546875 0.0615234375
2 0.56640625 0.5224609375 0.0224609375 0.0947265625
2 0.580078125 0.517578125 0.021484375 0.08203125
2 0.58203125 0.5166015625 0.0205078125 0.0732421875
0 0.66015625 0.52734375 0.037109375 0.091796875
0 0.6982421875 0.5302734375 0.0634765625 0.099609375
1 0.951171875 0.5185546875 0.0947265625 0.0869140625