2 0.97265625 0.6044921875 0.05078125 0.404296875
1 0.1474609375 0.54296875 0.060546875 0.08203125
1 0.1494140625 0.541015625 0.0498046875 0.0654296875
1 0.212890625 0.5322265625 0.099609375 0.125
1 0.2119140625 0.533203125 0.0849609375 0.1064453125
1 0.3203125 0.5224609375 0.0595703125 0.0849609375
1 0.4189453125 0.5224609375 0.07421875 0.091796875
1 0.41796875 0.5244140625 0.0615234375 0.087890625
6 0.5107421875 0.349609375 0.0263671875 0.087890625
2 0.5673828125 0.5185546875 0.02734375 0.11328125
2 0.677734375 0.6083984375 0.076171875 0.6103515625
2 0.8134765625 0.5830078125 0.072265625 0.56640625
2 0.8544921875 0.6318359375 0.107421875 0.703125