3 0.07135416666666666 0.085 0.109375 0.15666666666666668
1 0.08333333333333333 0.5175000000000001 0.05416666666666667 0.045000000000000005
1 0.22083333333333333 0.5116666666666667 0.08541666666666667 0.08666666666666667
1 0.22395833333333334 0.5058333333333334 0.06666666666666667 0.06833333333333334
1 0.2838541666666667 0.5175000000000001 0.121875 0.09833333333333334
1 0.2890625 0.5141666666666667 0.10729166666666666 0.07500000000000001
1 0.3484375 0.49250000000000005 0.046875 0.06166666666666667
1 0.39947916666666666 0.49750000000000005 0.065625 0.07500000000000001
1 0.4661458333333333 0.49750000000000005 0.042708333333333334 0.04166666666666667
3 0.5703125 0.028333333333333335 0.026041666666666668 0.05666666666666667
3 0.565625 0.36083333333333334 0.0125 0.05166666666666667
3 0.6526041666666667 0.35500000000000004 0.015625 0.04
4 0.7255208333333333 0.4108333333333334 0.015625 0.045000000000000005
2 0.79375 0.4841666666666667 0.014583333333333334 0.05166666666666667
3 0.8010416666666667 0.07333333333333333 0.025 0.09000000000000001
0 0.8875 0.49583333333333335 0.022916666666666665 0.09833333333333334
2 0.8937499999999999 0.4816666666666667 0.020833333333333332 0.05333333333333334
2 0.9005208333333333 0.4733333333333334 0.02395833333333333 0.07
2 0.9338541666666667 0.4866666666666667 0.019791666666666666 0.09000000000000001
2 0.9338541666666667 0.48833333333333334 0.011458333333333333 0.08333333333333334