1 0.9598958333333333 0.6395833333333334 0.07916666666666666 0.24750000000000003
1 0.0359375 0.5316666666666667 0.07083333333333333 0.20333333333333334
6 0.3067708333333333 0.4366666666666667 0.028125 0.04
1 0.4265625 0.5 0.08020833333333333 0.1366666666666667
1 0.42916666666666664 0.5 0.07708333333333334 0.11666666666666667
6 0.4734375 0.3691666666666667 0.021875 0.03833333333333334
6 0.5276041666666667 0.375 0.021875 0.030000000000000002
1 0.6260416666666666 0.48583333333333334 0.07083333333333333 0.045000000000000005
6 0.621875 0.42750000000000005 0.016666666666666666 0.035
1 0.675 0.5008333333333334 0.08125 0.085
1 0.6802083333333333 0.5108333333333334 0.08125 0.115
6 0.7171875 0.3841666666666667 0.02395833333333333 0.065
6 0.71875 0.3875 0.027083333333333334 0.06833333333333334