1 0.0185546875 0.599609375 0.03515625 0.15234375
1 0.1064453125 0.5439453125 0.15234375 0.21875
1 0.2138671875 0.53125 0.0888671875 0.13671875
1 0.2783203125 0.5263671875 0.046875 0.103515625
1 0.328125 0.5146484375 0.05859375 0.0869140625
1 0.4560546875 0.5029296875 0.1162109375 0.087890625
1 0.5107421875 0.484375 0.0380859375 0.044921875
1 0.6005859375 0.4833984375 0.046875 0.037109375
1 0.8505859375 0.48046875 0.0478515625 0.04296875
1 0.8935546875 0.4716796875 0.0634765625 0.056640625
1 0.93359375 0.474609375 0.0361328125 0.03125