1 0.0615234375 0.53515625 0.1123046875 0.0703125
3 0.119140625 0.2890625 0.01953125 0.0615234375
1 0.189453125 0.521484375 0.033203125 0.0302734375
1 0.2353515625 0.5166015625 0.0576171875 0.0595703125
1 0.283203125 0.5263671875 0.0634765625 0.0869140625
1 0.2861328125 0.53125 0.0712890625 0.0966796875
1 0.2626953125 0.5146484375 0.017578125 0.0263671875
3 0.279296875 0.373046875 0.017578125 0.0537109375
1 0.380859375 0.56640625 0.17578125 0.1962890625
1 0.310546875 0.51171875 0.01953125 0.046875
3 0.341796875 0.3271484375 0.0166015625 0.0478515625
4 0.3828125 0.4140625 0.01171875 0.025390625
4 0.416015625 0.4404296875 0.0146484375 0.033203125
1 0.45703125 0.5146484375 0.0302734375 0.04296875
1 0.458984375 0.5029296875 0.0263671875 0.0537109375
4 0.498046875 0.4013671875 0.0185546875 0.037109375
1 0.5166015625 0.5234375 0.0439453125 0.046875
1 0.5185546875 0.5166015625 0.044921875 0.0498046875
1 0.583984375 0.51953125 0.033203125 0.0380859375
10 0.6728515625 0.5068359375 0.064453125 0.0966796875
10 0.669921875 0.505859375 0.0556640625 0.0986328125
1 0.72265625 0.5439453125 0.1416015625 0.1484375
4 0.7470703125 0.4140625 0.015625 0.0478515625
1 0.8134765625 0.5458984375 0.119140625 0.10546875
1 0.818359375 0.548828125 0.1162109375 0.1220703125