1 0.05260416666666667 0.4633333333333334 0.03854166666666667 0.05333333333333334
1 0.0515625 0.4733333333333334 0.036458333333333336 0.05666666666666667
1 0.08645833333333333 0.47750000000000004 0.0375 0.04166666666666667
1 0.08958333333333333 0.47000000000000003 0.0375 0.03666666666666667
1 0.12447916666666667 0.48250000000000004 0.04895833333333333 0.04833333333333334
1 0.1296875 0.4766666666666667 0.051041666666666666 0.04
1 0.15885416666666666 0.4675 0.019791666666666666 0.04833333333333334
1 0.19583333333333333 0.4716666666666667 0.05416666666666667 0.06333333333333334
1 0.19895833333333332 0.4733333333333334 0.04583333333333333 0.060000000000000005
1 0.24739583333333334 0.47000000000000003 0.040625 0.04666666666666667
1 0.24895833333333334 0.4683333333333334 0.0375 0.043333333333333335
6 0.4171875 0.32083333333333336 0.019791666666666666 0.04833333333333334
7 0.4171875 0.32083333333333336 0.019791666666666666 0.045000000000000005
1 0.5026041666666666 0.49500000000000005 0.08229166666666667 0.09666666666666668
6 0.503125 0.3166666666666667 0.025 0.03333333333333333
6 0.50625 0.32083333333333336 0.0125 0.05166666666666667
6 0.6010416666666667 0.33333333333333337 0.022916666666666665 0.04
6 0.6036458333333333 0.32583333333333336 0.019791666666666666 0.03833333333333334
1 0.6625 0.4916666666666667 0.12708333333333333 0.13333333333333333
6 0.6817708333333333 0.39583333333333337 0.021875 0.045000000000000005
6 0.6822916666666666 0.39666666666666667 0.016666666666666666 0.05
6 0.8072916666666666 0.335 0.03125 0.09000000000000001
6 0.8130208333333333 0.3241666666666667 0.019791666666666666 0.065