2 0.4739583333333333 0.49333333333333335 0.010416666666666666 0.05666666666666667
1 0.4875 0.5016666666666667 0.014583333333333334 0.05666666666666667
1 0.5130208333333334 0.49750000000000005 0.036458333333333336 0.085
1 0.53125 0.5016666666666667 0.03958333333333333 0.07333333333333333
2 0.8234374999999999 0.5 0.030208333333333334 0.13
2 0.7989583333333333 0.4970833333333334 0.026041666666666668 0.1275
1 0.11197916666666667 0.5316666666666667 0.12604166666666666 0.09666666666666668
1 0.23177083333333334 0.5308333333333334 0.11562499999999999 0.11833333333333335
1 0.33958333333333335 0.5075000000000001 0.05 0.055
2 0.3921875 0.6258333333333334 0.06770833333333333 0.45833333333333337
2 0.4515625 0.6166666666666667 0.11770833333333333 0.5433333333333333
2 0.703125 0.46 0.027083333333333334 0.05333333333333334
2 0.7135416666666666 0.5191666666666667 0.04375 0.09833333333333334
2 0.7354166666666666 0.5083333333333334 0.04583333333333333 0.16
2 0.76875 0.4991666666666667 0.03125 0.14833333333333334
2 0.896875 0.4704166666666667 0.03958333333333333 0.10250000000000001
2 0.9044270833333333 0.5245833333333334 0.024479166666666666 0.12416666666666668
2 0.9359375 0.51 0.051041666666666666 0.16