1 0.4 0.4841666666666667 0.06666666666666667 0.05166666666666667
1 0.40208333333333335 0.48333333333333334 0.04791666666666666 0.043333333333333335
1 0.44947916666666665 0.45833333333333337 0.04895833333333333 0.030000000000000002
1 0.5541666666666667 0.48500000000000004 0.04583333333333333 0.05666666666666667
1 0.5583333333333333 0.4891666666666667 0.05 0.058333333333333334
7 0.5630208333333333 0.22166666666666668 0.017708333333333333 0.05333333333333334
7 0.565625 0.2391666666666667 0.022916666666666665 0.06166666666666667
4 0.6770833333333334 0.24333333333333335 0.020833333333333332 0.06666666666666667
4 0.678125 0.25833333333333336 0.016666666666666666 0.043333333333333335
1 0.8557291666666667 0.4816666666666667 0.040625 0.05
4 0.9703125 0.3841666666666667 0.021875 0.03166666666666667
4 0.9729166666666667 0.37000000000000005 0.01875 0.06666666666666667