6 0.08958333333333333 0.3116666666666667 0.022916666666666665 0.08333333333333334
2 0.09427083333333333 0.4966666666666667 0.021875 0.07666666666666667
1 0.4796875 0.49000000000000005 0.026041666666666668 0.043333333333333335
1 0.5432291666666667 0.49333333333333335 0.040625 0.08
1 0.5380208333333333 0.4916666666666667 0.017708333333333333 0.05666666666666667
1 0.5729166666666666 0.5125000000000001 0.04583333333333333 0.07833333333333334
1 0.5703125 0.5 0.036458333333333336 0.04666666666666667
1 0.6119791666666666 0.5075000000000001 0.065625 0.07500000000000001
6 0.6161458333333333 0.2783333333333334 0.02395833333333333 0.08666666666666667
2 0.6213541666666667 0.5208333333333334 0.028125 0.10166666666666667
2 0.9166666666666666 0.4841666666666667 0.035416666666666666 0.155
2 0.9296875 0.49750000000000005 0.03854166666666667 0.155