2 0.0791015625 0.572265625 0.0380859375 0.15625
1 0.0419921875 0.587890625 0.08203125 0.1552734375
1 0.1123046875 0.5712890625 0.0625 0.115234375
1 0.1845703125 0.5458984375 0.087890625 0.1181640625
1 0.2412109375 0.5302734375 0.0419921875 0.0830078125
2 0.263671875 0.5283203125 0.0166015625 0.0771484375
2 0.27734375 0.525390625 0.013671875 0.0751953125
6 0.2861328125 0.4501953125 0.0107421875 0.0302734375
2 0.2919921875 0.525390625 0.0166015625 0.0703125
2 0.3525390625 0.517578125 0.013671875 0.068359375
2 0.474609375 0.517578125 0.015625 0.068359375
6 0.5078125 0.4345703125 0.013671875 0.037109375
1 0.564453125 0.544921875 0.056640625 0.13671875
1 0.6845703125 0.5634765625 0.220703125 0.2099609375
2 0.8134765625 0.5029296875 0.0498046875 0.2236328125