7 0.0609375 0.09916666666666667 0.04895833333333333 0.18833333333333335
1 0.1484375 0.5425 0.051041666666666666 0.058333333333333334
1 0.15208333333333332 0.5458333333333334 0.05625 0.06166666666666667
1 0.18020833333333333 0.5375000000000001 0.027083333333333334 0.055
1 0.22083333333333333 0.5266666666666667 0.04791666666666666 0.07666666666666667
1 0.21770833333333334 0.5241666666666667 0.041666666666666664 0.065
1 0.39479166666666665 0.5491666666666667 0.1125 0.16166666666666668
1 0.4510416666666667 0.5333333333333333 0.0625 0.10333333333333335
1 0.5598958333333334 0.5441666666666667 0.06354166666666666 0.09833333333333334
1 0.5604166666666667 0.5425 0.06041666666666667 0.10166666666666667
1 0.6223958333333334 0.5658333333333334 0.12395833333333334 0.10833333333333334
3 0.7859375 0.19 0.051041666666666666 0.18000000000000002