1 0.03463541666666667 0.5591666666666667 0.06822916666666666 0.07
1 0.1359375 0.5541666666666667 0.04895833333333333 0.06166666666666667
1 0.2109375 0.5533333333333333 0.11770833333333333 0.14333333333333334
7 0.3541666666666667 0.13166666666666668 0.027083333333333334 0.07666666666666667
1 0.4067708333333333 0.5566666666666668 0.07604166666666666 0.10666666666666667
1 0.509375 0.5441666666666667 0.0625 0.155
1 0.5828125 0.5441666666666667 0.121875 0.16166666666666668
4 0.5578125 0.16583333333333333 0.036458333333333336 0.07500000000000001
1 0.7921875 0.6191666666666668 0.328125 0.315
4 0.725 0.24583333333333335 0.03125 0.07500000000000001
4 0.7244791666666667 0.2325 0.026041666666666668 0.06833333333333334
1 0.9390625 0.5466666666666667 0.11770833333333333 0.16333333333333333
4 0.928125 0.3816666666666667 0.022916666666666665 0.05