1 0.08385416666666666 0.5216666666666667 0.128125 0.14666666666666667
1 0.1765625 0.49583333333333335 0.08854166666666667 0.06833333333333334
1 0.2786458333333333 0.5075000000000001 0.13229166666666667 0.09166666666666667
1 0.2828125 0.505 0.121875 0.11
1 0.43124999999999997 0.4941666666666667 0.029166666666666667 0.03833333333333334
1 0.4734375 0.49000000000000005 0.036458333333333336 0.05
1 0.5234375 0.48500000000000004 0.042708333333333334 0.05333333333333334
3 0.5703125 0.028333333333333335 0.026041666666666668 0.05666666666666667
3 0.5677083333333334 0.36083333333333334 0.0125 0.05166666666666667
6 0.6536458333333334 0.35500000000000004 0.013541666666666667 0.04
6 0.7276041666666666 0.40166666666666667 0.015625 0.043333333333333335
6 0.7296875 0.405 0.013541666666666667 0.02666666666666667
6 0.7979166666666666 0.07583333333333334 0.025 0.09166666666666667
2 0.8072916666666666 0.4758333333333334 0.03125 0.08833333333333333
2 0.8083333333333333 0.4741666666666667 0.01875 0.058333333333333334
2 0.9713541666666666 0.47750000000000004 0.030208333333333334 0.155
0 0.9692708333333333 0.48250000000000004 0.026041666666666668 0.10166666666666667
2 0.9911458333333333 0.4816666666666667 0.011458333333333333 0.08333333333333334