1 0.7626953125 0.5087890625 0.47265625 0.337890625
1 0.060546875 0.4697265625 0.05078125 0.0595703125
1 0.1201171875 0.474609375 0.0341796875 0.0498046875
1 0.1435546875 0.4765625 0.0322265625 0.037109375
1 0.1474609375 0.482421875 0.03125 0.0419921875
1 0.2294921875 0.4853515625 0.05078125 0.0498046875
1 0.232421875 0.4853515625 0.04296875 0.0498046875
4 0.23046875 0.1328125 0.029296875 0.0947265625
1 0.2890625 0.48828125 0.052734375 0.056640625
1 0.2890625 0.4853515625 0.044921875 0.0419921875
4 0.45703125 0.3125 0.0263671875 0.087890625