6 0.8134765625 0.166015625 0.0419921875 0.1533203125
6 0.197265625 0.4248046875 0.0263671875 0.037109375
6 0.19921875 0.439453125 0.0244140625 0.0615234375
1 0.30078125 0.556640625 0.0302734375 0.04296875
1 0.3271484375 0.5615234375 0.025390625 0.037109375
1 0.3310546875 0.5537109375 0.03125 0.037109375
1 0.4052734375 0.556640625 0.0478515625 0.0498046875
1 0.4013671875 0.5537109375 0.0400390625 0.037109375
6 0.4228515625 0.314453125 0.017578125 0.0419921875
6 0.4267578125 0.3203125 0.0185546875 0.0595703125
1 0.4541015625 0.5517578125 0.041015625 0.046875
6 0.5703125 0.41796875 0.021484375 0.0400390625
6 0.5751953125 0.4296875 0.017578125 0.0595703125