1 0.057812499999999996 0.66 0.11354166666666667 0.32666666666666666
1 0.4083333333333333 0.5533333333333333 0.09375 0.11
4 0.396875 0.43583333333333335 0.010416666666666666 0.03166666666666667
4 0.39739583333333334 0.43333333333333335 0.011458333333333333 0.023333333333333334
4 0.4380208333333333 0.44 0.009375 0.023333333333333334
4 0.4395833333333333 0.44333333333333336 0.010416666666666666 0.02666666666666667
4 0.48125 0.48500000000000004 0.0125 0.030000000000000002
4 0.49114583333333334 0.47250000000000003 0.009375 0.035
4 0.4921875 0.4716666666666667 0.009375 0.03333333333333333
2 0.50625 0.535 0.0125 0.06333333333333334
2 0.5052083333333334 0.5391666666666667 0.010416666666666666 0.065
2 0.5166666666666666 0.5408333333333334 0.0125 0.065
2 0.5182291666666666 0.5358333333333334 0.009375 0.065
2 0.528125 0.5341666666666667 0.0125 0.058333333333333334
2 0.5302083333333333 0.5383333333333333 0.0125 0.06666666666666667
2 0.5416666666666666 0.5308333333333334 0.014583333333333334 0.06166666666666667
2 0.5421875 0.5366666666666667 0.011458333333333333 0.06666666666666667