2 0.0234375 0.583984375 0.0458984375 0.2412109375
1 0.07421875 0.5478515625 0.1474609375 0.1435546875
2 0.1552734375 0.54296875 0.0205078125 0.0732421875
1 0.330078125 0.65234375 0.330078125 0.4150390625
7 0.2802734375 0.2763671875 0.01953125 0.0634765625
6 0.3896484375 0.2861328125 0.01953125 0.0712890625
0 0.4990234375 0.5419921875 0.0966796875 0.169921875
6 0.5634765625 0.408203125 0.021484375 0.0634765625
0 0.6279296875 0.5244140625 0.05078125 0.091796875
0 0.67578125 0.548828125 0.1123046875 0.181640625
0 0.857421875 0.5302734375 0.12109375 0.2001953125