1 0.9026041666666667 0.5575 0.19375 0.29833333333333334
1 0.14947916666666666 0.5258333333333334 0.096875 0.095
1 0.15572916666666667 0.5308333333333334 0.10520833333333333 0.08833333333333333
1 0.334375 0.5058333333333334 0.03958333333333333 0.045000000000000005
1 0.33489583333333334 0.5075000000000001 0.040625 0.03833333333333334
1 0.3541666666666667 0.49333333333333335 0.01875 0.05
1 0.49947916666666664 0.49000000000000005 0.04479166666666667 0.07333333333333333
1 0.6234375 0.52 0.036458333333333336 0.08333333333333334
1 0.6515625 0.5225000000000001 0.03854166666666667 0.10500000000000001
1 0.7 0.5166666666666667 0.09583333333333333 0.13333333333333333
1 0.6958333333333333 0.5183333333333333 0.07291666666666667 0.15333333333333335
1 0.7708333333333334 0.5233333333333333 0.11666666666666667 0.19666666666666668
1 0.7661458333333333 0.53 0.10104166666666667 0.22