4 0.970703125 0.16796875 0.0390625 0.1337890625
1 0.916015625 0.4755859375 0.166015625 0.16015625
1 0.0205078125 0.54296875 0.0400390625 0.0732421875
7 0.0439453125 0.435546875 0.017578125 0.0546875
7 0.0458984375 0.4345703125 0.017578125 0.0546875
1 0.0751953125 0.5361328125 0.0478515625 0.0478515625
1 0.267578125 0.5087890625 0.0634765625 0.0732421875
7 0.2568359375 0.2919921875 0.01953125 0.056640625
4 0.3583984375 0.30078125 0.01953125 0.05859375
1 0.37109375 0.50390625 0.03125 0.0478515625
1 0.400390625 0.5048828125 0.033203125 0.0400390625
4 0.498046875 0.3955078125 0.021484375 0.0478515625
1 0.7958984375 0.4580078125 0.07421875 0.0869140625