1 0.9075520833333334 0.7129166666666668 0.18385416666666665 0.4758333333333334
1 0.05572916666666666 0.5666666666666667 0.10729166666666666 0.14
10 0.0765625 0.4608333333333334 0.109375 0.095
10 0.08854166666666667 0.4633333333333334 0.12708333333333333 0.11666666666666667
10 0.16666666666666666 0.5058333333333334 0.06458333333333333 0.15166666666666667
1 0.23645833333333333 0.5458333333333334 0.06666666666666667 0.065
1 0.23541666666666666 0.5416666666666667 0.06041666666666667 0.06666666666666667
10 0.26875 0.5108333333333334 0.08541666666666667 0.10833333333333334
1 0.28020833333333334 0.5066666666666667 0.04583333333333333 0.09666666666666668
1 0.3208333333333333 0.5291666666666667 0.041666666666666664 0.055
1 0.3802083333333333 0.5466666666666667 0.09375 0.12333333333333334
1 0.40625 0.5041666666666667 0.07083333333333333 0.125
1 0.4322916666666667 0.5141666666666667 0.03958333333333333 0.12833333333333335
1 0.47291666666666665 0.53 0.03958333333333333 0.060000000000000005
1 0.5348958333333333 0.5333333333333333 0.078125 0.10666666666666667
1 0.5333333333333333 0.5316666666666667 0.07291666666666667 0.08333333333333334
1 0.821875 0.5 0.08541666666666667 0.08
1 0.8244791666666667 0.5066666666666667 0.06770833333333333 0.07