4 0.9625 0.34750000000000003 0.017708333333333333 0.06166666666666667
2 0.97265625 0.5316666666666667 0.0265625 0.12000000000000001
10 0.11875 0.5275000000000001 0.13333333333333333 0.19833333333333333
1 0.19166666666666665 0.5333333333333333 0.035416666666666666 0.09000000000000001
1 0.20833333333333334 0.5266666666666667 0.035416666666666666 0.09000000000000001
7 0.23177083333333334 0.3691666666666667 0.030208333333333334 0.10166666666666667
1 0.3578125 0.5091666666666667 0.053125 0.085
1 0.384375 0.4808333333333334 0.027083333333333334 0.021666666666666667
1 0.4041666666666667 0.49583333333333335 0.03333333333333333 0.04833333333333334
1 0.41875 0.4791666666666667 0.022916666666666665 0.028333333333333335
1 0.4786458333333333 0.5208333333333334 0.071875 0.10500000000000001
1 0.5401041666666666 0.5 0.036458333333333336 0.04
1 0.5921875 0.49833333333333335 0.06145833333333333 0.060000000000000005
1 0.6859375 0.5233333333333333 0.08020833333333333 0.07
4 0.696875 0.13333333333333333 0.03125 0.1
1 0.825 0.5358333333333334 0.13125 0.09833333333333334