2 0.7939453125 0.48828125 0.029296875 0.1337890625
2 0.009765625 0.5546875 0.017578125 0.0830078125
2 0.025390625 0.568359375 0.015625 0.0703125
2 0.0341796875 0.546875 0.015625 0.0595703125
2 0.0517578125 0.54296875 0.01953125 0.0634765625
2 0.06640625 0.54296875 0.0146484375 0.06640625
2 0.0751953125 0.541015625 0.0185546875 0.068359375
2 0.0791015625 0.5380859375 0.0166015625 0.0634765625
2 0.095703125 0.5439453125 0.013671875 0.0849609375
2 0.1689453125 0.544921875 0.0693359375 0.1962890625
6 0.1708984375 0.4130859375 0.0146484375 0.0400390625
1 0.306640625 0.6220703125 0.23046875 0.2646484375
2 0.236328125 0.4794921875 0.0400390625 0.115234375
1 0.404296875 0.5498046875 0.044921875 0.0966796875
1 0.41796875 0.5322265625 0.0556640625 0.0712890625
6 0.4931640625 0.38671875 0.0166015625 0.056640625
2 0.611328125 0.52734375 0.0224609375 0.091796875
2 0.609375 0.5263671875 0.0166015625 0.0869140625
2 0.6552734375 0.5400390625 0.0517578125 0.1796875
2 0.7724609375 0.5361328125 0.03515625 0.1787109375