1 0.24166666666666667 0.5116666666666667 0.10416666666666667 0.08
0 0.303125 0.4816666666666667 0.04791666666666666 0.06333333333333334
0 0.30572916666666666 0.48583333333333334 0.017708333333333333 0.06166666666666667
0 0.359375 0.4808333333333334 0.052083333333333336 0.06833333333333334
0 0.35572916666666665 0.4791666666666667 0.015625 0.055
5 0.3609375 0.29000000000000004 0.015625 0.05333333333333334
5 0.3609375 0.2916666666666667 0.015625 0.05666666666666667
0 0.4270833333333333 0.48250000000000004 0.041666666666666664 0.058333333333333334
0 0.4203125 0.4808333333333334 0.019791666666666666 0.058333333333333334
3 0.45260416666666664 0.37333333333333335 0.017708333333333333 0.06666666666666667
3 0.4552083333333333 0.3775 0.016666666666666666 0.04833333333333334
4 0.6328125 0.28583333333333333 0.030208333333333334 0.09833333333333334
4 0.634375 0.28500000000000003 0.027083333333333334 0.10333333333333335