1 0.018229166666666668 0.5995833333333334 0.035416666666666666 0.1525
1 0.10625 0.5441666666666667 0.15208333333333332 0.21833333333333335
1 0.2140625 0.5316666666666667 0.08854166666666667 0.1366666666666667
1 0.2786458333333333 0.5266666666666667 0.046875 0.10333333333333335
1 0.328125 0.515 0.058333333333333334 0.08666666666666667
1 0.45625 0.5025000000000001 0.11666666666666667 0.08833333333333333
1 0.5109375 0.4841666666666667 0.03854166666666667 0.045000000000000005
1 0.6005208333333333 0.48333333333333334 0.046875 0.03666666666666667
1 0.8510416666666667 0.48000000000000004 0.04791666666666666 0.043333333333333335
1 0.8932291666666666 0.4716666666666667 0.06354166666666666 0.05666666666666667
1 0.9338541666666667 0.4741666666666667 0.036458333333333336 0.03166666666666667