1 0.4326171875 0.515625 0.0458984375 0.05859375
1 0.119140625 0.55859375 0.083984375 0.08984375
1 0.2255859375 0.5478515625 0.0908203125 0.1083984375
1 0.275390625 0.5322265625 0.0322265625 0.0849609375
1 0.2822265625 0.529296875 0.03125 0.0654296875
1 0.3056640625 0.517578125 0.0302734375 0.0654296875
1 0.357421875 0.5146484375 0.0224609375 0.044921875
1 0.6455078125 0.5400390625 0.3447265625 0.216796875
3 0.58203125 0.3154296875 0.0263671875 0.0966796875
1 0.83203125 0.5126953125 0.087890625 0.1787109375
2 0.9853515625 0.4697265625 0.025390625 0.13671875