2 0.865625 0.5108333333333334 0.052083333333333336 0.27166666666666667
1 0.96875 0.4716666666666667 0.06145833333333333 0.08833333333333333
1 0.12708333333333333 0.5516666666666667 0.05625 0.060000000000000005
7 0.2552083333333333 0.3066666666666667 0.01875 0.05
7 0.25677083333333334 0.31083333333333335 0.017708333333333333 0.04833333333333334
1 0.34322916666666664 0.53 0.057291666666666664 0.06666666666666667
8 0.35572916666666665 0.29500000000000004 0.017708333333333333 0.043333333333333335
8 0.3625 0.29500000000000004 0.020833333333333332 0.05
1 0.42343749999999997 0.52 0.028125 0.04
8 0.51875 0.4116666666666667 0.022916666666666665 0.03666666666666667
8 0.5208333333333334 0.40750000000000003 0.0125 0.04166666666666667
2 0.5296875 0.5125000000000001 0.019791666666666666 0.055
2 0.5583333333333333 0.5016666666666667 0.029166666666666667 0.05
1 0.759375 0.48000000000000004 0.07708333333333334 0.07
1 0.7630208333333334 0.48333333333333334 0.078125 0.06333333333333334
1 0.8645833333333334 0.47750000000000004 0.13958333333333334 0.095