1 0.1396484375 0.525390625 0.103515625 0.056640625
3 0.138671875 0.3017578125 0.01953125 0.0537109375
1 0.208984375 0.5205078125 0.0244140625 0.03125
1 0.2919921875 0.525390625 0.0810546875 0.0830078125
1 0.2939453125 0.5263671875 0.0712890625 0.0966796875
1 0.275390625 0.5146484375 0.0185546875 0.025390625
3 0.2900390625 0.3779296875 0.015625 0.0498046875
1 0.3232421875 0.501953125 0.0224609375 0.0498046875
1 0.388671875 0.5595703125 0.15234375 0.16796875
3 0.3486328125 0.337890625 0.0166015625 0.0478515625
4 0.3857421875 0.4140625 0.01171875 0.025390625
4 0.4169921875 0.4404296875 0.0146484375 0.033203125
1 0.4638671875 0.501953125 0.0263671875 0.0537109375
1 0.4638671875 0.51171875 0.0244140625 0.037109375
4 0.4970703125 0.4033203125 0.0185546875 0.037109375
1 0.52734375 0.5126953125 0.0556640625 0.0517578125
1 0.5908203125 0.51953125 0.0341796875 0.03515625
10 0.6513671875 0.50390625 0.05859375 0.0986328125
10 0.6572265625 0.5087890625 0.056640625 0.103515625
1 0.798828125 0.5556640625 0.185546875 0.171875
4 0.73046875 0.41796875 0.013671875 0.046875