1 0.8857421875 0.4697265625 0.048828125 0.048828125
1 0.27734375 0.5087890625 0.0498046875 0.0546875
1 0.2822265625 0.505859375 0.0498046875 0.0546875
1 0.3544921875 0.51171875 0.1044921875 0.1396484375
1 0.423828125 0.5087890625 0.044921875 0.0703125
1 0.42578125 0.5029296875 0.0419921875 0.068359375
4 0.4501953125 0.3974609375 0.0126953125 0.03515625
5 0.4501953125 0.3994140625 0.0126953125 0.0283203125
4 0.5029296875 0.3837890625 0.0166015625 0.0498046875
4 0.5029296875 0.38671875 0.0146484375 0.0302734375
3 0.5810546875 0.4345703125 0.0166015625 0.037109375
4 0.5849609375 0.4423828125 0.0185546875 0.0380859375
3 0.6884765625 0.392578125 0.01953125 0.0517578125
4 0.6904296875 0.3876953125 0.017578125 0.05859375