10 0.06145833333333333 0.5266666666666667 0.12291666666666666 0.08
2 0.071875 0.5566666666666668 0.027083333333333334 0.07666666666666667
2 0.07135416666666666 0.5516666666666667 0.021875 0.08333333333333334
2 0.18958333333333333 0.5383333333333333 0.020833333333333332 0.06333333333333334
1 0.3927083333333333 0.5433333333333333 0.1375 0.08
6 0.3520833333333333 0.18250000000000002 0.035416666666666666 0.085
6 0.6036458333333333 0.3491666666666667 0.028125 0.08833333333333333
6 0.6057291666666667 0.34833333333333333 0.017708333333333333 0.07333333333333333
2 0.6791666666666667 0.5291666666666667 0.03125 0.125
2 0.7572916666666667 0.5316666666666667 0.0375 0.15000000000000002
2 0.8223958333333333 0.54 0.034375 0.17666666666666667
2 0.8291666666666666 0.535 0.04375 0.17
2 0.9197916666666667 0.5308333333333334 0.0625 0.21166666666666667