1 0.09270833333333334 0.5608333333333334 0.07291666666666667 0.10166666666666667
10 0.14322916666666666 0.535 0.053125 0.05333333333333334
10 0.14739583333333334 0.5325000000000001 0.04479166666666667 0.055
1 0.3520833333333333 0.5283333333333333 0.03958333333333333 0.04666666666666667
1 0.4046875 0.5275000000000001 0.036458333333333336 0.04166666666666667
1 0.48333333333333334 0.5333333333333333 0.035416666666666666 0.07666666666666667
1 0.5427083333333333 0.5575 0.11041666666666666 0.13166666666666668
1 0.6703125 0.5166666666666667 0.08645833333333333 0.13
1 0.7619791666666667 0.5516666666666667 0.14895833333333333 0.12000000000000001
1 0.859375 0.5366666666666667 0.041666666666666664 0.05
1 0.9057291666666667 0.5308333333333334 0.051041666666666666 0.05166666666666667