1 0.07083333333333333 0.60375 0.140625 0.1991666666666667
1 0.84140625 0.6937500000000001 0.31614583333333335 0.49083333333333334
1 0.15260416666666665 0.5708333333333334 0.11562499999999999 0.15166666666666667
1 0.153125 0.5683333333333334 0.0875 0.13
1 0.20729166666666665 0.5566666666666668 0.09375 0.12000000000000001
1 0.21510416666666665 0.5608333333333334 0.06145833333333333 0.115
1 0.2921875 0.5241666666666667 0.08229166666666667 0.10833333333333334
1 0.28802083333333334 0.5283333333333333 0.06979166666666667 0.09000000000000001
1 0.3442708333333333 0.5308333333333334 0.030208333333333334 0.03833333333333334
1 0.45729166666666665 0.5241666666666667 0.03125 0.03833333333333334
1 0.4895833333333333 0.5425 0.03125 0.06833333333333334
1 0.5041666666666667 0.5416666666666667 0.03125 0.08333333333333334
1 0.5520833333333334 0.5575 0.10833333333333334 0.125
1 0.6796875 0.5116666666666667 0.053125 0.05666666666666667