1 0.04635416666666667 0.5441666666666667 0.09270833333333334 0.16833333333333333
1 0.19270833333333334 0.5341666666666667 0.2 0.2316666666666667
7 0.25 0.3383333333333334 0.016666666666666666 0.04666666666666667
6 0.25416666666666665 0.33166666666666667 0.01875 0.030000000000000002
1 0.4848958333333333 0.65 0.3989583333333333 0.4733333333333334
7 0.3078125 0.3325 0.019791666666666666 0.05166666666666667
1 0.3177083333333333 0.4941666666666667 0.03958333333333333 0.04166666666666667
6 0.3104166666666667 0.325 0.01875 0.030000000000000002
6 0.38958333333333334 0.3358333333333334 0.014583333333333334 0.045000000000000005
6 0.44895833333333335 0.33666666666666667 0.020833333333333332 0.04666666666666667
6 0.5697916666666667 0.3925 0.01875 0.035
1 0.8385416666666666 0.4816666666666667 0.13958333333333334 0.07333333333333333
1 0.8416666666666667 0.48250000000000004 0.13541666666666666 0.06166666666666667
1 0.9604166666666667 0.64 0.07708333333333334 0.2966666666666667