1 0.9645833333333333 0.6075 0.06979166666666667 0.195
1 0.03125 0.5687500000000001 0.06145833333333333 0.15916666666666668
1 0.10572916666666667 0.5458333333333334 0.14895833333333333 0.135
1 0.1953125 0.5333333333333333 0.09895833333333333 0.11333333333333334
1 0.2765625 0.5308333333333334 0.028125 0.04166666666666667
1 0.31927083333333334 0.5333333333333333 0.06979166666666667 0.08333333333333334
6 0.359375 0.3825 0.01875 0.04166666666666667
1 0.40989583333333335 0.5283333333333333 0.08645833333333333 0.11333333333333334
6 0.42604166666666665 0.3841666666666667 0.020833333333333332 0.045000000000000005
6 0.47812499999999997 0.3791666666666667 0.016666666666666666 0.04166666666666667
1 0.5541666666666667 0.5275000000000001 0.075 0.08833333333333333
6 0.6078125 0.4416666666666667 0.017708333333333333 0.04666666666666667
1 0.6557291666666667 0.5166666666666667 0.09895833333333333 0.14
6 0.6526041666666667 0.3891666666666667 0.019791666666666666 0.058333333333333334
1 0.7359375 0.5391666666666667 0.109375 0.14166666666666666
1 0.8786458333333333 0.5483333333333333 0.22604166666666667 0.24000000000000002