1 0.0421875 0.6083333333333334 0.084375 0.13
1 0.11562499999999999 0.5891666666666667 0.10833333333333334 0.13833333333333334
1 0.125 0.5308333333333334 0.06666666666666667 0.045000000000000005
1 0.190625 0.5725 0.0375 0.095
1 0.22864583333333333 0.5700000000000001 0.036458333333333336 0.08
1 0.259375 0.5708333333333334 0.020833333333333332 0.05166666666666667
1 0.2609375 0.5716666666666667 0.019791666666666666 0.060000000000000005
1 0.28072916666666664 0.5650000000000001 0.028125 0.06333333333333334
1 0.3151041666666667 0.5608333333333334 0.042708333333333334 0.065
1 0.39010416666666664 0.5583333333333333 0.026041666666666668 0.06666666666666667
1 0.44479166666666664 0.6000000000000001 0.12916666666666665 0.2
1 0.6770833333333334 0.5541666666666667 0.0625 0.06166666666666667
1 0.73125 0.5575 0.04791666666666666 0.06166666666666667
1 0.7916666666666666 0.5641666666666667 0.08958333333333333 0.085
1 0.8765625 0.545 0.046875 0.043333333333333335
1 0.9427083333333334 0.5716666666666667 0.10833333333333334 0.12333333333333334