2 0.619140625 0.517578125 0.0068359375 0.0390625
2 0.611328125 0.51953125 0.0068359375 0.0380859375
2 0.6005859375 0.51953125 0.0068359375 0.0380859375
2 0.103515625 0.5498046875 0.013671875 0.0537109375
1 0.0625 0.5439453125 0.0732421875 0.0654296875
1 0.2138671875 0.53125 0.046875 0.0517578125
1 0.4130859375 0.5595703125 0.134765625 0.171875
1 0.50390625 0.5205078125 0.0361328125 0.0419921875
1 0.5458984375 0.5126953125 0.0419921875 0.068359375
10 0.54296875 0.5146484375 0.03125 0.0498046875
1 0.6474609375 0.537109375 0.0625 0.0703125
1 0.7294921875 0.5263671875 0.0595703125 0.0537109375
1 0.7802734375 0.525390625 0.078125 0.05859375
1 0.8876953125 0.53125 0.0302734375 0.0380859375
1 0.93359375 0.525390625 0.0439453125 0.0546875