1 0.022395833333333334 0.5441666666666667 0.03854166666666667 0.045000000000000005
1 0.14270833333333333 0.545 0.14166666666666666 0.18666666666666668
4 0.16770833333333332 0.45 0.01875 0.03333333333333333
4 0.17083333333333334 0.44833333333333336 0.0125 0.03666666666666667
3 0.23697916666666666 0.48833333333333334 0.015625 0.04
4 0.23802083333333332 0.4891666666666667 0.013541666666666667 0.03166666666666667
1 0.26458333333333334 0.54 0.03333333333333333 0.04666666666666667
10 0.31875 0.48583333333333334 0.07916666666666666 0.14833333333333334
1 0.3515625 0.5516666666666667 0.084375 0.08333333333333334
1 0.4557291666666667 0.545 0.12604166666666666 0.14666666666666667
2 0.6744791666666666 0.5125000000000001 0.03229166666666666 0.125
2 0.6755208333333333 0.5075000000000001 0.02395833333333333 0.11833333333333335