1 0.013671875 0.5009765625 0.02734375 0.0615234375
1 0.0830078125 0.484375 0.083984375 0.078125
1 0.173828125 0.48046875 0.0595703125 0.05859375
1 0.3115234375 0.44921875 0.0263671875 0.025390625
7 0.3837890625 0.28125 0.0244140625 0.08203125
7 0.38671875 0.275390625 0.017578125 0.0615234375
1 0.5087890625 0.578125 0.244140625 0.3095703125
6 0.509765625 0.26953125 0.021484375 0.0615234375
6 0.6396484375 0.296875 0.0263671875 0.0732421875
1 0.73046875 0.4677734375 0.0537109375 0.0380859375
1 0.865234375 0.55859375 0.2646484375 0.3896484375
6 0.748046875 0.375 0.0244140625 0.0703125
6 0.751953125 0.3779296875 0.0166015625 0.0498046875