2 0.9423828125 0.580078125 0.052734375 0.263671875
1 0.09765625 0.552734375 0.0537109375 0.08203125
1 0.1494140625 0.5458984375 0.0732421875 0.0849609375
1 0.2412109375 0.5537109375 0.1181640625 0.1552734375
3 0.271484375 0.2783203125 0.025390625 0.06640625
1 0.38671875 0.5869140625 0.1708984375 0.2099609375
3 0.3876953125 0.2861328125 0.0244140625 0.0751953125
2 0.48046875 0.53515625 0.0244140625 0.06640625
3 0.5673828125 0.4169921875 0.02734375 0.080078125
2 0.6064453125 0.5400390625 0.0185546875 0.08984375
2 0.62109375 0.5341796875 0.01953125 0.0947265625
2 0.6435546875 0.53515625 0.0322265625 0.099609375
0 0.669921875 0.5322265625 0.033203125 0.1083984375
0 0.7138671875 0.5302734375 0.037109375 0.1337890625
2 0.759765625 0.533203125 0.03125 0.099609375
2 0.83203125 0.5244140625 0.029296875 0.0986328125