1 0.087890625 0.5458984375 0.171875 0.158203125
1 0.232421875 0.5419921875 0.1396484375 0.1337890625
1 0.3154296875 0.5078125 0.08984375 0.068359375
1 0.33203125 0.5166015625 0.0576171875 0.0771484375
1 0.416015625 0.505859375 0.05859375 0.0712890625
1 0.416015625 0.5009765625 0.0556640625 0.044921875
1 0.4716796875 0.5 0.0986328125 0.06640625
1 0.611328125 0.5029296875 0.1123046875 0.08203125
1 0.6865234375 0.484375 0.07421875 0.0419921875
1 0.6904296875 0.4755859375 0.0712890625 0.078125
1 0.7138671875 0.5380859375 0.0439453125 0.13671875
1 0.83203125 0.5556640625 0.248046875 0.2919921875