1 0.09166666666666666 0.555 0.1125 0.11666666666666667
7 0.125 0.2016666666666667 0.025 0.08666666666666667
1 0.17447916666666666 0.55 0.057291666666666664 0.08333333333333334
1 0.17239583333333333 0.5508333333333334 0.051041666666666666 0.06833333333333334
1 0.21614583333333334 0.5408333333333334 0.036458333333333336 0.06833333333333334
1 0.24635416666666665 0.535 0.028125 0.05333333333333334
4 0.3145833333333333 0.165 0.027083333333333334 0.09333333333333334
1 0.41875 0.545 0.052083333333333336 0.07
1 0.44947916666666665 0.5283333333333333 0.026041666666666668 0.05666666666666667
1 0.44687499999999997 0.5341666666666667 0.01875 0.03833333333333334
4 0.4713541666666667 0.18083333333333335 0.030208333333333334 0.09166666666666667
4 0.7796875 0.3516666666666667 0.03229166666666666 0.08333333333333334
2 0.8135416666666666 0.5416666666666667 0.0875 0.15000000000000002
4 0.7822916666666666 0.35250000000000004 0.020833333333333332 0.065
0 0.8078124999999999 0.5458333333333334 0.04479166666666667 0.135