7 0.1375 0.3691666666666667 0.022916666666666665 0.065
7 0.14010416666666667 0.37000000000000005 0.015625 0.043333333333333335
0 0.25677083333333334 0.4683333333333334 0.026041666666666668 0.08
0 0.2578125 0.47000000000000003 0.019791666666666666 0.06333333333333334
1 0.3104166666666667 0.4691666666666667 0.052083333333333336 0.065
1 0.49166666666666664 0.49250000000000005 0.17083333333333334 0.09833333333333334
6 0.4557291666666667 0.27083333333333337 0.015625 0.04166666666666667
7 0.45416666666666666 0.2775 0.0125 0.04833333333333334
6 0.5322916666666666 0.2816666666666667 0.014583333333333334 0.05
6 0.5333333333333333 0.2808333333333333 0.014583333333333334 0.04833333333333334
6 0.6088541666666667 0.29083333333333333 0.015625 0.045000000000000005
6 0.6098958333333333 0.29000000000000004 0.015625 0.04666666666666667
6 0.7510416666666666 0.375 0.014583333333333334 0.05
6 0.7526041666666666 0.37833333333333335 0.015625 0.05
1 0.9140625 0.46416666666666667 0.065625 0.045000000000000005
1 0.9109375 0.4666666666666667 0.057291666666666664 0.06666666666666667
1 0.9583333333333334 0.48750000000000004 0.029166666666666667 0.06166666666666667
1 0.9614583333333333 0.4941666666666667 0.025 0.065