2 0.022135416666666668 0.5758333333333334 0.022395833333333334 0.06666666666666667
10 0.059375 0.5608333333333334 0.11770833333333333 0.08833333333333333
1 0.065625 0.5625 0.13020833333333334 0.08833333333333333
10 0.12708333333333333 0.5575 0.07083333333333333 0.08166666666666667
1 0.13177083333333334 0.5608333333333334 0.071875 0.085
3 0.11302083333333333 0.42500000000000004 0.021875 0.07
1 0.18645833333333334 0.5733333333333334 0.06458333333333333 0.05
10 0.18854166666666666 0.5508333333333334 0.0625 0.03833333333333334
1 0.290625 0.5775 0.07708333333333334 0.08833333333333333
1 0.32916666666666666 0.5666666666666667 0.035416666666666666 0.06333333333333334
1 0.49166666666666664 0.5700000000000001 0.029166666666666667 0.06666666666666667
1 0.5192708333333333 0.5741666666666667 0.057291666666666664 0.06833333333333334
3 0.603125 0.39583333333333337 0.027083333333333334 0.08166666666666667
6 0.8552083333333333 0.44333333333333336 0.03125 0.05333333333333334
1 0.9609375 0.5758333333333334 0.07604166666666666 0.12166666666666667