1 0.921875 0.6455078125 0.15234375 0.357421875
1 0.0615234375 0.5537109375 0.1220703125 0.146484375
1 0.111328125 0.5537109375 0.0537109375 0.13671875
1 0.1220703125 0.5517578125 0.0400390625 0.1103515625
1 0.146484375 0.5712890625 0.04296875 0.0849609375
1 0.2109375 0.5400390625 0.044921875 0.0537109375
1 0.2958984375 0.521484375 0.052734375 0.0498046875
1 0.4091796875 0.5341796875 0.05078125 0.0712890625
1 0.5244140625 0.5634765625 0.05078125 0.11328125
1 0.5830078125 0.5625 0.083984375 0.138671875
1 0.654296875 0.57421875 0.072265625 0.171875
1 0.771484375 0.568359375 0.1943359375 0.283203125