6 0.08229166666666667 0.07833333333333334 0.16458333333333333 0.15666666666666668
1 0.08333333333333333 0.5175000000000001 0.05416666666666667 0.045000000000000005
1 0.0875 0.5258333333333334 0.0375 0.05166666666666667
1 0.09375 0.4991666666666667 0.041666666666666664 0.03166666666666667
1 0.17083333333333334 0.5033333333333334 0.10208333333333333 0.06333333333333334
1 0.2713541666666667 0.5208333333333334 0.10104166666666667 0.085
1 0.34739583333333335 0.5158333333333334 0.071875 0.07500000000000001
1 0.4192708333333333 0.4941666666666667 0.028125 0.035
1 0.425 0.5016666666666667 0.035416666666666666 0.04
1 0.44479166666666664 0.5008333333333334 0.025 0.04833333333333334
1 0.4734375 0.49583333333333335 0.03229166666666666 0.04166666666666667
1 0.5265625 0.48333333333333334 0.019791666666666666 0.04666666666666667
1 0.5270833333333333 0.4866666666666667 0.020833333333333332 0.04
1 0.5421875 0.49083333333333334 0.017708333333333333 0.055
3 0.5682291666666667 0.36083333333333334 0.02395833333333333 0.06166666666666667
1 0.5651041666666666 0.49250000000000005 0.017708333333333333 0.045000000000000005
1 0.5953125 0.49583333333333335 0.03854166666666667 0.065
3 0.6526041666666667 0.3566666666666667 0.015625 0.043333333333333335
4 0.7260416666666667 0.4166666666666667 0.016666666666666666 0.05
6 0.8010416666666667 0.07666666666666667 0.05 0.11666666666666667
3 0.8 0.07500000000000001 0.027083333333333334 0.09333333333333334
1 0.8651041666666667 0.51 0.07395833333333333 0.11333333333333334
1 0.8734375 0.48500000000000004 0.071875 0.043333333333333335