1 0.076171875 0.5576171875 0.1376953125 0.138671875
1 0.171875 0.5419921875 0.1162109375 0.123046875
1 0.2451171875 0.529296875 0.0751953125 0.091796875
1 0.3408203125 0.5302734375 0.060546875 0.0732421875
6 0.3759765625 0.392578125 0.0185546875 0.0419921875
1 0.4208984375 0.5234375 0.0673828125 0.099609375
6 0.4365234375 0.3876953125 0.0205078125 0.044921875
6 0.48828125 0.3876953125 0.0166015625 0.0419921875
1 0.5556640625 0.5283203125 0.064453125 0.08984375
1 0.6435546875 0.5146484375 0.0869140625 0.1083984375
6 0.611328125 0.4462890625 0.017578125 0.046875
6 0.6474609375 0.4052734375 0.0185546875 0.0595703125
1 0.701171875 0.533203125 0.09375 0.1201171875
1 0.7841796875 0.53125 0.142578125 0.1728515625
1 0.9013671875 0.5693359375 0.1923828125 0.2021484375