1 0.1591796875 0.4873046875 0.3173828125 0.568359375
10 0.1474609375 0.5009765625 0.294921875 0.4453125
7 0.35546875 0.30078125 0.01953125 0.0712890625
7 0.3564453125 0.2861328125 0.015625 0.0380859375
1 0.498046875 0.572265625 0.2646484375 0.337890625
6 0.4775390625 0.2412109375 0.0146484375 0.0537109375
0 0.6455078125 0.4853515625 0.03125 0.10546875
0 0.6435546875 0.486328125 0.0263671875 0.0966796875
6 0.640625 0.3583984375 0.0185546875 0.0400390625
1 0.7236328125 0.478515625 0.05859375 0.056640625
1 0.8525390625 0.5625 0.29296875 0.2587890625
6 0.9384765625 0.224609375 0.021484375 0.0419921875
6 0.9443359375 0.25 0.0283203125 0.080078125