1 0.23697916666666666 0.505 0.052083333333333336 0.04666666666666667
1 0.10729166666666666 0.5716666666666667 0.20625 0.38
1 0.29635416666666664 0.4808333333333334 0.04895833333333333 0.035
1 0.33229166666666665 0.4941666666666667 0.03333333333333333 0.04166666666666667
1 0.35833333333333334 0.4816666666666667 0.027083333333333334 0.04
1 0.3963541666666667 0.48583333333333334 0.06354166666666666 0.07833333333333334
1 0.4473958333333333 0.48500000000000004 0.036458333333333336 0.04666666666666667
1 0.5041666666666667 0.4758333333333334 0.020833333333333332 0.021666666666666667
1 0.5510416666666667 0.48750000000000004 0.03958333333333333 0.04833333333333334
1 0.6020833333333333 0.5025000000000001 0.075 0.08166666666666667
1 0.771875 0.49833333333333335 0.058333333333333334 0.09666666666666668