1 0.0400390625 0.5703125 0.0791015625 0.1962890625
1 0.09765625 0.5595703125 0.06640625 0.08203125
1 0.099609375 0.5517578125 0.048828125 0.080078125
2 0.1611328125 0.5224609375 0.0205078125 0.0419921875
2 0.16015625 0.5244140625 0.0166015625 0.0380859375
1 0.380859375 0.5361328125 0.0771484375 0.091796875
1 0.5126953125 0.5244140625 0.0615234375 0.08203125
2 0.689453125 0.53125 0.0380859375 0.0537109375
2 0.685546875 0.525390625 0.0263671875 0.0498046875
2 0.7001953125 0.5087890625 0.0244140625 0.03515625
2 0.7041015625 0.478515625 0.0224609375 0.0771484375
2 0.7353515625 0.4921875 0.01953125 0.0517578125
2 0.8291015625 0.482421875 0.0517578125 0.158203125