1 0.05078125 0.548828125 0.1005859375 0.1884765625
1 0.8916015625 0.58203125 0.2158203125 0.2353515625
1 0.1494140625 0.501953125 0.1240234375 0.18359375
1 0.279296875 0.4853515625 0.1181640625 0.1103515625
1 0.2822265625 0.482421875 0.1142578125 0.0849609375
1 0.3525390625 0.486328125 0.0458984375 0.06640625
1 0.353515625 0.486328125 0.0458984375 0.0830078125
1 0.3818359375 0.486328125 0.03125 0.0703125
1 0.408203125 0.4873046875 0.03515625 0.0546875
1 0.6181640625 0.498046875 0.0732421875 0.0830078125
1 0.6171875 0.5 0.0673828125 0.0869140625
1 0.67578125 0.5166015625 0.078125 0.1162109375
1 0.6748046875 0.5185546875 0.07421875 0.1337890625
1 0.765625 0.5224609375 0.15234375 0.1845703125