1 0.07395833333333333 0.5283333333333333 0.14166666666666666 0.06666666666666667
1 0.4395833333333333 0.515 0.020833333333333332 0.04666666666666667
1 0.4630208333333333 0.5191666666666667 0.026041666666666668 0.035
1 0.5161458333333333 0.51 0.028125 0.03666666666666667
6 0.5583333333333333 0.38083333333333336 0.014583333333333334 0.05166666666666667
6 0.6484375 0.3791666666666667 0.017708333333333333 0.05166666666666667
6 0.7296875 0.42750000000000005 0.019791666666666666 0.055
1 0.825 0.5166666666666667 0.04583333333333333 0.04666666666666667
3 0.8296875 0.05583333333333334 0.03854166666666667 0.11166666666666668
4 0.8312499999999999 0.05333333333333334 0.027083333333333334 0.09333333333333334
1 0.8677083333333333 0.5166666666666667 0.06875 0.04666666666666667
1 0.93125 0.5125000000000001 0.0875 0.04166666666666667
2 0.9890625 0.53 0.017708333333333333 0.06666666666666667