1 0.046875 0.5425 0.09375 0.16833333333333333
1 0.19375 0.5366666666666667 0.20208333333333334 0.23333333333333334
7 0.25 0.3383333333333334 0.016666666666666666 0.04666666666666667
6 0.25416666666666665 0.33166666666666667 0.01875 0.030000000000000002
1 0.4828125 0.65 0.39479166666666665 0.4733333333333334
7 0.3078125 0.3325 0.019791666666666666 0.05166666666666667
1 0.31979166666666664 0.4941666666666667 0.03958333333333333 0.04166666666666667
6 0.3104166666666667 0.325 0.01875 0.030000000000000002
6 0.390625 0.3358333333333334 0.014583333333333334 0.045000000000000005
6 0.45 0.335 0.020833333333333332 0.04666666666666667
6 0.5697916666666667 0.3925 0.01875 0.035
1 0.8296875 0.5133333333333334 0.109375 0.14
1 0.8885416666666667 0.4733333333333334 0.052083333333333336 0.08