1 0.123046875 0.4912109375 0.24609375 0.6767578125
10 0.126953125 0.484375 0.248046875 0.6181640625
1 0.3291015625 0.5009765625 0.0537109375 0.0712890625
1 0.4921875 0.6220703125 0.333984375 0.4248046875
7 0.3505859375 0.3017578125 0.0185546875 0.0703125
3 0.474609375 0.2392578125 0.0244140625 0.0654296875
1 0.6728515625 0.5029296875 0.1220703125 0.080078125
1 0.6845703125 0.5 0.1103515625 0.0732421875
3 0.650390625 0.373046875 0.01953125 0.0498046875
1 0.740234375 0.4892578125 0.0849609375 0.05859375
1 0.8564453125 0.5908203125 0.2822265625 0.3447265625
4 0.98828125 0.23046875 0.01953125 0.111328125