1 0.04895833333333333 0.5650000000000001 0.096875 0.13833333333333334
1 0.13541666666666666 0.5675 0.052083333333333336 0.04166666666666667
1 0.42916666666666664 0.525 0.05625 0.09000000000000001
1 0.4817708333333333 0.5333333333333333 0.040625 0.060000000000000005
2 0.5046875 0.5283333333333333 0.021875 0.05666666666666667
1 0.5609375 0.5558333333333334 0.109375 0.12166666666666667
1 0.56875 0.5466666666666667 0.10208333333333333 0.11666666666666667
1 0.709375 0.5166666666666667 0.04791666666666666 0.04666666666666667
1 0.7130208333333333 0.5216666666666667 0.036458333333333336 0.05
1 0.7890625 0.5133333333333334 0.04479166666666667 0.04666666666666667
1 0.7927083333333333 0.5108333333333334 0.04583333333333333 0.058333333333333334
1 0.8244791666666667 0.5025000000000001 0.04479166666666667 0.05166666666666667