1 0.263671875 0.462890625 0.0341796875 0.0380859375
1 0.26171875 0.4677734375 0.02734375 0.0419921875
1 0.2841796875 0.46875 0.0185546875 0.033203125
1 0.3203125 0.46875 0.0244140625 0.033203125
1 0.322265625 0.47265625 0.02734375 0.0380859375
1 0.3583984375 0.46875 0.0302734375 0.037109375
1 0.359375 0.4736328125 0.02734375 0.04296875
1 0.3798828125 0.4677734375 0.0185546875 0.0283203125
1 0.529296875 0.486328125 0.029296875 0.033203125
1 0.5771484375 0.486328125 0.033203125 0.0537109375
6 0.65234375 0.4130859375 0.013671875 0.0234375
0 0.6630859375 0.486328125 0.01953125 0.0498046875
1 0.68359375 0.462890625 0.0302734375 0.0263671875