1 0.10364583333333333 0.5841666666666667 0.20729166666666665 0.4083333333333334
3 0.2520833333333333 0.25833333333333336 0.03125 0.08
1 0.2953125 0.5466666666666667 0.017708333333333333 0.023333333333333334
1 0.3130208333333333 0.5441666666666667 0.019791666666666666 0.021666666666666667
1 0.3541666666666667 0.5358333333333334 0.035416666666666666 0.055
1 0.3927083333333333 0.5408333333333334 0.0375 0.07833333333333334
1 0.39166666666666666 0.5383333333333333 0.03333333333333333 0.06333333333333334
3 0.3921875 0.255 0.028125 0.08333333333333334
1 0.44166666666666665 0.5441666666666667 0.09166666666666666 0.125
3 0.5041666666666667 0.26 0.03125 0.07666666666666667
1 0.5286458333333334 0.5241666666666667 0.053125 0.095
1 0.5291666666666667 0.5158333333333334 0.0375 0.055
1 0.6364583333333333 0.5516666666666667 0.0875 0.10333333333333335
1 0.8244791666666667 0.6316666666666667 0.346875 0.33
4 0.771875 0.3925 0.029166666666666667 0.07833333333333334
3 0.771875 0.395 0.020833333333333332 0.05666666666666667