1 0.11041666666666666 0.5083333333333334 0.058333333333333334 0.030000000000000002
1 0.11666666666666667 0.5033333333333334 0.05 0.023333333333333334
1 0.24479166666666666 0.5 0.05 0.043333333333333335
1 0.35520833333333335 0.49000000000000005 0.07916666666666666 0.08
4 0.4354166666666667 0.3841666666666667 0.014583333333333334 0.03166666666666667
4 0.43854166666666666 0.385 0.014583333333333334 0.03666666666666667
4 0.4739583333333333 0.385 0.014583333333333334 0.030000000000000002
4 0.4786458333333333 0.3866666666666667 0.017708333333333333 0.02666666666666667
1 0.515625 0.48500000000000004 0.03958333333333333 0.04
4 0.5723958333333333 0.44333333333333336 0.013541666666666667 0.02666666666666667
4 0.578125 0.43500000000000005 0.016666666666666666 0.03666666666666667
1 0.628125 0.4966666666666667 0.09583333333333333 0.09333333333333334
4 0.6 0.42833333333333334 0.014583333333333334 0.03333333333333333
4 0.6010416666666667 0.42750000000000005 0.014583333333333334 0.03833333333333334
0 0.6864583333333333 0.515 0.041666666666666664 0.17
0 0.6901041666666666 0.5166666666666667 0.042708333333333334 0.16333333333333333