1 0.0859375 0.5751953125 0.171875 0.216796875
1 0.1962890625 0.5478515625 0.099609375 0.1103515625
1 0.2041015625 0.5537109375 0.08984375 0.1533203125
1 0.259765625 0.53125 0.1044921875 0.134765625
1 0.26953125 0.537109375 0.0791015625 0.1416015625
1 0.326171875 0.5166015625 0.052734375 0.103515625
1 0.333984375 0.5126953125 0.0615234375 0.10546875
1 0.4189453125 0.5146484375 0.0361328125 0.0478515625
1 0.607421875 0.51953125 0.0498046875 0.068359375
1 0.6064453125 0.5185546875 0.048828125 0.0634765625
1 0.666015625 0.53515625 0.0576171875 0.123046875
1 0.669921875 0.544921875 0.064453125 0.1201171875
1 0.7568359375 0.5439453125 0.1552734375 0.21484375
1 0.7763671875 0.54296875 0.1875 0.1865234375
1 0.9072265625 0.60546875 0.1845703125 0.3583984375