1 0.0078125 0.5107421875 0.015625 0.0615234375
1 0.080078125 0.490234375 0.0908203125 0.0830078125
1 0.16796875 0.4892578125 0.05859375 0.0654296875
7 0.3798828125 0.2841796875 0.0244140625 0.08203125
7 0.38671875 0.275390625 0.017578125 0.0615234375
1 0.5126953125 0.591796875 0.2666015625 0.3232421875
6 0.509765625 0.275390625 0.021484375 0.0615234375
6 0.642578125 0.2998046875 0.0263671875 0.0732421875
1 0.734375 0.470703125 0.0537109375 0.0380859375
1 0.8642578125 0.5576171875 0.26171875 0.388671875
6 0.7490234375 0.3818359375 0.0244140625 0.0703125
6 0.751953125 0.3779296875 0.0166015625 0.0498046875