1 0.1005859375 0.5078125 0.0537109375 0.0615234375
1 0.4501953125 0.509765625 0.0205078125 0.046875
1 0.4736328125 0.5087890625 0.0341796875 0.0478515625
1 0.533203125 0.490234375 0.0283203125 0.037109375
6 0.5654296875 0.3662109375 0.017578125 0.0498046875
5 0.5712890625 0.0263671875 0.029296875 0.052734375
6 0.6513671875 0.36328125 0.0146484375 0.0537109375
6 0.728515625 0.412109375 0.01953125 0.0546875
3 0.8037109375 0.080078125 0.03125 0.1162109375
1 0.8486328125 0.494140625 0.05859375 0.0546875
1 0.9169921875 0.4931640625 0.0830078125 0.0634765625
1 0.9775390625 0.49609375 0.037109375 0.0478515625