10 0.06354166666666666 0.48250000000000004 0.12708333333333333 0.18166666666666667
1 0.11458333333333333 0.5625 0.10625 0.11166666666666668
1 0.17864583333333334 0.4791666666666667 0.13020833333333334 0.12833333333333335
1 0.28541666666666665 0.625 0.2916666666666667 0.3466666666666667
1 0.38385416666666666 0.49750000000000005 0.15729166666666666 0.26166666666666666
1 0.43333333333333335 0.52 0.07708333333333334 0.26
1 0.5109375 0.5391666666666667 0.059375 0.085
1 0.53125 0.5333333333333333 0.029166666666666667 0.11
1 0.5739583333333333 0.5266666666666667 0.0875 0.16
1 0.6541666666666667 0.5575 0.175 0.18166666666666667
10 0.7479166666666667 0.4766666666666667 0.11041666666666666 0.19666666666666668
1 0.7536458333333333 0.48250000000000004 0.10729166666666666 0.18166666666666667