1 0.095703125 0.5380859375 0.1884765625 0.146484375
0 0.0478515625 0.5576171875 0.0927734375 0.171875
2 0.0869140625 0.546875 0.0205078125 0.0732421875
1 0.330078125 0.65234375 0.3291015625 0.4150390625
2 0.2041015625 0.498046875 0.0595703125 0.1201171875
7 0.2802734375 0.275390625 0.01953125 0.0615234375
0 0.330078125 0.4423828125 0.0625 0.0654296875
6 0.3896484375 0.287109375 0.017578125 0.0703125
1 0.5263671875 0.5361328125 0.1220703125 0.087890625
6 0.5625 0.408203125 0.0205078125 0.0634765625
0 0.67578125 0.53125 0.0615234375 0.0966796875
0 0.6611328125 0.5244140625 0.0283203125 0.0849609375
2 0.6962890625 0.482421875 0.021484375 0.044921875
2 0.7138671875 0.4775390625 0.017578125 0.0419921875
0 0.7861328125 0.5234375 0.0654296875 0.09375