1 0.29375 0.4966666666666667 0.04583333333333333 0.05333333333333334
1 0.296875 0.49583333333333335 0.0375 0.045000000000000005
1 0.3375 0.49333333333333335 0.03333333333333333 0.05666666666666667
1 0.4375 0.4841666666666667 0.025 0.055
1 0.4979166666666667 0.5016666666666667 0.09166666666666666 0.11666666666666667
4 0.5125 0.27416666666666667 0.01875 0.06833333333333334
4 0.6286458333333333 0.3775 0.019791666666666666 0.05166666666666667
4 0.6270833333333333 0.39666666666666667 0.0125 0.03666666666666667
1 0.8302083333333333 0.48583333333333334 0.09375 0.085
1 0.8135416666666666 0.49833333333333335 0.06041666666666667 0.07666666666666667
1 0.9208333333333333 0.48000000000000004 0.15416666666666667 0.13