1 0.05546875 0.5345833333333334 0.03697916666666667 0.03916666666666667
1 0.8716145833333333 0.5129166666666667 0.2557291666666667 0.18416666666666667
1 0.2421875 0.5116666666666667 0.10729166666666666 0.11
1 0.3125 0.5008333333333334 0.05416666666666667 0.06166666666666667
1 0.35260416666666666 0.49500000000000005 0.030208333333333334 0.05666666666666667
1 0.35 0.4941666666666667 0.025 0.045000000000000005
6 0.3921875 0.4166666666666667 0.013541666666666667 0.043333333333333335
1 0.4328125 0.48750000000000004 0.028125 0.035
4 0.4458333333333333 0.38083333333333336 0.014583333333333334 0.04166666666666667
4 0.5479166666666666 0.43333333333333335 0.01875 0.043333333333333335
4 0.5463541666666667 0.4391666666666667 0.013541666666666667 0.028333333333333335
4 0.5916666666666667 0.4241666666666667 0.014583333333333334 0.03833333333333334