1 0.626953125 0.4853515625 0.0556640625 0.044921875
1 0.0693359375 0.5185546875 0.138671875 0.15625
1 0.138671875 0.5048828125 0.044921875 0.04296875
1 0.2099609375 0.5029296875 0.041015625 0.05859375
1 0.2490234375 0.5 0.0341796875 0.04296875
1 0.2529296875 0.5009765625 0.037109375 0.0380859375
1 0.2998046875 0.4912109375 0.05078125 0.0546875
1 0.2978515625 0.4970703125 0.044921875 0.04296875
3 0.310546875 0.3125 0.015625 0.0419921875
1 0.3447265625 0.4912109375 0.033203125 0.0380859375
1 0.3486328125 0.4912109375 0.0361328125 0.03515625
4 0.388671875 0.3203125 0.0185546875 0.046875
4 0.392578125 0.3271484375 0.0185546875 0.0263671875
4 0.451171875 0.3173828125 0.0146484375 0.0419921875
4 0.453125 0.34765625 0.0185546875 0.0380859375
4 0.583984375 0.419921875 0.0146484375 0.0302734375
4 0.58984375 0.40234375 0.0185546875 0.044921875