1 0.084375 0.5358333333333334 0.058333333333333334 0.06833333333333334
2 0.07604166666666666 0.5291666666666667 0.022916666666666665 0.10166666666666667
1 0.14583333333333334 0.5408333333333334 0.07916666666666666 0.07500000000000001
1 0.14895833333333333 0.5391666666666667 0.075 0.06833333333333334
1 0.22760416666666666 0.5383333333333333 0.051041666666666666 0.06666666666666667
2 0.22447916666666667 0.5366666666666667 0.03229166666666666 0.15333333333333335
2 0.221875 0.5333333333333333 0.027083333333333334 0.14
2 0.25625 0.525 0.03333333333333333 0.15333333333333335
1 0.28125 0.5391666666666667 0.025 0.058333333333333334
0 0.3796875 0.5375000000000001 0.02395833333333333 0.06833333333333334
2 0.37916666666666665 0.5375000000000001 0.016666666666666666 0.05166666666666667
2 0.38385416666666666 0.5391666666666667 0.013541666666666667 0.05166666666666667
2 0.4973958333333333 0.5225000000000001 0.046875 0.16166666666666668
1 0.4984375 0.5266666666666667 0.036458333333333336 0.15666666666666668
1 0.5546875 0.5425 0.057291666666666664 0.06833333333333334
1 0.6244791666666667 0.55 0.10520833333333333 0.08333333333333334
1 0.6197916666666666 0.5491666666666667 0.08958333333333333 0.08166666666666667
1 0.6994791666666667 0.5691666666666667 0.040625 0.12833333333333335
1 0.81875 0.5291666666666667 0.19791666666666666 0.12166666666666667
1 0.8630208333333333 0.6166666666666667 0.26979166666666665 0.4033333333333334