1 0.30442708333333335 0.49500000000000005 0.0765625 0.06333333333333334
1 0.7244791666666667 0.4866666666666667 0.12604166666666666 0.08666666666666667
10 0.06302083333333333 0.38 0.125 0.33
10 0.06979166666666667 0.38 0.13854166666666667 0.2966666666666667
1 0.04895833333333333 0.5375000000000001 0.096875 0.19166666666666668
1 0.1953125 0.5275000000000001 0.196875 0.21500000000000002
5 0.25416666666666665 0.335 0.01875 0.05
1 0.4828125 0.6533333333333333 0.3885416666666667 0.4766666666666667
5 0.3078125 0.3383333333333334 0.019791666666666666 0.05
6 0.3911458333333333 0.33333333333333337 0.017708333333333333 0.04666666666666667
6 0.44687499999999997 0.34 0.01875 0.04666666666666667
6 0.5703125 0.4058333333333334 0.017708333333333333 0.045000000000000005
1 0.8635416666666667 0.48250000000000004 0.175 0.135