2 0.4083333333333333 0.5608333333333334 0.014583333333333334 0.058333333333333334
2 0.42421875 0.55625 0.0140625 0.0625
1 0.253125 0.5758333333333334 0.052083333333333336 0.055
2 0.25364583333333335 0.5758333333333334 0.042708333333333334 0.055
2 0.4348958333333333 0.5583333333333333 0.017708333333333333 0.07
2 0.5010416666666666 0.545 0.01875 0.12000000000000001
2 0.5010416666666666 0.5525 0.016666666666666666 0.11833333333333335
2 0.5255208333333333 0.5425 0.02395833333333333 0.10833333333333334
2 0.5265625 0.545 0.019791666666666666 0.11333333333333334
2 0.5541666666666667 0.5408333333333334 0.03125 0.14500000000000002
2 0.5546875 0.5416666666666667 0.026041666666666668 0.14