1 0.9306640625 0.7705078125 0.1376953125 0.45703125
1 0.1162109375 0.5712890625 0.1630859375 0.1513671875
1 0.1142578125 0.5595703125 0.158203125 0.15625
1 0.2880859375 0.5390625 0.0517578125 0.05859375
1 0.2880859375 0.5380859375 0.044921875 0.0537109375
1 0.3271484375 0.5234375 0.0302734375 0.0400390625
1 0.330078125 0.5244140625 0.03125 0.0380859375
1 0.4208984375 0.5068359375 0.0302734375 0.037109375
0 0.4541015625 0.521484375 0.0205078125 0.0595703125
0 0.4541015625 0.51953125 0.0146484375 0.0615234375
1 0.513671875 0.5166015625 0.04296875 0.046875
1 0.583984375 0.5029296875 0.09375 0.0595703125
1 0.6787109375 0.5068359375 0.072265625 0.0771484375