1 0.83203125 0.640625 0.33203125 0.3515625
10 0.1083984375 0.5498046875 0.154296875 0.1767578125
1 0.1103515625 0.5517578125 0.1455078125 0.1767578125
1 0.2802734375 0.5390625 0.06640625 0.0751953125
1 0.279296875 0.5390625 0.0634765625 0.0751953125
1 0.33203125 0.5361328125 0.0341796875 0.044921875
1 0.3330078125 0.537109375 0.029296875 0.044921875
1 0.42578125 0.517578125 0.02734375 0.03125
0 0.4580078125 0.5224609375 0.01171875 0.0478515625
1 0.5458984375 0.55078125 0.0615234375 0.1083984375
1 0.626953125 0.5703125 0.134765625 0.16015625
1 0.6328125 0.5771484375 0.13671875 0.1748046875