1 0.0302734375 0.5673828125 0.0595703125 0.220703125
2 0.0234375 0.525390625 0.021484375 0.068359375
1 0.119140625 0.53125 0.15234375 0.1669921875
1 0.25 0.5107421875 0.1142578125 0.0712890625
1 0.3173828125 0.51171875 0.0361328125 0.056640625
1 0.33203125 0.5029296875 0.05859375 0.0595703125
1 0.3291015625 0.5078125 0.03515625 0.05859375
1 0.4091796875 0.5 0.060546875 0.0830078125
1 0.4892578125 0.509765625 0.09375 0.0830078125
1 0.552734375 0.5087890625 0.03515625 0.056640625
1 0.583984375 0.5166015625 0.0263671875 0.0732421875
1 0.607421875 0.521484375 0.0458984375 0.1630859375
1 0.70703125 0.51171875 0.23046875 0.20703125
1 0.69921875 0.5146484375 0.185546875 0.20703125
1 0.8212890625 0.544921875 0.3056640625 0.216796875