1 0.6044921875 0.53125 0.12109375 0.0849609375
10 0.0576171875 0.5166015625 0.11328125 0.11328125
1 0.0908203125 0.5830078125 0.126953125 0.1796875
1 0.2919921875 0.595703125 0.314453125 0.421875
3 0.31640625 0.333984375 0.01953125 0.05859375
6 0.4140625 0.326171875 0.0244140625 0.0546875
6 0.416015625 0.337890625 0.0166015625 0.0546875
1 0.4970703125 0.5126953125 0.041015625 0.03125
6 0.4921875 0.3291015625 0.0244140625 0.068359375
1 0.5 0.51953125 0.03515625 0.044921875
6 0.4931640625 0.328125 0.0166015625 0.046875
10 0.521484375 0.50390625 0.029296875 0.0419921875
1 0.6298828125 0.54296875 0.0458984375 0.1162109375
1 0.7978515625 0.6279296875 0.3740234375 0.3583984375
6 0.6787109375 0.42578125 0.0185546875 0.0546875
1 0.9423828125 0.51953125 0.080078125 0.0595703125
6 0.9345703125 0.2578125 0.0537109375 0.1552734375
2 0.958984375 0.5234375 0.0263671875 0.06640625