1 0.080078125 0.556640625 0.052734375 0.0537109375
1 0.15234375 0.5576171875 0.0986328125 0.1162109375
1 0.2255859375 0.5419921875 0.0556640625 0.080078125
2 0.2705078125 0.53515625 0.0166015625 0.0634765625
1 0.3330078125 0.5322265625 0.0537109375 0.068359375
1 0.3798828125 0.541015625 0.072265625 0.0947265625
7 0.4326171875 0.3720703125 0.013671875 0.03515625
4 0.5068359375 0.3662109375 0.0126953125 0.044921875
1 0.5703125 0.533203125 0.072265625 0.056640625
4 0.56640625 0.3837890625 0.015625 0.044921875
4 0.7138671875 0.4189453125 0.0126953125 0.0419921875