1 0.119140625 0.603515625 0.23828125 0.3037109375
1 0.326171875 0.5419921875 0.03515625 0.080078125
1 0.330078125 0.5439453125 0.02734375 0.0947265625
1 0.380859375 0.546875 0.12109375 0.1669921875
1 0.576171875 0.50390625 0.03125 0.0517578125
1 0.5966796875 0.5126953125 0.025390625 0.0517578125
1 0.619140625 0.5048828125 0.0439453125 0.0966796875
10 0.6298828125 0.5048828125 0.0556640625 0.080078125
1 0.666015625 0.517578125 0.056640625 0.0751953125
1 0.734375 0.5205078125 0.06640625 0.087890625
1 0.8173828125 0.5302734375 0.1162109375 0.1298828125