10 0.2557291666666667 0.5341666666666667 0.057291666666666664 0.07500000000000001
5 0.2734375 0.5166666666666667 0.013541666666666667 0.05666666666666667
1 0.3260416666666667 0.5650000000000001 0.08541666666666667 0.08666666666666667
1 0.34375 0.5441666666666667 0.06875 0.085
1 0.346875 0.5375000000000001 0.05 0.06833333333333334
4 0.3885416666666667 0.4791666666666667 0.0125 0.03833333333333334
1 0.45677083333333335 0.55 0.053125 0.07
3 0.49114583333333334 0.4058333333333334 0.009375 0.03166666666666667
1 0.5052083333333334 0.5358333333333334 0.025 0.05166666666666667
1 0.5276041666666667 0.5441666666666667 0.028125 0.058333333333333334
1 0.5645833333333333 0.555 0.07291666666666667 0.08
1 0.5666666666666667 0.5516666666666667 0.05625 0.07
1 0.6755208333333333 0.5741666666666667 0.153125 0.14833333333333334
4 0.6385416666666667 0.43750000000000006 0.01875 0.04833333333333334
4 0.6364583333333333 0.4341666666666667 0.0125 0.035