2 0.4739583333333333 0.49333333333333335 0.010416666666666666 0.05666666666666667
1 0.4875 0.5016666666666667 0.014583333333333334 0.05666666666666667
1 0.5130208333333334 0.49750000000000005 0.036458333333333336 0.085
1 0.53125 0.5016666666666667 0.03958333333333333 0.07333333333333333
1 0.11927083333333333 0.5341666666666667 0.146875 0.09833333333333334
2 0.19635416666666666 0.6191666666666668 0.06770833333333333 0.45833333333333337
2 0.2359375 0.625 0.11770833333333333 0.5433333333333333
1 0.28541666666666665 0.5166666666666667 0.07083333333333333 0.09000000000000001
1 0.4114583333333333 0.5058333333333334 0.05416666666666667 0.07833333333333334
2 0.7057291666666666 0.46416666666666667 0.028125 0.06166666666666667
2 0.7135416666666666 0.5191666666666667 0.04375 0.09833333333333334
2 0.7354166666666666 0.5083333333333334 0.04583333333333333 0.16
2 0.7682291666666666 0.4966666666666667 0.026041666666666668 0.14666666666666667
2 0.8130208333333333 0.5075000000000001 0.040625 0.135
2 0.84375 0.48333333333333334 0.035416666666666666 0.09333333333333334
2 0.8953125 0.4716666666666667 0.03854166666666667 0.09666666666666668
2 0.9369791666666667 0.525 0.03229166666666666 0.11333333333333334
2 0.965625 0.5025000000000001 0.04791666666666666 0.15166666666666667