1 0.1572265625 0.4990234375 0.041015625 0.05859375
1 0.2080078125 0.5 0.0478515625 0.04296875
1 0.208984375 0.4990234375 0.037109375 0.0380859375
1 0.263671875 0.4912109375 0.064453125 0.0849609375
1 0.26953125 0.494140625 0.05859375 0.0751953125
3 0.27734375 0.27734375 0.01953125 0.0546875
1 0.3232421875 0.490234375 0.0361328125 0.04296875
1 0.32421875 0.4892578125 0.0361328125 0.03515625
4 0.3681640625 0.28125 0.01953125 0.0498046875
4 0.3720703125 0.2978515625 0.0185546875 0.0263671875
4 0.447265625 0.310546875 0.0185546875 0.0380859375
4 0.4462890625 0.2978515625 0.0146484375 0.0419921875
1 0.5869140625 0.48828125 0.03125 0.056640625
4 0.595703125 0.400390625 0.0146484375 0.0302734375
4 0.599609375 0.390625 0.0185546875 0.044921875
1 0.640625 0.4794921875 0.0751953125 0.0517578125