10 0.0576171875 0.4736328125 0.1142578125 0.18359375
10 0.1787109375 0.5087890625 0.138671875 0.171875
1 0.185546875 0.4814453125 0.1337890625 0.0966796875
1 0.208984375 0.5595703125 0.1201171875 0.1279296875
1 0.3486328125 0.5771484375 0.166015625 0.205078125
1 0.404296875 0.5 0.095703125 0.16015625
10 0.4130859375 0.529296875 0.099609375 0.1552734375
1 0.509765625 0.537109375 0.060546875 0.080078125
1 0.5849609375 0.5341796875 0.1005859375 0.1416015625
1 0.6611328125 0.5654296875 0.16796875 0.15625
1 0.75390625 0.484375 0.095703125 0.1845703125
10 0.76171875 0.501953125 0.1005859375 0.1796875