1 0.3037109375 0.5283203125 0.037109375 0.0458984375
1 0.283203125 0.537109375 0.0380859375 0.0517578125
1 0.2412109375 0.5400390625 0.064453125 0.0634765625
1 0.1806640625 0.556640625 0.08203125 0.08984375
3 0.0166015625 0.3583984375 0.0302734375 0.099609375
2 0.0341796875 0.560546875 0.0322265625 0.125
1 0.4873046875 0.5322265625 0.337890625 0.21875
3 0.51953125 0.3173828125 0.03515625 0.10546875
2 0.6787109375 0.501953125 0.087890625 0.13671875
2 0.67578125 0.5009765625 0.025390625 0.1181640625
2 0.8662109375 0.48046875 0.0478515625 0.1484375