1 0.06770833333333333 0.6216666666666667 0.13541666666666666 0.36333333333333334
1 0.3302083333333333 0.655 0.325 0.4066666666666667
1 0.19322916666666667 0.5325000000000001 0.03854166666666667 0.065
3 0.27708333333333335 0.28 0.025 0.06666666666666667
3 0.3890625 0.28583333333333333 0.02395833333333333 0.07500000000000001
3 0.5635416666666666 0.41500000000000004 0.027083333333333334 0.07666666666666667
2 0.5598958333333334 0.5208333333333334 0.019791666666666666 0.07833333333333334
2 0.5776041666666667 0.5208333333333334 0.017708333333333333 0.08166666666666667
2 0.5916666666666667 0.5233333333333333 0.01875 0.08333333333333334
2 0.6088541666666667 0.5241666666666667 0.02395833333333333 0.09166666666666667
0 0.6302083333333334 0.5308333333333334 0.03333333333333333 0.09166666666666667
0 0.6541666666666667 0.5275000000000001 0.03333333333333333 0.09166666666666667
2 0.6869791666666667 0.5241666666666667 0.021875 0.08833333333333333
2 0.7010416666666667 0.5283333333333333 0.025 0.08666666666666667
2 0.725 0.5216666666666667 0.020833333333333332 0.08666666666666667
2 0.7708333333333334 0.52 0.027083333333333334 0.11666666666666667
1 0.9510416666666667 0.5233333333333333 0.09375 0.08333333333333334