1 0.08020833333333333 0.6025 0.159375 0.24833333333333335
6 0.15260416666666665 0.4441666666666667 0.017708333333333333 0.04166666666666667
1 0.20260416666666667 0.545 0.07604166666666666 0.08
1 0.19947916666666665 0.5 0.05520833333333333 0.05666666666666667
1 0.20833333333333334 0.5416666666666667 0.07291666666666667 0.07
1 0.2864583333333333 0.5366666666666667 0.08333333333333333 0.10333333333333335
1 0.2875 0.5366666666666667 0.08541666666666667 0.09666666666666668
7 0.3609375 0.3775 0.015625 0.04833333333333334
6 0.36354166666666665 0.3716666666666667 0.014583333333333334 0.03666666666666667
4 0.42916666666666664 0.37583333333333335 0.020833333333333332 0.04833333333333334
4 0.4302083333333333 0.38833333333333336 0.01875 0.030000000000000002
4 0.5296875 0.4466666666666667 0.02395833333333333 0.05
4 0.53125 0.45833333333333337 0.014583333333333334 0.03333333333333333
4 0.6046875 0.4008333333333334 0.019791666666666666 0.055
4 0.603125 0.4133333333333334 0.014583333333333334 0.030000000000000002
1 0.6515625 0.5041666666666667 0.08229166666666667 0.05166666666666667
1 0.6489583333333333 0.5008333333333334 0.075 0.058333333333333334
1 0.7078125 0.5033333333333334 0.03854166666666667 0.04666666666666667
1 0.7130208333333333 0.49833333333333335 0.04479166666666667 0.03666666666666667
1 0.7682291666666666 0.5033333333333334 0.04479166666666667 0.05333333333333334
1 0.7885416666666667 0.49333333333333335 0.06875 0.05
1 0.8286458333333333 0.5 0.090625 0.05333333333333334
1 0.834375 0.49583333333333335 0.08541666666666667 0.04166666666666667
1 0.9046875 0.49250000000000005 0.053125 0.045000000000000005