3 0.0609375 0.07083333333333333 0.096875 0.14166666666666666
1 0.45 0.5016666666666667 0.020833333333333332 0.04666666666666667
1 0.4744791666666667 0.5025000000000001 0.034375 0.04833333333333334
1 0.5432291666666667 0.4991666666666667 0.11979166666666667 0.06833333333333334
6 0.5645833333333333 0.3641666666666667 0.016666666666666666 0.04833333333333334
3 0.5708333333333333 0.025833333333333337 0.027083333333333334 0.05166666666666667
6 0.6526041666666667 0.35833333333333334 0.015625 0.05666666666666667
6 0.728125 0.4141666666666667 0.016666666666666666 0.05166666666666667
6 0.8010416666666667 0.07916666666666668 0.029166666666666667 0.10833333333333334
1 0.8619791666666666 0.4891666666666667 0.071875 0.055
1 0.8505208333333333 0.48750000000000004 0.03854166666666667 0.058333333333333334
1 0.8890625 0.48333333333333334 0.04895833333333333 0.04666666666666667
1 0.9213541666666667 0.4866666666666667 0.103125 0.05666666666666667