1 0.030729166666666665 0.5666666666666667 0.06145833333333333 0.2066666666666667
1 0.0359375 0.5900000000000001 0.071875 0.19333333333333336
1 0.08697916666666666 0.5575 0.09479166666666666 0.195
1 0.1125 0.535 0.07291666666666667 0.1366666666666667
1 0.12395833333333334 0.5308333333333334 0.052083333333333336 0.14166666666666666
1 0.1734375 0.5408333333333334 0.084375 0.14500000000000002
1 0.17864583333333334 0.5366666666666667 0.08854166666666667 0.12000000000000001
2 0.23072916666666665 0.5075000000000001 0.03229166666666666 0.14500000000000002
2 0.23020833333333332 0.5058333333333334 0.025 0.14166666666666666
1 0.2984375 0.5216666666666667 0.10104166666666667 0.07333333333333333
2 0.26145833333333335 0.5091666666666667 0.025 0.13166666666666668
2 0.26145833333333335 0.5091666666666667 0.022916666666666665 0.11166666666666668
1 0.2989583333333333 0.5225000000000001 0.09375 0.07833333333333334
1 0.33489583333333334 0.5075000000000001 0.06354166666666666 0.06833333333333334
1 0.35833333333333334 0.5075000000000001 0.10208333333333333 0.07833333333333334
10 0.35104166666666664 0.515 0.022916666666666665 0.08
10 0.3765625 0.5075000000000001 0.06770833333333333 0.07833333333333334
10 0.44895833333333335 0.48000000000000004 0.05625 0.12333333333333334
10 0.453125 0.48250000000000004 0.05625 0.12166666666666667
1 0.5109375 0.5191666666666667 0.04479166666666667 0.058333333333333334
1 0.5130208333333334 0.5216666666666667 0.046875 0.060000000000000005
10 0.5197916666666667 0.455 0.058333333333333334 0.08666666666666667
10 0.5171875 0.4766666666666667 0.053125 0.12666666666666668
2 0.5953125 0.5533333333333333 0.057291666666666664 0.3566666666666667
2 0.6484375 0.55 0.071875 0.3566666666666667
2 0.6682291666666667 0.5 0.028125 0.13333333333333333