1 0.1767578125 0.59765625 0.2333984375 0.2587890625
1 0.1494140625 0.544921875 0.1259765625 0.1201171875
1 0.345703125 0.5947265625 0.10546875 0.1533203125
1 0.4130859375 0.5849609375 0.0439453125 0.0966796875
1 0.45703125 0.525390625 0.064453125 0.1728515625
1 0.5009765625 0.5546875 0.072265625 0.1201171875
1 0.5048828125 0.5576171875 0.05859375 0.087890625
1 0.54296875 0.53515625 0.0400390625 0.0966796875
2 0.564453125 0.5390625 0.029296875 0.1484375
2 0.5908203125 0.5458984375 0.0244140625 0.162109375
2 0.5908203125 0.5419921875 0.0185546875 0.146484375
2 0.611328125 0.560546875 0.03125 0.1884765625
2 0.607421875 0.5458984375 0.0166015625 0.158203125
1 0.7255859375 0.5654296875 0.1357421875 0.1513671875
10 0.7880859375 0.4873046875 0.1005859375 0.1220703125
10 0.794921875 0.48046875 0.109375 0.123046875
10 0.908203125 0.4375 0.1806640625 0.875
1 0.9111328125 0.388671875 0.1728515625 0.7763671875