1 0.1279296875 0.513671875 0.1396484375 0.10546875
1 0.2275390625 0.5009765625 0.0458984375 0.068359375
1 0.28515625 0.4990234375 0.0654296875 0.078125
1 0.33203125 0.49609375 0.05078125 0.05859375
3 0.3662109375 0.2333984375 0.0263671875 0.0634765625
1 0.40234375 0.4912109375 0.0302734375 0.037109375
1 0.4931640625 0.4912109375 0.0322265625 0.0380859375
1 0.5615234375 0.5048828125 0.0576171875 0.0537109375
4 0.556640625 0.2626953125 0.0263671875 0.068359375
4 0.689453125 0.3818359375 0.033203125 0.0498046875
1 0.83984375 0.587890625 0.318359375 0.3212890625