1 0.9260416666666667 0.47375 0.146875 0.17083333333333334
1 0.8236979166666667 0.49083333333333334 0.17864583333333334 0.14333333333333334
1 0.04010416666666666 0.5533333333333333 0.07916666666666666 0.21333333333333335
1 0.1640625 0.52 0.042708333333333334 0.07333333333333333
1 0.20364583333333333 0.5108333333333334 0.036458333333333336 0.06833333333333334
1 0.234375 0.5133333333333334 0.058333333333333334 0.07333333333333333
1 0.3072916666666667 0.5025000000000001 0.13125 0.095
1 0.45468749999999997 0.505 0.103125 0.09000000000000001
1 0.4953125 0.49583333333333335 0.078125 0.07833333333333334
1 0.5854166666666667 0.48500000000000004 0.17291666666666666 0.11666666666666667
1 0.6145833333333334 0.48833333333333334 0.06458333333333333 0.08333333333333334
1 0.6307291666666667 0.48833333333333334 0.09479166666666666 0.12333333333333334
1 0.6973958333333333 0.48750000000000004 0.14895833333333333 0.09833333333333334
1 0.7067708333333333 0.4916666666666667 0.16145833333333334 0.12333333333333334