1 0.296875 0.5425 0.03333333333333333 0.04166666666666667
1 0.34322916666666664 0.535 0.03229166666666666 0.04666666666666667
1 0.4276041666666667 0.5333333333333333 0.03229166666666666 0.07
1 0.4671875 0.5675 0.11145833333333333 0.13833333333333334
1 0.553125 0.5208333333333334 0.041666666666666664 0.06833333333333334
10 0.5489583333333333 0.525 0.03125 0.05
1 0.646875 0.5433333333333333 0.0625 0.07
2 0.678125 0.5358333333333334 0.01875 0.06833333333333334
2 0.6854166666666667 0.5333333333333333 0.014583333333333334 0.07
2 0.6994791666666667 0.5333333333333333 0.015625 0.06666666666666667
2 0.7005208333333334 0.535 0.017708333333333333 0.06666666666666667
1 0.9005208333333333 0.5416666666666667 0.08645833333333333 0.06333333333333334
1 0.8994791666666666 0.5416666666666667 0.08020833333333333 0.043333333333333335