1 0.11562499999999999 0.5058333333333334 0.03125 0.03166666666666667
6 0.15 0.4133333333333334 0.01875 0.05
1 0.17239583333333333 0.51 0.036458333333333336 0.03666666666666667
4 0.196875 0.4216666666666667 0.01875 0.03666666666666667
4 0.265625 0.465 0.014583333333333334 0.04
1 0.3015625 0.49583333333333335 0.036458333333333336 0.065
1 0.3302083333333333 0.5083333333333334 0.03958333333333333 0.07333333333333333
1 0.33125 0.49333333333333335 0.035416666666666666 0.05
1 0.37083333333333335 0.5 0.05 0.07333333333333333
4 0.4552083333333333 0.4441666666666667 0.01875 0.03833333333333334
4 0.45677083333333335 0.44083333333333335 0.011458333333333333 0.028333333333333335
1 0.5182291666666666 0.5016666666666667 0.06770833333333333 0.09666666666666668
1 0.5802083333333333 0.5175000000000001 0.04791666666666666 0.085
1 0.5854166666666667 0.5166666666666667 0.05625 0.09333333333333334
1 0.6385416666666667 0.5316666666666667 0.075 0.11666666666666667
1 0.6354166666666666 0.5283333333333333 0.05625 0.14666666666666667
1 0.7239583333333334 0.5516666666666667 0.1625 0.15000000000000002
1 0.7302083333333333 0.5675 0.15625 0.18833333333333335
1 0.8354166666666667 0.4791666666666667 0.12708333333333333 0.085