1 0.1298828125 0.5400390625 0.0810546875 0.056640625
1 0.1328125 0.5390625 0.083984375 0.0478515625
1 0.337890625 0.5322265625 0.0654296875 0.0478515625
7 0.3232421875 0.4521484375 0.0126953125 0.0380859375
1 0.4130859375 0.521484375 0.0361328125 0.0400390625
1 0.4130859375 0.51953125 0.0283203125 0.03515625
1 0.439453125 0.525390625 0.0419921875 0.04296875
1 0.537109375 0.505859375 0.080078125 0.134765625
10 0.5341796875 0.5068359375 0.064453125 0.126953125
7 0.5498046875 0.375 0.0126953125 0.033203125
1 0.5751953125 0.513671875 0.037109375 0.0595703125
4 0.61328125 0.3720703125 0.015625 0.04296875
1 0.6435546875 0.5107421875 0.037109375 0.044921875
1 0.7080078125 0.51171875 0.03125 0.04296875
4 0.7333984375 0.40625 0.0263671875 0.0712890625
1 0.7724609375 0.5107421875 0.0947265625 0.05859375