1 0.9091796875 0.603515625 0.1796875 0.279296875
1 0.1650390625 0.5908203125 0.3173828125 0.3017578125
1 0.3193359375 0.515625 0.0634765625 0.0849609375
1 0.37109375 0.5078125 0.044921875 0.0546875
1 0.37109375 0.51171875 0.0380859375 0.0595703125
1 0.4033203125 0.498046875 0.021484375 0.0498046875
1 0.5751953125 0.4951171875 0.025390625 0.0537109375
1 0.59375 0.5029296875 0.0185546875 0.0478515625
1 0.630859375 0.51171875 0.0654296875 0.0732421875
1 0.625 0.51171875 0.0419921875 0.0830078125
1 0.6982421875 0.529296875 0.119140625 0.1318359375
1 0.7021484375 0.52734375 0.123046875 0.1015625