1 0.9354166666666667 0.4966666666666667 0.10833333333333334 0.07500000000000001
1 0.8395833333333333 0.5083333333333334 0.128125 0.08666666666666667
1 0.11562499999999999 0.5366666666666667 0.15625 0.10333333333333335
1 0.12291666666666666 0.5366666666666667 0.14375 0.08333333333333334
1 0.20781249999999998 0.5266666666666667 0.09270833333333334 0.06333333333333334
1 0.22343749999999998 0.5475 0.06354166666666666 0.09166666666666667
1 0.2630208333333333 0.5241666666666667 0.021875 0.055
1 0.4119791666666667 0.5058333333333334 0.121875 0.06166666666666667
6 0.5677083333333334 0.42750000000000005 0.016666666666666666 0.045000000000000005
1 0.6942708333333333 0.5783333333333334 0.19895833333333332 0.21666666666666667
1 0.9770833333333333 0.6000000000000001 0.041666666666666664 0.20333333333333334