1 0.9145833333333333 0.6191666666666668 0.16979166666666667 0.49333333333333335
1 0.06041666666666667 0.5808333333333334 0.11979166666666667 0.3816666666666667
1 0.28125 0.5 0.04583333333333333 0.05
1 0.2817708333333333 0.5016666666666667 0.046875 0.05333333333333334
1 0.3223958333333333 0.49833333333333335 0.040625 0.043333333333333335
1 0.3541666666666667 0.4916666666666667 0.029166666666666667 0.04666666666666667
1 0.41302083333333334 0.49333333333333335 0.057291666666666664 0.07666666666666667
1 0.440625 0.49000000000000005 0.035416666666666666 0.05
1 0.5427083333333333 0.49000000000000005 0.03958333333333333 0.04666666666666667
1 0.6005208333333333 0.505 0.06354166666666666 0.08
1 0.771875 0.5258333333333334 0.21875 0.265
1 0.7744791666666666 0.5233333333333333 0.20520833333333333 0.2566666666666667