1 0.07682291666666667 0.6216666666666667 0.15260416666666665 0.3466666666666667
1 0.1546875 0.5758333333333334 0.036458333333333336 0.095
1 0.2109375 0.5591666666666667 0.084375 0.10166666666666667
2 0.24583333333333332 0.5158333333333334 0.010416666666666666 0.025
1 0.2682291666666667 0.555 0.03854166666666667 0.07666666666666667
1 0.30052083333333335 0.5425 0.028125 0.058333333333333334
1 0.31354166666666666 0.5266666666666667 0.016666666666666666 0.07333333333333333
1 0.36875 0.5375000000000001 0.052083333333333336 0.07166666666666667
1 0.41041666666666665 0.5175000000000001 0.022916666666666665 0.03166666666666667
1 0.49895833333333334 0.5208333333333334 0.035416666666666666 0.07500000000000001
1 0.5453125 0.5541666666666667 0.030208333333333334 0.12833333333333335
1 0.575 0.5616666666666666 0.052083333333333336 0.18000000000000002
1 0.7135416666666666 0.5875 0.28125 0.34833333333333333