1 0.8681640625 0.595703125 0.2626953125 0.2998046875
1 0.13671875 0.51171875 0.08203125 0.080078125
1 0.13671875 0.5068359375 0.0771484375 0.0732421875
1 0.23046875 0.5029296875 0.0732421875 0.0634765625
1 0.232421875 0.501953125 0.0615234375 0.0595703125
1 0.3095703125 0.494140625 0.0322265625 0.044921875
1 0.3134765625 0.4912109375 0.0322265625 0.044921875
1 0.4091796875 0.490234375 0.0576171875 0.0771484375
1 0.5615234375 0.5029296875 0.048828125 0.068359375
1 0.6220703125 0.4833984375 0.083984375 0.0595703125
1 0.724609375 0.5634765625 0.146484375 0.18359375
1 0.7236328125 0.5556640625 0.1201171875 0.1650390625