1 0.2046875 0.6408333333333334 0.40729166666666666 0.3716666666666667
2 0.34375 0.49250000000000005 0.027083333333333334 0.06166666666666667
2 0.4041666666666667 0.5291666666666667 0.03958333333333333 0.135
1 0.434375 0.5208333333333334 0.05416666666666667 0.065
2 0.4354166666666667 0.5191666666666667 0.025 0.125
2 0.4765625 0.5233333333333333 0.036458333333333336 0.14666666666666667
2 0.5208333333333334 0.5108333333333334 0.022916666666666665 0.095
2 0.5192708333333333 0.5008333333333334 0.015625 0.07833333333333334
2 0.5380208333333333 0.5083333333333334 0.017708333333333333 0.10333333333333335
3 0.5817708333333333 0.3075 0.028125 0.09166666666666667
2 0.9010416666666666 0.4808333333333334 0.035416666666666666 0.13833333333333334
2 0.9026041666666667 0.4783333333333334 0.026041666666666668 0.14333333333333334
2 0.9458333333333333 0.4816666666666667 0.03333333333333333 0.14333333333333334
2 0.984375 0.4808333333333334 0.029166666666666667 0.15833333333333335
2 0.9848958333333333 0.4716666666666667 0.021875 0.14