10 0.16458333333333333 0.5083333333333334 0.11041666666666666 0.11333333333333334
1 0.19270833333333334 0.5375000000000001 0.05 0.058333333333333334
1 0.2015625 0.5375000000000001 0.05520833333333333 0.065
1 0.2625 0.5441666666666667 0.1 0.11166666666666668
1 0.3265625 0.5275000000000001 0.030208333333333334 0.035
1 0.325 0.5291666666666667 0.025 0.028333333333333335
1 0.3932291666666667 0.5458333333333334 0.084375 0.11166666666666668
7 0.365625 0.3175 0.014583333333333334 0.045000000000000005
10 0.5026041666666666 0.4766666666666667 0.11145833333333333 0.09333333333333334
6 0.4578125 0.3358333333333334 0.015625 0.04833333333333334
6 0.4578125 0.33666666666666667 0.013541666666666667 0.04666666666666667
1 0.5875 0.5283333333333333 0.13125 0.18000000000000002
1 0.571875 0.5266666666666667 0.08125 0.17666666666666667
6 0.5817708333333333 0.4141666666666667 0.011458333333333333 0.025
6 0.584375 0.4116666666666667 0.010416666666666666 0.023333333333333334
1 0.7166666666666667 0.5766666666666667 0.225 0.2566666666666667
6 0.7760416666666666 0.3075 0.022916666666666665 0.07833333333333334
6 0.778125 0.3116666666666667 0.020833333333333332 0.09000000000000001
2 0.8916666666666666 0.505 0.03958333333333333 0.12666666666666668
2 0.8911458333333333 0.5058333333333334 0.03854166666666667 0.115