1 0.8677083333333333 0.6758333333333334 0.2635416666666667 0.6466666666666667
1 0.15677083333333333 0.5475 0.053125 0.06166666666666667
1 0.20572916666666666 0.5441666666666667 0.046875 0.055
2 0.20729166666666665 0.5483333333333333 0.014583333333333334 0.08
1 0.3614583333333333 0.54 0.03333333333333333 0.04
1 0.3848958333333333 0.5266666666666667 0.028125 0.03666666666666667
1 0.4942708333333333 0.5366666666666667 0.03854166666666667 0.07666666666666667
1 0.5359375 0.5575 0.078125 0.11166666666666668
1 0.6026041666666666 0.5800000000000001 0.11145833333333333 0.17666666666666667
1 0.5916666666666667 0.5816666666666667 0.07916666666666666 0.15666666666666668
1 0.6869791666666667 0.61 0.209375 0.24333333333333335