1 0.94375 0.5683333333333334 0.11145833333333333 0.135
1 0.13177083333333334 0.5425 0.07395833333333333 0.07833333333333334
1 0.134375 0.5466666666666667 0.06458333333333333 0.06333333333333334
1 0.17708333333333334 0.545 0.03333333333333333 0.043333333333333335
1 0.23697916666666666 0.5425 0.03854166666666667 0.045000000000000005
7 0.240625 0.2225 0.022916666666666665 0.10166666666666667
6 0.24583333333333332 0.21333333333333335 0.01875 0.043333333333333335
4 0.3880208333333333 0.22833333333333336 0.019791666666666666 0.07666666666666667
4 0.38958333333333334 0.24833333333333335 0.016666666666666666 0.03666666666666667
1 0.4067708333333333 0.5225000000000001 0.034375 0.045000000000000005
1 0.4401041666666667 0.52 0.026041666666666668 0.04
1 0.4947916666666667 0.5316666666666667 0.027083333333333334 0.05666666666666667
1 0.5364583333333334 0.5508333333333334 0.09375 0.10166666666666667
4 0.51875 0.24500000000000002 0.029166666666666667 0.07333333333333333
4 0.5177083333333333 0.26 0.01875 0.04
1 0.6192708333333333 0.5333333333333333 0.036458333333333336 0.07
1 0.6630208333333333 0.5358333333333334 0.053125 0.07833333333333334
1 0.6583333333333333 0.5383333333333333 0.041666666666666664 0.07666666666666667
1 0.7052083333333333 0.5391666666666667 0.08333333333333333 0.07166666666666667
1 0.7078125 0.5366666666666667 0.06770833333333333 0.06333333333333334
4 0.7697916666666667 0.41000000000000003 0.020833333333333332 0.03666666666666667
1 0.7713541666666667 0.39083333333333337 0.019791666666666666 0.07166666666666667
1 0.8520833333333333 0.5525 0.17916666666666667 0.15166666666666667