1 0.5595703125 0.5166015625 0.0302734375 0.0478515625
2 0.638671875 0.5048828125 0.0224609375 0.056640625
2 0.02734375 0.5439453125 0.015625 0.0712890625
2 0.044921875 0.5478515625 0.0146484375 0.056640625
2 0.048828125 0.5498046875 0.01171875 0.0771484375
7 0.0556640625 0.435546875 0.0166015625 0.0478515625
2 0.060546875 0.546875 0.013671875 0.0703125
2 0.0810546875 0.5380859375 0.0244140625 0.080078125
2 0.083984375 0.537109375 0.017578125 0.0712890625
2 0.0947265625 0.541015625 0.0166015625 0.0712890625
0 0.0986328125 0.5380859375 0.0166015625 0.06640625
2 0.140625 0.6044921875 0.068359375 0.4287109375
2 0.1435546875 0.5927734375 0.068359375 0.4345703125
1 0.171875 0.525390625 0.087890625 0.0732421875
10 0.1767578125 0.521484375 0.078125 0.0830078125
10 0.240234375 0.51171875 0.056640625 0.056640625
1 0.2451171875 0.515625 0.0625 0.05859375
1 0.2470703125 0.5322265625 0.0576171875 0.0478515625
2 0.28515625 0.513671875 0.0244140625 0.0732421875
10 0.3291015625 0.4814453125 0.099609375 0.146484375
2 0.4736328125 0.6064453125 0.1552734375 0.3798828125
7 0.4482421875 0.3203125 0.01953125 0.0537109375
1 0.501953125 0.51953125 0.0458984375 0.0615234375
1 0.501953125 0.515625 0.0380859375 0.0546875
6 0.51953125 0.32421875 0.021484375 0.068359375
6 0.65625 0.4072265625 0.0205078125 0.0615234375
1 0.880859375 0.5078125 0.169921875 0.0986328125