2 0.5947916666666666 0.5191666666666667 0.0125 0.05166666666666667
1 0.0296875 0.5833333333333334 0.058333333333333334 0.13
2 0.011458333333333333 0.5275000000000001 0.016666666666666666 0.07833333333333334
1 0.25 0.6808333333333334 0.35 0.4316666666666667
2 0.15052083333333333 0.5316666666666667 0.013541666666666667 0.05666666666666667
6 0.15885416666666666 0.39916666666666667 0.013541666666666667 0.045000000000000005
1 0.43697916666666664 0.5316666666666667 0.034375 0.05666666666666667
6 0.5145833333333333 0.37000000000000005 0.016666666666666666 0.05666666666666667
2 0.6484375 0.5308333333333334 0.021875 0.10166666666666667
2 0.7526041666666666 0.53 0.03229166666666666 0.21666666666666667
2 0.7916666666666666 0.5175000000000001 0.06875 0.25833333333333336
2 0.91875 0.5341666666666667 0.03333333333333333 0.18833333333333335