1 0.1064453125 0.5400390625 0.072265625 0.0634765625
1 0.0478515625 0.53125 0.0625 0.0419921875
1 0.0517578125 0.525390625 0.064453125 0.03515625
1 0.0595703125 0.505859375 0.048828125 0.03125
1 0.0673828125 0.513671875 0.0419921875 0.0400390625
1 0.099609375 0.5 0.0419921875 0.033203125
1 0.20703125 0.5234375 0.0478515625 0.0537109375
1 0.25390625 0.544921875 0.103515625 0.099609375
6 0.236328125 0.4541015625 0.017578125 0.0419921875
1 0.3095703125 0.513671875 0.0400390625 0.056640625
1 0.3115234375 0.5146484375 0.03125 0.0380859375
1 0.3564453125 0.5146484375 0.048828125 0.0634765625
1 0.3642578125 0.5087890625 0.0439453125 0.037109375
6 0.3828125 0.3955078125 0.013671875 0.03515625
4 0.431640625 0.4052734375 0.0185546875 0.0302734375
4 0.5087890625 0.4482421875 0.013671875 0.033203125
4 0.533203125 0.4384765625 0.0126953125 0.0302734375
1 0.576171875 0.4853515625 0.056640625 0.037109375
1 0.619140625 0.482421875 0.03125 0.0283203125
1 0.662109375 0.474609375 0.0400390625 0.0498046875