1 0.9502604166666666 0.5687500000000001 0.0984375 0.24250000000000002
1 0.07395833333333333 0.5475 0.146875 0.155
10 0.14791666666666667 0.49083333333333334 0.08125 0.055
1 0.15677083333333333 0.5466666666666667 0.06979166666666667 0.09000000000000001
1 0.26875 0.5433333333333333 0.09791666666666667 0.09666666666666668
1 0.3854166666666667 0.5383333333333333 0.11875 0.15666666666666668
3 0.340625 0.36000000000000004 0.014583333333333334 0.03666666666666667
6 0.41822916666666665 0.35583333333333333 0.013541666666666667 0.03833333333333334
6 0.48125 0.35500000000000004 0.0125 0.04
1 0.5984375 0.5383333333333333 0.09479166666666666 0.10333333333333335
6 0.6328125 0.4316666666666667 0.017708333333333333 0.04666666666666667
6 0.6328125 0.4291666666666667 0.011458333333333333 0.035
1 0.8041666666666667 0.52 0.20208333333333334 0.2066666666666667
6 0.7276041666666666 0.3425 0.026041666666666668 0.06833333333333334