2 0.057291666666666664 0.55 0.027083333333333334 0.08333333333333334
2 0.05572916666666666 0.5458333333333334 0.017708333333333333 0.08166666666666667
1 0.12291666666666666 0.5533333333333333 0.07916666666666666 0.10333333333333335
1 0.22760416666666666 0.5491666666666667 0.08020833333333333 0.11833333333333335
1 0.2817708333333333 0.5291666666666667 0.021875 0.04833333333333334
1 0.4015625 0.5133333333333334 0.017708333333333333 0.043333333333333335
1 0.434375 0.5208333333333334 0.05416666666666667 0.065
2 0.5052083333333334 0.5158333333333334 0.022916666666666665 0.10166666666666667
2 0.5046875 0.5241666666666667 0.019791666666666666 0.115
2 0.525 0.5125000000000001 0.016666666666666666 0.11833333333333335
3 0.58125 0.3091666666666667 0.029166666666666667 0.095
2 0.5869791666666666 0.5066666666666667 0.021875 0.1
2 0.5916666666666667 0.5083333333333334 0.016666666666666666 0.10333333333333335
2 0.6072916666666667 0.49750000000000005 0.020833333333333332 0.095
2 0.6088541666666667 0.49750000000000005 0.017708333333333333 0.10500000000000001
2 0.6302083333333334 0.4941666666666667 0.020833333333333332 0.11166666666666668
2 0.834375 0.49750000000000005 0.027083333333333334 0.14500000000000002
2 0.8348958333333333 0.49000000000000005 0.019791666666666666 0.14666666666666667
2 0.8421875 0.48250000000000004 0.02395833333333333 0.15166666666666667
2 0.8458333333333333 0.4758333333333334 0.022916666666666665 0.135
2 0.8552083333333333 0.49750000000000005 0.029166666666666667 0.14833333333333334
2 0.8791666666666667 0.49000000000000005 0.03125 0.16333333333333333
2 0.9166666666666666 0.47750000000000004 0.020833333333333332 0.15166666666666667
2 0.9213541666666667 0.48250000000000004 0.019791666666666666 0.14166666666666666
2 0.9479166666666666 0.48500000000000004 0.03125 0.18333333333333335
2 0.959375 0.4808333333333334 0.025 0.14500000000000002