8 0.44921875 0.3974609375 0.0185546875 0.03125
1 0.49609375 0.494140625 0.0517578125 0.0654296875
1 0.5478515625 0.4833984375 0.046875 0.0498046875
1 0.548828125 0.48046875 0.0419921875 0.0595703125
1 0.6396484375 0.474609375 0.0615234375 0.0302734375
1 0.677734375 0.484375 0.0439453125 0.03515625
1 0.716796875 0.486328125 0.025390625 0.033203125
1 0.7431640625 0.48828125 0.029296875 0.0302734375
1 0.7646484375 0.4921875 0.025390625 0.03515625
1 0.7919921875 0.4921875 0.037109375 0.03515625
1 0.845703125 0.4873046875 0.0302734375 0.03515625