1 0.9408854166666667 0.645 0.1171875 0.3116666666666667
1 0.08854166666666667 0.5583333333333333 0.17604166666666665 0.17666666666666667
1 0.090625 0.5616666666666666 0.17708333333333334 0.18333333333333335
2 0.16822916666666665 0.5208333333333334 0.013541666666666667 0.07166666666666667
1 0.23697916666666666 0.5266666666666667 0.096875 0.05666666666666667
4 0.27239583333333334 0.43583333333333335 0.015625 0.04166666666666667
1 0.3609375 0.5875 0.17604166666666665 0.21833333333333335
1 0.45208333333333334 0.5266666666666667 0.06666666666666667 0.12333333333333334
1 0.4927083333333333 0.5141666666666667 0.04583333333333333 0.065
4 0.5 0.4241666666666667 0.020833333333333332 0.06166666666666667
4 0.49895833333333334 0.41750000000000004 0.016666666666666666 0.03833333333333334
2 0.5234375 0.5233333333333333 0.026041666666666668 0.09666666666666668
2 0.5234375 0.5183333333333333 0.017708333333333333 0.08666666666666667
2 0.5322916666666666 0.5208333333333334 0.014583333333333334 0.085
2 0.5546875 0.5166666666666667 0.015625 0.09333333333333334
2 0.5723958333333333 0.4966666666666667 0.021875 0.07
2 0.5729166666666666 0.5033333333333334 0.014583333333333334 0.06666666666666667
1 0.7078125 0.55 0.203125 0.23