1 0.0693359375 0.5107421875 0.0654296875 0.08203125
1 0.1201171875 0.5029296875 0.0927734375 0.08984375
3 0.1435546875 0.232421875 0.0205078125 0.0654296875
1 0.3876953125 0.66796875 0.48046875 0.5263671875
1 0.19140625 0.5068359375 0.0712890625 0.06640625
1 0.23046875 0.4892578125 0.060546875 0.078125
6 0.3095703125 0.22265625 0.021484375 0.0712890625
3 0.4501953125 0.2353515625 0.0224609375 0.08203125
6 0.6689453125 0.36328125 0.0263671875 0.0595703125
6 0.6689453125 0.3505859375 0.013671875 0.0380859375
6 0.9560546875 0.078125 0.07421875 0.150390625
6 0.9521484375 0.0654296875 0.0419921875 0.1298828125