2 0.0517578125 0.54296875 0.029296875 0.1181640625
2 0.0537109375 0.541015625 0.02734375 0.0947265625
1 0.123046875 0.5537109375 0.0791015625 0.103515625
2 0.1162109375 0.564453125 0.0224609375 0.1318359375
2 0.1201171875 0.5537109375 0.017578125 0.1337890625
2 0.1240234375 0.5458984375 0.0244140625 0.125
2 0.1455078125 0.5517578125 0.0283203125 0.1298828125
2 0.1904296875 0.544921875 0.0361328125 0.146484375
1 0.2275390625 0.548828125 0.080078125 0.1181640625
1 0.2802734375 0.529296875 0.01953125 0.0546875
2 0.3857421875 0.525390625 0.02734375 0.14453125
2 0.3837890625 0.53125 0.021484375 0.126953125
2 0.4111328125 0.5224609375 0.0185546875 0.1513671875
1 0.4345703125 0.5205078125 0.0537109375 0.0654296875
2 0.541015625 0.5087890625 0.0224609375 0.0947265625
2 0.5615234375 0.5087890625 0.0205078125 0.0947265625
2 0.5615234375 0.5048828125 0.0126953125 0.0830078125
2 0.57421875 0.505859375 0.0224609375 0.10546875
3 0.58203125 0.3076171875 0.0283203125 0.091796875
2 0.658203125 0.5009765625 0.02734375 0.1318359375
1 0.8505859375 0.6796875 0.2919921875 0.63671875
2 0.83984375 0.4951171875 0.02734375 0.1298828125
2 0.8369140625 0.48828125 0.013671875 0.1396484375