1 0.05572916666666666 0.535 0.053125 0.05333333333333334
1 0.05625 0.5233333333333333 0.05 0.05
1 0.09739583333333333 0.54 0.053125 0.05666666666666667
1 0.13020833333333334 0.5283333333333333 0.03333333333333333 0.05666666666666667
1 0.13333333333333333 0.5408333333333334 0.035416666666666666 0.04833333333333334
1 0.29322916666666665 0.535 0.057291666666666664 0.08333333333333334
1 0.3390625 0.53 0.046875 0.09000000000000001
1 0.4046875 0.5425 0.096875 0.10833333333333334
0 0.4864583333333333 0.5283333333333333 0.029166666666666667 0.10333333333333335
0 0.4895833333333333 0.535 0.022916666666666665 0.08
1 0.7526041666666666 0.5791666666666667 0.340625 0.37833333333333335