1 0.03125 0.509765625 0.056640625 0.0703125
1 0.072265625 0.5048828125 0.041015625 0.0537109375
1 0.0791015625 0.50390625 0.0458984375 0.0546875
1 0.1318359375 0.501953125 0.0849609375 0.0830078125
1 0.23828125 0.5 0.041015625 0.0400390625
1 0.23828125 0.5048828125 0.041015625 0.046875
1 0.3486328125 0.501953125 0.0322265625 0.04296875
7 0.375 0.2734375 0.037109375 0.1103515625
1 0.498046875 0.5625 0.1689453125 0.2119140625
4 0.5224609375 0.2568359375 0.033203125 0.09375
1 0.595703125 0.478515625 0.0244140625 0.046875
1 0.6005859375 0.4775390625 0.0302734375 0.0419921875
10 0.62890625 0.46875 0.0615234375 0.04296875
1 0.7998046875 0.5595703125 0.326171875 0.283203125
4 0.673828125 0.296875 0.0322265625 0.0966796875
4 0.8056640625 0.3876953125 0.0302734375 0.0947265625
1 0.9638671875 0.4853515625 0.0654296875 0.0634765625