1 0.06354166666666666 0.5266666666666667 0.12708333333333333 0.24333333333333335
1 0.06510416666666667 0.4916666666666667 0.090625 0.09000000000000001
1 0.15416666666666667 0.5075000000000001 0.04791666666666666 0.05166666666666667
1 0.2505208333333333 0.5091666666666667 0.171875 0.19833333333333333
1 0.26666666666666666 0.5141666666666667 0.1625 0.17500000000000002
7 0.25104166666666666 0.3433333333333334 0.022916666666666665 0.06333333333333334
3 0.25416666666666665 0.335 0.01875 0.05
1 0.48125 0.6366666666666667 0.46041666666666664 0.4766666666666667
3 0.3067708333333333 0.34500000000000003 0.019791666666666666 0.05666666666666667
4 0.384375 0.3441666666666667 0.01875 0.055
3 0.3911458333333333 0.33333333333333337 0.017708333333333333 0.04666666666666667
4 0.4458333333333333 0.34833333333333333 0.03333333333333333 0.07666666666666667
6 0.44635416666666666 0.3408333333333334 0.017708333333333333 0.04833333333333334
4 0.5692708333333333 0.41500000000000004 0.017708333333333333 0.060000000000000005
4 0.5723958333333333 0.4058333333333334 0.017708333333333333 0.045000000000000005
1 0.8348958333333333 0.48500000000000004 0.13229166666666667 0.09666666666666668