1 0.0673828125 0.6220703125 0.134765625 0.365234375
1 0.1708984375 0.5400390625 0.046875 0.0498046875
1 0.3310546875 0.662109375 0.326171875 0.419921875
3 0.27734375 0.2802734375 0.0244140625 0.06640625
3 0.388671875 0.2861328125 0.0244140625 0.0751953125
2 0.4873046875 0.525390625 0.021484375 0.068359375
3 0.5634765625 0.4150390625 0.02734375 0.0771484375
2 0.5615234375 0.51953125 0.0205078125 0.0732421875
2 0.5751953125 0.5205078125 0.017578125 0.08203125
2 0.5869140625 0.5224609375 0.0185546875 0.08203125
2 0.6044921875 0.5224609375 0.0244140625 0.091796875
0 0.626953125 0.52734375 0.033203125 0.091796875
0 0.654296875 0.5263671875 0.033203125 0.08984375
2 0.6865234375 0.525390625 0.021484375 0.0869140625
2 0.701171875 0.5283203125 0.0244140625 0.0869140625
2 0.724609375 0.521484375 0.0205078125 0.0869140625
2 0.7685546875 0.51953125 0.03125 0.1162109375
1 0.9501953125 0.51953125 0.095703125 0.0830078125