1 0.11197916666666667 0.5758333333333334 0.22395833333333334 0.315
3 0.17604166666666665 0.18166666666666667 0.03333333333333333 0.1
1 0.3015625 0.5383333333333333 0.04895833333333333 0.060000000000000005
3 0.35833333333333334 0.17833333333333334 0.035416666666666666 0.10333333333333335
1 0.39791666666666664 0.5366666666666667 0.03958333333333333 0.07666666666666667
1 0.3958333333333333 0.5383333333333333 0.03333333333333333 0.06333333333333334
1 0.4421875 0.5408333333333334 0.08229166666666667 0.10500000000000001
3 0.5020833333333333 0.17916666666666667 0.03333333333333333 0.10166666666666667
1 0.5114583333333333 0.5216666666666667 0.05 0.08
1 0.5114583333333333 0.5175000000000001 0.0375 0.055
1 0.628125 0.5566666666666668 0.0875 0.10333333333333335
1 0.7859375 0.6116666666666667 0.3072916666666667 0.29333333333333333
4 0.8463541666666666 0.35333333333333333 0.034375 0.09666666666666668
3 0.8489583333333334 0.35333333333333333 0.025 0.08