5 0.1828125 0.49083333333333334 0.009375 0.03166666666666667
1 0.30572916666666666 0.5566666666666668 0.053125 0.03666666666666667
1 0.3078125 0.5558333333333334 0.053125 0.04166666666666667
0 0.3286458333333333 0.5408333333333334 0.015625 0.021666666666666667
1 0.403125 0.5575 0.03125 0.045000000000000005
5 0.4088541666666667 0.4341666666666667 0.011458333333333333 0.028333333333333335
5 0.40989583333333335 0.4316666666666667 0.011458333333333333 0.02666666666666667
1 0.4317708333333333 0.56 0.042708333333333334 0.04666666666666667
3 0.4614583333333333 0.48000000000000004 0.010416666666666666 0.030000000000000002
3 0.46249999999999997 0.48333333333333334 0.008333333333333333 0.02
4 0.5203125 0.4683333333333334 0.013541666666666667 0.03666666666666667
4 0.5213541666666667 0.4691666666666667 0.013541666666666667 0.03833333333333334
0 0.6208333333333333 0.56 0.041666666666666664 0.19666666666666668