0 0.66171875 0.5291666666666667 0.0265625 0.09166666666666667
1 0.1703125 0.545 0.140625 0.11666666666666667
1 0.3302083333333333 0.65 0.325 0.41000000000000003
7 0.28072916666666664 0.2758333333333334 0.019791666666666666 0.055
6 0.3911458333333333 0.2866666666666667 0.015625 0.060000000000000005
2 0.5307291666666667 0.5158333333333334 0.011458333333333333 0.055
2 0.5453125 0.5166666666666667 0.015625 0.06333333333333334
2 0.5541666666666667 0.5158333333333334 0.0125 0.055
2 0.5625 0.5225000000000001 0.025 0.08833333333333333
6 0.5635416666666666 0.40750000000000003 0.016666666666666666 0.055
1 0.790625 0.5308333333333334 0.17291666666666666 0.09833333333333334
1 0.9552083333333333 0.5208333333333334 0.0875 0.08833333333333333