3 0.06197916666666667 0.07 0.090625 0.1366666666666667
1 0.11302083333333333 0.5266666666666667 0.11979166666666667 0.11333333333333334
1 0.165625 0.505 0.0875 0.08333333333333334
10 0.2 0.49083333333333334 0.05625 0.08833333333333333
1 0.4510416666666667 0.49500000000000005 0.020833333333333332 0.04666666666666667
1 0.47552083333333334 0.4991666666666667 0.034375 0.04833333333333334
1 0.5848958333333333 0.49500000000000005 0.12604166666666666 0.09000000000000001
3 0.5713541666666666 0.025833333333333337 0.028125 0.05166666666666667
6 0.5651041666666666 0.3641666666666667 0.015625 0.04833333333333334
6 0.653125 0.35750000000000004 0.016666666666666666 0.05166666666666667
6 0.728125 0.41750000000000004 0.014583333333333334 0.04833333333333334
6 0.8010416666666667 0.07500000000000001 0.029166666666666667 0.09666666666666668
1 0.8630208333333333 0.49250000000000005 0.08229166666666667 0.05166666666666667
1 0.8619791666666666 0.4891666666666667 0.071875 0.055
1 0.9213541666666667 0.4866666666666667 0.103125 0.05666666666666667
1 0.9182291666666667 0.4816666666666667 0.057291666666666664 0.05666666666666667