1 0.1533203125 0.529296875 0.048828125 0.0380859375
1 0.3212890625 0.513671875 0.0556640625 0.0595703125
1 0.3251953125 0.5146484375 0.0595703125 0.080078125
1 0.376953125 0.5166015625 0.0400390625 0.0498046875
1 0.3974609375 0.509765625 0.0146484375 0.0498046875
1 0.4287109375 0.5068359375 0.01953125 0.04296875
1 0.447265625 0.509765625 0.025390625 0.037109375
1 0.5361328125 0.5048828125 0.080078125 0.0966796875
1 0.5673828125 0.49609375 0.03125 0.0419921875
1 0.7509765625 0.5546875 0.15234375 0.146484375
1 0.8818359375 0.4970703125 0.0927734375 0.056640625