2 0.97265625 0.5308333333333334 0.05364583333333333 0.4133333333333334
1 0.09635416666666667 0.5775 0.146875 0.155
1 0.0953125 0.5666666666666667 0.13229166666666667 0.11
1 0.23697916666666666 0.5483333333333333 0.07604166666666666 0.1
1 0.240625 0.55 0.05625 0.06333333333333334
1 0.29791666666666666 0.53 0.04791666666666666 0.06333333333333334
1 0.3364583333333333 0.5333333333333333 0.06875 0.08333333333333334
1 0.3390625 0.5283333333333333 0.053125 0.07
1 0.3770833333333333 0.5208333333333334 0.041666666666666664 0.055
1 0.4036458333333333 0.5216666666666667 0.017708333333333333 0.023333333333333334
1 0.45 0.52 0.020833333333333332 0.03333333333333333