2 0.5432291666666667 0.5270833333333333 0.013541666666666667 0.06583333333333334
1 0.05546875 0.56125 0.10989583333333333 0.14416666666666667
1 0.12135416666666667 0.54 0.078125 0.07
1 0.3302083333333333 0.6516666666666667 0.325 0.41000000000000003
7 0.28072916666666664 0.2758333333333334 0.019791666666666666 0.058333333333333334
6 0.390625 0.2866666666666667 0.016666666666666666 0.06666666666666667
6 0.5625 0.40750000000000003 0.01875 0.06166666666666667
2 0.5645833333333333 0.5225000000000001 0.022916666666666665 0.095
2 0.5755208333333334 0.5191666666666667 0.021875 0.08166666666666667
0 0.6526041666666667 0.53 0.06354166666666666 0.1
0 0.6604166666666667 0.5275000000000001 0.0375 0.09166666666666667
1 0.9510416666666667 0.5183333333333333 0.09583333333333333 0.08666666666666667