1 0.083984375 0.548828125 0.1025390625 0.087890625
1 0.130859375 0.5283203125 0.041015625 0.08984375
1 0.162109375 0.533203125 0.04296875 0.056640625
1 0.3818359375 0.6650390625 0.3701171875 0.509765625
1 0.537109375 0.5166015625 0.080078125 0.0703125
2 0.7607421875 0.48046875 0.01953125 0.0419921875
2 0.77734375 0.505859375 0.021484375 0.0380859375
2 0.8134765625 0.482421875 0.0185546875 0.078125
2 0.837890625 0.5068359375 0.0205078125 0.13671875
2 0.8623046875 0.4951171875 0.0224609375 0.1201171875
1 0.9814453125 0.5458984375 0.03515625 0.1015625