1 0.14583333333333334 0.5058333333333334 0.1125 0.08833333333333333
1 0.3286458333333333 0.49583333333333335 0.09270833333333334 0.12166666666666667
1 0.41041666666666665 0.5033333333333334 0.075 0.08333333333333334
1 0.4557291666666667 0.49500000000000005 0.05520833333333333 0.060000000000000005
2 0.509375 0.6291666666666667 0.15625 0.6116666666666667
1 0.4640625 0.49833333333333335 0.04479166666666667 0.05333333333333334
7 0.5588541666666667 0.24583333333333335 0.02395833333333333 0.07500000000000001
6 0.6786458333333333 0.24916666666666668 0.026041666666666668 0.07833333333333334
1 0.7364583333333333 0.49250000000000005 0.06666666666666667 0.09833333333333334
1 0.7354166666666666 0.49000000000000005 0.0375 0.05666666666666667
1 0.8552083333333333 0.4941666666666667 0.03125 0.045000000000000005
6 0.9791666666666666 0.38083333333333336 0.029166666666666667 0.06833333333333334