1 0.126953125 0.5419921875 0.0654296875 0.0771484375
1 0.330078125 0.6513671875 0.3251953125 0.41015625
7 0.28125 0.2763671875 0.0185546875 0.0537109375
7 0.2841796875 0.275390625 0.01953125 0.0595703125
6 0.3916015625 0.287109375 0.0146484375 0.05859375
2 0.5673828125 0.517578125 0.02734375 0.0751953125
6 0.564453125 0.408203125 0.015625 0.0537109375
2 0.5654296875 0.5224609375 0.0166015625 0.08203125
2 0.5791015625 0.5166015625 0.013671875 0.0703125
2 0.5966796875 0.5029296875 0.01953125 0.0634765625
0 0.669921875 0.51953125 0.0400390625 0.103515625
0 0.671875 0.5224609375 0.0224609375 0.08203125
0 0.78125 0.5185546875 0.0625 0.0966796875
0 0.779296875 0.5205078125 0.0498046875 0.0849609375
1 0.89453125 0.5126953125 0.177734375 0.087890625
1 0.9814453125 0.5107421875 0.0341796875 0.0712890625