1 0.0625 0.623046875 0.125 0.30859375
1 0.1630859375 0.537109375 0.0732421875 0.0751953125
1 0.166015625 0.537109375 0.0654296875 0.068359375
1 0.2529296875 0.5283203125 0.0576171875 0.06640625
1 0.25390625 0.529296875 0.048828125 0.0615234375
2 0.400390625 0.5341796875 0.017578125 0.0751953125
2 0.4052734375 0.5322265625 0.0166015625 0.05859375
2 0.4248046875 0.5302734375 0.015625 0.0634765625
2 0.46484375 0.533203125 0.0244140625 0.0595703125
2 0.4853515625 0.5361328125 0.02734375 0.0751953125
8 0.6103515625 0.333984375 0.0283203125 0.0517578125
2 0.720703125 0.525390625 0.0419921875 0.138671875
2 0.759765625 0.5224609375 0.029296875 0.1416015625
2 0.7646484375 0.5224609375 0.029296875 0.1484375