1 0.0328125 0.5850000000000001 0.06458333333333333 0.13166666666666668
1 0.07239583333333333 0.5700000000000001 0.04479166666666667 0.10333333333333335
1 0.1140625 0.5666666666666667 0.04479166666666667 0.09333333333333334
1 0.16197916666666667 0.5475 0.051041666666666666 0.10166666666666667
1 0.2125 0.545 0.07708333333333334 0.08666666666666667
1 0.21822916666666667 0.5383333333333333 0.06145833333333333 0.08333333333333334
1 0.32395833333333335 0.5325000000000001 0.041666666666666664 0.058333333333333334
2 0.334375 0.5283333333333333 0.03333333333333333 0.09666666666666668
1 0.3677083333333333 0.5266666666666667 0.05625 0.03666666666666667
1 0.4614583333333333 0.5191666666666667 0.052083333333333336 0.10500000000000001
1 0.5088541666666666 0.5483333333333333 0.08645833333333333 0.09666666666666668
1 0.6125 0.5833333333333334 0.09375 0.22666666666666668
1 0.8177083333333334 0.6441666666666667 0.36041666666666666 0.3416666666666667