1 0.025520833333333333 0.5683333333333334 0.051041666666666666 0.07
1 0.1703125 0.5658333333333334 0.09895833333333333 0.115
1 0.23020833333333332 0.555 0.041666666666666664 0.07
1 0.2973958333333333 0.5425 0.109375 0.07833333333333334
1 0.4197916666666667 0.5158333333333334 0.027083333333333334 0.035
1 0.503125 0.5383333333333333 0.029166666666666667 0.07
1 0.5458333333333333 0.5425 0.08125 0.09166666666666667
2 0.6322916666666667 0.515 0.027083333333333334 0.09333333333333334
2 0.6354166666666666 0.5208333333333334 0.03125 0.10500000000000001
2 0.7234375 0.54 0.042708333333333334 0.15333333333333335
2 0.9552083333333333 0.5175000000000001 0.05416666666666667 0.21500000000000002
2 0.9567708333333333 0.5233333333333333 0.04479166666666667 0.21000000000000002