10 0.08984375 0.509765625 0.0517578125 0.0595703125
1 0.12890625 0.53125 0.09765625 0.05859375
2 0.111328125 0.5322265625 0.0166015625 0.0712890625
2 0.1142578125 0.5341796875 0.0185546875 0.08203125
0 0.2880859375 0.5146484375 0.0283203125 0.0537109375
7 0.419921875 0.443359375 0.0166015625 0.04296875
7 0.419921875 0.4443359375 0.013671875 0.0419921875
1 0.4892578125 0.4912109375 0.048828125 0.056640625
1 0.529296875 0.49609375 0.0380859375 0.0419921875
1 0.529296875 0.4990234375 0.03515625 0.03515625
10 0.5791015625 0.466796875 0.06640625 0.0830078125
1 0.5810546875 0.4619140625 0.0654296875 0.08984375
7 0.6513671875 0.3759765625 0.013671875 0.0419921875
2 0.666015625 0.4990234375 0.0283203125 0.0986328125
6 0.697265625 0.3720703125 0.0185546875 0.0498046875
2 0.69921875 0.5048828125 0.0185546875 0.0869140625
2 0.7275390625 0.5029296875 0.03125 0.0947265625
2 0.7890625 0.48046875 0.0322265625 0.1669921875
1 0.8369140625 0.4931640625 0.0849609375 0.04296875
2 0.8232421875 0.478515625 0.033203125 0.16015625