2 0.06614583333333333 0.5508333333333334 0.019791666666666666 0.06833333333333334
2 0.11197916666666667 0.5508333333333334 0.015625 0.06833333333333334
2 0.175 0.5383333333333333 0.01875 0.08
4 0.22343749999999998 0.41500000000000004 0.019791666666666666 0.04666666666666667
4 0.2265625 0.41583333333333333 0.021875 0.04833333333333334
2 0.22760416666666666 0.545 0.017708333333333333 0.07333333333333333
1 0.290625 0.5416666666666667 0.07083333333333333 0.08
1 0.421875 0.5666666666666667 0.19375 0.27666666666666667
1 0.3416666666666667 0.555 0.025 0.07333333333333333
1 0.5505208333333333 0.5366666666666667 0.07604166666666666 0.12000000000000001
4 0.5901041666666667 0.39416666666666667 0.017708333333333333 0.06166666666666667
2 0.615625 0.5 0.014583333333333334 0.06333333333333334
2 0.6645833333333333 0.5 0.020833333333333332 0.08333333333333334
2 0.6994791666666667 0.5033333333333334 0.015625 0.08