1 0.9140625 0.501953125 0.1708984375 0.14453125
1 0.0498046875 0.51953125 0.064453125 0.0419921875
2 0.0732421875 0.5185546875 0.0146484375 0.0498046875
1 0.115234375 0.5146484375 0.05859375 0.046875
10 0.2275390625 0.4619140625 0.189453125 0.2900390625
1 0.2294921875 0.46875 0.189453125 0.2802734375
1 0.396484375 0.4951171875 0.056640625 0.0703125
1 0.4365234375 0.4775390625 0.041015625 0.05859375
10 0.44140625 0.4736328125 0.03515625 0.0595703125
1 0.4638671875 0.4833984375 0.029296875 0.04296875
1 0.4853515625 0.4853515625 0.0361328125 0.04296875
2 0.6455078125 0.482421875 0.0244140625 0.078125
1 0.7255859375 0.4521484375 0.044921875 0.04296875
1 0.7744140625 0.453125 0.0634765625 0.0498046875
1 0.861328125 0.4580078125 0.072265625 0.0703125
1 0.86328125 0.4580078125 0.0615234375 0.056640625