2 0.5643229166666667 0.52375 0.01614583333333333 0.08083333333333334
2 0.5328125 0.5175000000000001 0.020833333333333332 0.07166666666666667
2 0.5161458333333333 0.5229166666666667 0.013541666666666667 0.05916666666666667
1 0.12135416666666667 0.54 0.078125 0.07
1 0.3302083333333333 0.65 0.325 0.41000000000000003
7 0.28072916666666664 0.2758333333333334 0.019791666666666666 0.055
6 0.3911458333333333 0.2866666666666667 0.015625 0.06333333333333334
6 0.5630208333333333 0.40750000000000003 0.017708333333333333 0.058333333333333334
1 0.65625 0.5316666666666667 0.18541666666666667 0.09666666666666668
2 0.590625 0.5016666666666667 0.020833333333333332 0.05
0 0.7848958333333333 0.5216666666666667 0.06354166666666666 0.1
1 0.9541666666666666 0.5191666666666667 0.08958333333333333 0.08833333333333333