1 0.12994791666666666 0.5395833333333334 0.0640625 0.0675
2 0.56796875 0.5091666666666667 0.0109375 0.04666666666666667
2 0.5385416666666667 0.5104166666666667 0.013541666666666667 0.04416666666666667
1 0.9546875 0.5179166666666667 0.08958333333333333 0.08916666666666667
1 0.06770833333333333 0.5383333333333333 0.12708333333333333 0.10666666666666667
1 0.3302083333333333 0.65 0.325 0.41000000000000003
7 0.28072916666666664 0.2758333333333334 0.019791666666666666 0.055
6 0.3911458333333333 0.2866666666666667 0.015625 0.060000000000000005
1 0.625 0.53 0.18125 0.1
6 0.5635416666666666 0.40750000000000003 0.016666666666666666 0.055
0 0.7848958333333333 0.5216666666666667 0.06354166666666666 0.1