1 0.0693359375 0.5302734375 0.13671875 0.2353515625
1 0.1845703125 0.525390625 0.1044921875 0.1396484375
1 0.255859375 0.5234375 0.0556640625 0.1103515625
1 0.29296875 0.51171875 0.0302734375 0.0732421875
1 0.3173828125 0.5029296875 0.033203125 0.078125
1 0.4462890625 0.501953125 0.083984375 0.0595703125
1 0.4853515625 0.4853515625 0.02734375 0.0302734375
1 0.5693359375 0.4833984375 0.046875 0.04296875
1 0.75390625 0.4814453125 0.0361328125 0.0400390625
1 0.7841796875 0.4755859375 0.0517578125 0.0380859375
1 0.7841796875 0.4716796875 0.044921875 0.037109375
1 0.8310546875 0.4755859375 0.0517578125 0.03515625
1 0.8662109375 0.474609375 0.0439453125 0.0380859375