1 0.011458333333333333 0.5908333333333333 0.022916666666666665 0.13166666666666668
10 0.07864583333333333 0.48333333333333334 0.109375 0.05
1 0.09375 0.5758333333333334 0.13958333333333334 0.17833333333333334
1 0.28489583333333335 0.5816666666666667 0.32395833333333335 0.4166666666666667
3 0.31875 0.32666666666666666 0.01875 0.04666666666666667
6 0.4145833333333333 0.3216666666666667 0.014583333333333334 0.04
6 0.4927083333333333 0.325 0.014583333333333334 0.04666666666666667
1 0.7484375 0.5750000000000001 0.21770833333333334 0.20333333333333334
6 0.68125 0.41750000000000004 0.022916666666666665 0.06166666666666667
6 0.6802083333333333 0.41500000000000004 0.014583333333333334 0.043333333333333335
6 0.9270833333333334 0.24000000000000002 0.03958333333333333 0.12333333333333334
2 0.9739583333333334 0.5391666666666667 0.035416666666666666 0.11833333333333335