1 0.1005859375 0.6064453125 0.201171875 0.20703125
10 0.080078125 0.5087890625 0.0849609375 0.03515625
1 0.2236328125 0.5732421875 0.109375 0.123046875
1 0.271484375 0.5478515625 0.0283203125 0.0615234375
1 0.29296875 0.5478515625 0.037109375 0.0478515625
1 0.31640625 0.537109375 0.0283203125 0.04296875
1 0.3359375 0.53515625 0.01953125 0.0400390625
1 0.4033203125 0.5283203125 0.021484375 0.0263671875
1 0.482421875 0.5419921875 0.037109375 0.080078125
1 0.494140625 0.5576171875 0.02734375 0.0849609375
1 0.5224609375 0.5615234375 0.052734375 0.1064453125
1 0.533203125 0.5556640625 0.072265625 0.10546875
1 0.5869140625 0.58203125 0.119140625 0.123046875
3 0.7978515625 0.203125 0.05078125 0.1728515625