1 0.912109375 0.638671875 0.171875 0.37890625
1 0.171875 0.5576171875 0.0791015625 0.0712890625
2 0.1435546875 0.5322265625 0.0205078125 0.0419921875
2 0.1435546875 0.53125 0.0126953125 0.037109375
1 0.2216796875 0.5419921875 0.041015625 0.0732421875
1 0.255859375 0.5361328125 0.04296875 0.05859375
2 0.3857421875 0.5224609375 0.0087890625 0.0380859375
1 0.4189453125 0.5478515625 0.0712890625 0.0849609375
2 0.462890625 0.52734375 0.009765625 0.0419921875
1 0.6015625 0.5478515625 0.1201171875 0.125
2 0.6806640625 0.4892578125 0.0263671875 0.0654296875
2 0.73046875 0.5 0.0380859375 0.09375