1 0.08489583333333334 0.6058333333333333 0.16979166666666667 0.23500000000000001
1 0.15364583333333334 0.5625 0.03854166666666667 0.09166666666666667
1 0.20260416666666667 0.5391666666666667 0.078125 0.10166666666666667
1 0.20416666666666666 0.5416666666666667 0.07708333333333334 0.08666666666666667
1 0.2609375 0.5383333333333333 0.051041666666666666 0.05333333333333334
1 0.26145833333333335 0.5325000000000001 0.05 0.07166666666666667
1 0.29583333333333334 0.525 0.03958333333333333 0.043333333333333335
1 0.3234375 0.5183333333333333 0.026041666666666668 0.043333333333333335
1 0.34322916666666664 0.5141666666666667 0.028125 0.045000000000000005
1 0.3932291666666667 0.5091666666666667 0.02395833333333333 0.028333333333333335
1 0.4890625 0.5241666666666667 0.04479166666666667 0.095
1 0.521875 0.5433333333333333 0.052083333333333336 0.13333333333333333
1 0.5203125 0.5475 0.04895833333333333 0.12833333333333335
1 0.5833333333333334 0.5650000000000001 0.1125 0.17
1 0.5911458333333334 0.5641666666666667 0.121875 0.16833333333333333
1 0.7244791666666667 0.61 0.2635416666666667 0.25333333333333335