1 0.2939453125 0.5302734375 0.044921875 0.0537109375
1 0.3046875 0.515625 0.048828125 0.0615234375
1 0.369140625 0.5302734375 0.052734375 0.0703125
4 0.400390625 0.42578125 0.0107421875 0.03515625
1 0.4228515625 0.5205078125 0.025390625 0.0517578125
1 0.44921875 0.5341796875 0.0283203125 0.05859375
1 0.4736328125 0.5302734375 0.048828125 0.0732421875
1 0.47265625 0.5322265625 0.0400390625 0.068359375
1 0.51953125 0.537109375 0.0732421875 0.0947265625
1 0.509765625 0.546875 0.046875 0.1103515625
4 0.49609375 0.451171875 0.0126953125 0.03515625
1 0.595703125 0.556640625 0.171875 0.169921875