3 0.0640625 0.06666666666666667 0.078125 0.12666666666666668
1 0.10989583333333333 0.5083333333333334 0.096875 0.06666666666666667
1 0.21197916666666666 0.515 0.065625 0.08
1 0.2635416666666667 0.5225000000000001 0.11041666666666666 0.07500000000000001
1 0.33229166666666665 0.5083333333333334 0.08333333333333333 0.09000000000000001
1 0.4739583333333333 0.4941666666666667 0.041666666666666664 0.05166666666666667
1 0.475 0.49500000000000005 0.027083333333333334 0.03666666666666667
1 0.5286458333333334 0.5025000000000001 0.11145833333333333 0.058333333333333334
3 0.5723958333333333 0.029166666666666667 0.028125 0.055
6 0.565625 0.36333333333333334 0.014583333333333334 0.043333333333333335
6 0.653125 0.35833333333333334 0.016666666666666666 0.05
6 0.6526041666666667 0.35750000000000004 0.009375 0.03833333333333334
6 0.7286458333333333 0.4191666666666667 0.013541666666666667 0.04833333333333334
6 0.8010416666666667 0.07583333333333334 0.029166666666666667 0.09166666666666667
1 0.8208333333333333 0.49000000000000005 0.052083333333333336 0.043333333333333335