1 0.9372395833333333 0.5445833333333334 0.12447916666666667 0.11083333333333334
1 0.06979166666666667 0.5404166666666667 0.109375 0.10416666666666667
4 0.3494791666666667 0.6408333333333334 0.011458333333333333 0.035
1 0.41562499999999997 0.5175000000000001 0.04791666666666666 0.06833333333333334
1 0.4765625 0.5216666666666667 0.034375 0.04
4 0.46979166666666666 0.39333333333333337 0.010416666666666666 0.03333333333333333
1 0.49895833333333334 0.5091666666666667 0.022916666666666665 0.028333333333333335
1 0.5229166666666667 0.5216666666666667 0.0625 0.08333333333333334
4 0.5234375 0.38833333333333336 0.011458333333333333 0.03333333333333333
1 0.6322916666666667 0.52 0.052083333333333336 0.06666666666666667
1 0.6927083333333334 0.5275000000000001 0.0375 0.055
1 0.7385416666666667 0.5191666666666667 0.08333333333333333 0.085
1 0.7390625 0.5233333333333333 0.078125 0.08333333333333334