1 0.3302083333333333 0.6516666666666667 0.325 0.41000000000000003
7 0.28072916666666664 0.2758333333333334 0.019791666666666666 0.058333333333333334
6 0.390625 0.2866666666666667 0.016666666666666666 0.06666666666666667
2 0.5364583333333334 0.5283333333333333 0.014583333333333334 0.08
2 0.5463541666666667 0.5191666666666667 0.013541666666666667 0.07166666666666667
6 0.5625 0.40750000000000003 0.01875 0.06166666666666667
2 0.56875 0.5241666666666667 0.022916666666666665 0.095
2 0.5822916666666667 0.5166666666666667 0.020833333333333332 0.07333333333333333
2 0.5838541666666667 0.5175000000000001 0.021875 0.08166666666666667
0 0.6604166666666667 0.5275000000000001 0.0375 0.09166666666666667
0 0.7369791666666666 0.5266666666666667 0.06354166666666666 0.1
1 0.9520833333333333 0.5183333333333333 0.09375 0.08666666666666667