1 0.2197265625 0.515625 0.064453125 0.0546875
1 0.2177734375 0.515625 0.04296875 0.0419921875
1 0.3408203125 0.4970703125 0.0361328125 0.0478515625
1 0.34375 0.4912109375 0.033203125 0.0595703125
1 0.3720703125 0.4912109375 0.0419921875 0.056640625
1 0.3740234375 0.4892578125 0.03125 0.0517578125
1 0.39453125 0.4931640625 0.017578125 0.046875
1 0.408203125 0.490234375 0.0166015625 0.033203125
1 0.4541015625 0.48828125 0.0341796875 0.046875
6 0.4501953125 0.4169921875 0.013671875 0.0263671875
4 0.4853515625 0.421875 0.013671875 0.0263671875
4 0.541015625 0.4580078125 0.015625 0.0234375
1 0.5498046875 0.5 0.02734375 0.04296875
4 0.55859375 0.453125 0.0126953125 0.0263671875
1 0.5947265625 0.505859375 0.0576171875 0.0947265625