1 0.9354166666666667 0.53625 0.11979166666666667 0.14916666666666667
1 0.9541666666666666 0.53625 0.090625 0.17250000000000001
1 0.024739583333333332 0.5670833333333334 0.0484375 0.09416666666666668
1 0.15625 0.5508333333333334 0.0625 0.055
1 0.22864583333333333 0.54 0.04479166666666667 0.05333333333333334
1 0.26458333333333334 0.5366666666666667 0.03333333333333333 0.04
4 0.34010416666666665 0.2675 0.019791666666666666 0.06833333333333334
1 0.4119791666666667 0.5441666666666667 0.065625 0.08833333333333333
4 0.4661458333333333 0.2541666666666667 0.021875 0.07500000000000001
1 0.525 0.5333333333333333 0.052083333333333336 0.060000000000000005
1 0.5786458333333333 0.5475 0.06354166666666666 0.085
1 0.6416666666666666 0.5641666666666667 0.12291666666666666 0.12166666666666667
4 0.6401041666666667 0.40750000000000003 0.021875 0.06833333333333334