1 0.05520833333333333 0.5616666666666666 0.06458333333333333 0.05333333333333334
1 0.10520833333333333 0.5541666666666667 0.03958333333333333 0.04833333333333334
1 0.3958333333333333 0.5508333333333334 0.09583333333333333 0.135
1 0.5072916666666667 0.5316666666666667 0.03958333333333333 0.08666666666666667
1 0.5166666666666666 0.5341666666666667 0.05416666666666667 0.07833333333333334
1 0.5317708333333333 0.555 0.03854166666666667 0.07333333333333333
1 0.5744791666666667 0.5391666666666667 0.10520833333333333 0.12833333333333335
1 0.559375 0.5466666666666667 0.0375 0.1366666666666667
1 0.6083333333333333 0.5508333333333334 0.07291666666666667 0.10833333333333334
1 0.5973958333333333 0.5733333333333334 0.040625 0.14666666666666667
1 0.7286458333333333 0.5700000000000001 0.24895833333333334 0.17
1 0.7354166666666666 0.5733333333333334 0.24583333333333332 0.16333333333333333
2 0.7885416666666667 0.4716666666666667 0.020833333333333332 0.05333333333333334