1 0.0765625 0.5650000000000001 0.153125 0.13333333333333333
1 0.0796875 0.5741666666666667 0.153125 0.16166666666666668
1 0.2520833333333333 0.5608333333333334 0.06666666666666667 0.07166666666666667
1 0.25104166666666666 0.5575 0.0625 0.06166666666666667
1 0.3364583333333333 0.5358333333333334 0.041666666666666664 0.05166666666666667
1 0.440625 0.5358333333333334 0.041666666666666664 0.045000000000000005
1 0.4984375 0.5333333333333333 0.034375 0.04666666666666667
1 0.51875 0.5333333333333333 0.03125 0.06333333333333334
1 0.5567708333333333 0.545 0.036458333333333336 0.09333333333333334
1 0.6197916666666666 0.5391666666666667 0.1125 0.13833333333333334
1 0.621875 0.55 0.1125 0.15000000000000002
1 0.8338541666666667 0.5225000000000001 0.06145833333333333 0.04833333333333334
1 0.9015624999999999 0.5225000000000001 0.078125 0.058333333333333334