1 0.184375 0.6341666666666667 0.36875 0.625
1 0.39791666666666664 0.5791666666666667 0.13541666666666666 0.22166666666666668
7 0.346875 0.43583333333333335 0.01875 0.058333333333333334
6 0.4744791666666667 0.3566666666666667 0.015625 0.05333333333333334
1 0.5104166666666666 0.5366666666666667 0.03125 0.04
6 0.5244791666666666 0.4291666666666667 0.017708333333333333 0.05166666666666667
6 0.70625 0.31833333333333336 0.041666666666666664 0.12000000000000001
2 0.7041666666666666 0.5258333333333334 0.020833333333333332 0.065
2 0.7 0.5275000000000001 0.010416666666666666 0.06833333333333334
2 0.7265625 0.5266666666666667 0.021875 0.07666666666666667
2 0.7244791666666667 0.5166666666666667 0.015625 0.05333333333333334
1 0.9020833333333333 0.535 0.11041666666666666 0.11
1 0.8692708333333333 0.5533333333333333 0.042708333333333334 0.07
1 0.9406249999999999 0.5425 0.10833333333333334 0.11166666666666668
1 0.9265625 0.5508333333333334 0.065625 0.085
1 0.9734375 0.5341666666666667 0.051041666666666666 0.10500000000000001