2 0.5385416666666667 0.49333333333333335 0.00625 0.03166666666666667
1 0.16145833333333334 0.5533333333333333 0.25625 0.24666666666666667
1 0.30416666666666664 0.49750000000000005 0.05 0.04833333333333334
7 0.29791666666666666 0.3216666666666667 0.022916666666666665 0.060000000000000005
1 0.30572916666666666 0.4941666666666667 0.036458333333333336 0.045000000000000005
1 0.36875 0.49083333333333334 0.029166666666666667 0.04166666666666667
4 0.3802083333333333 0.3175 0.01875 0.055
4 0.3828125 0.33166666666666667 0.015625 0.030000000000000002
4 0.44427083333333334 0.33666666666666667 0.019791666666666666 0.043333333333333335
4 0.44479166666666664 0.3466666666666667 0.014583333333333334 0.02666666666666667
1 0.503125 0.49083333333333334 0.03125 0.03833333333333334
4 0.5729166666666666 0.4116666666666667 0.01875 0.04
4 0.5723958333333333 0.4266666666666667 0.013541666666666667 0.030000000000000002
1 0.5947916666666666 0.4941666666666667 0.04583333333333333 0.05166666666666667
1 0.5958333333333333 0.49083333333333334 0.03333333333333333 0.05166666666666667
4 0.5942708333333333 0.3825 0.021875 0.058333333333333334
4 0.596875 0.39 0.01875 0.04
1 0.71875 0.4816666666666667 0.12708333333333333 0.07
1 0.8682291666666666 0.4808333333333334 0.11145833333333333 0.06166666666666667