1 0.14270833333333333 0.4783333333333334 0.11458333333333333 0.10333333333333335
1 0.14791666666666667 0.4758333333333334 0.11875 0.12833333333333335
1 0.2796875 0.49250000000000005 0.134375 0.15166666666666667
7 0.2671875 0.3425 0.021875 0.055
7 0.2713541666666667 0.34500000000000003 0.019791666666666666 0.043333333333333335
4 0.3442708333333333 0.3375 0.019791666666666666 0.045000000000000005
4 0.3463541666666667 0.3383333333333334 0.017708333333333333 0.043333333333333335
1 0.3578125 0.4991666666666667 0.040625 0.09166666666666667
1 0.3645833333333333 0.4991666666666667 0.035416666666666666 0.10500000000000001
4 0.403125 0.3433333333333334 0.014583333333333334 0.03666666666666667
4 0.4067708333333333 0.3408333333333334 0.017708333333333333 0.045000000000000005
1 0.4552083333333333 0.49750000000000005 0.07708333333333334 0.10500000000000001
0 0.534375 0.4941666666666667 0.025 0.07500000000000001
0 0.5411458333333333 0.4941666666666667 0.02395833333333333 0.07833333333333334
4 0.5473958333333333 0.41500000000000004 0.013541666666666667 0.030000000000000002
1 0.5973958333333333 0.4733333333333334 0.04895833333333333 0.04666666666666667
4 0.5885416666666666 0.3775 0.01875 0.065
4 0.5869791666666666 0.3725 0.015625 0.04833333333333334
1 0.9125 0.4575 0.04791666666666666 0.04166666666666667