1 0.12604166666666666 0.49750000000000005 0.0875 0.05166666666666667
1 0.128125 0.5041666666666667 0.08333333333333333 0.05166666666666667
1 0.31614583333333335 0.5083333333333334 0.15104166666666666 0.18333333333333335
1 0.41041666666666665 0.5008333333333334 0.06041666666666667 0.06833333333333334
1 0.409375 0.5033333333333334 0.05625 0.07666666666666667
4 0.4427083333333333 0.37583333333333335 0.0125 0.035
5 0.44375 0.3775 0.008333333333333333 0.028333333333333335
4 0.5020833333333333 0.36500000000000005 0.016666666666666666 0.05
4 0.5010416666666666 0.3641666666666667 0.008333333333333333 0.03166666666666667
4 0.59375 0.42083333333333334 0.01875 0.03833333333333334
3 0.59375 0.4241666666666667 0.016666666666666666 0.03833333333333334
3 0.7640625 0.3433333333333334 0.028125 0.07333333333333333
4 0.7640625 0.3358333333333334 0.026041666666666668 0.07500000000000001