1 0.9814453125 0.677734375 0.033203125 0.22265625
1 0.0732421875 0.5751953125 0.14453125 0.212890625
1 0.1845703125 0.5380859375 0.111328125 0.1435546875
1 0.1962890625 0.5400390625 0.11328125 0.1796875
1 0.2724609375 0.5224609375 0.068359375 0.125
1 0.3173828125 0.505859375 0.0498046875 0.1083984375
1 0.3486328125 0.505859375 0.0244140625 0.068359375
1 0.3681640625 0.5087890625 0.015625 0.05859375
1 0.5048828125 0.486328125 0.02734375 0.0302734375
1 0.5615234375 0.4873046875 0.0283203125 0.0283203125
1 0.8642578125 0.595703125 0.2353515625 0.248046875