1 0.0693359375 0.5888671875 0.138671875 0.287109375
10 0.16015625 0.474609375 0.0673828125 0.0830078125
1 0.166015625 0.552734375 0.0517578125 0.1015625
1 0.20703125 0.5498046875 0.0517578125 0.0966796875
1 0.2900390625 0.53125 0.0517578125 0.0634765625
1 0.2900390625 0.5361328125 0.044921875 0.0546875
10 0.3095703125 0.5048828125 0.0576171875 0.0732421875
1 0.3232421875 0.5126953125 0.033203125 0.0986328125
1 0.4052734375 0.5263671875 0.060546875 0.0869140625
1 0.4736328125 0.51953125 0.041015625 0.0498046875
1 0.5146484375 0.5244140625 0.052734375 0.0615234375
1 0.5947265625 0.5615234375 0.1064453125 0.1904296875
1 0.6162109375 0.5576171875 0.1357421875 0.162109375
1 0.763671875 0.59765625 0.2685546875 0.275390625