1 0.0751953125 0.607421875 0.1435546875 0.3154296875
3 0.11328125 0.2177734375 0.03125 0.087890625
1 0.19140625 0.5283203125 0.125 0.103515625
1 0.1953125 0.5234375 0.107421875 0.103515625
1 0.2861328125 0.501953125 0.0537109375 0.046875
1 0.2919921875 0.50390625 0.0478515625 0.068359375
3 0.29296875 0.2138671875 0.03515625 0.1015625
4 0.2939453125 0.212890625 0.025390625 0.0830078125
1 0.3505859375 0.50390625 0.0322265625 0.03515625
1 0.451171875 0.57421875 0.197265625 0.271484375
3 0.4462890625 0.2275390625 0.025390625 0.087890625
4 0.68359375 0.361328125 0.0439453125 0.0966796875
4 0.6845703125 0.365234375 0.0205078125 0.0595703125