2 0.4421875 0.5066666666666667 0.03229166666666666 0.11333333333333334
8 0.4348958333333333 0.41250000000000003 0.015625 0.03833333333333334
4 0.43645833333333334 0.4133333333333334 0.016666666666666666 0.03333333333333333
2 0.4453125 0.51 0.026041666666666668 0.12666666666666668
1 0.5536458333333333 0.49833333333333335 0.034375 0.060000000000000005
1 0.55625 0.5 0.035416666666666666 0.043333333333333335
2 0.6046875 0.5 0.019791666666666666 0.060000000000000005
8 0.6135416666666667 0.41750000000000004 0.014583333333333334 0.04166666666666667
6 0.6166666666666667 0.4191666666666667 0.01875 0.035
1 0.8270833333333333 0.4941666666666667 0.11458333333333333 0.06833333333333334
1 0.8302083333333333 0.48583333333333334 0.10208333333333333 0.058333333333333334