1 0.0380859375 0.537109375 0.07421875 0.095703125
1 0.14453125 0.5498046875 0.0400390625 0.0400390625
1 0.236328125 0.52734375 0.04296875 0.044921875
1 0.240234375 0.5341796875 0.05078125 0.0478515625
7 0.2265625 0.4814453125 0.009765625 0.0263671875
1 0.3037109375 0.5234375 0.0185546875 0.0263671875
1 0.3251953125 0.52734375 0.0400390625 0.05859375
7 0.3427734375 0.4287109375 0.01171875 0.0263671875
1 0.3759765625 0.5322265625 0.0439453125 0.0654296875
1 0.39453125 0.509765625 0.0263671875 0.033203125
4 0.392578125 0.4228515625 0.009765625 0.0263671875
1 0.427734375 0.53125 0.0625 0.0849609375
4 0.4716796875 0.4677734375 0.0087890625 0.03125
1 0.5400390625 0.5029296875 0.0439453125 0.04296875
1 0.74609375 0.48046875 0.0439453125 0.033203125