1 0.0458984375 0.712890625 0.091796875 0.26171875
1 0.1455078125 0.6103515625 0.060546875 0.0712890625
1 0.1982421875 0.6064453125 0.0517578125 0.06640625
1 0.2490234375 0.607421875 0.0654296875 0.0654296875
1 0.25390625 0.6123046875 0.0556640625 0.0712890625
1 0.2978515625 0.603515625 0.05078125 0.0595703125
1 0.3525390625 0.6640625 0.1416015625 0.1953125
1 0.3017578125 0.609375 0.0322265625 0.0654296875
1 0.412109375 0.609375 0.0654296875 0.0615234375
1 0.4228515625 0.60546875 0.0478515625 0.05859375
1 0.4638671875 0.5791015625 0.02734375 0.0380859375
1 0.62890625 0.5771484375 0.072265625 0.0517578125
1 0.6376953125 0.5830078125 0.0625 0.0498046875