1 0.9338541666666667 0.6245833333333334 0.13125 0.3408333333333334
1 0.08072916666666667 0.5566666666666668 0.07604166666666666 0.07
1 0.175 0.5391666666666667 0.0375 0.058333333333333334
1 0.20781249999999998 0.5375000000000001 0.028125 0.05166666666666667
1 0.403125 0.5308333333333334 0.09375 0.12833333333333335
7 0.3953125 0.4666666666666667 0.011458333333333333 0.03333333333333333
1 0.45208333333333334 0.5308333333333334 0.0375 0.085
1 0.4739583333333333 0.5066666666666667 0.05625 0.04666666666666667
6 0.45208333333333334 0.42583333333333334 0.010416666666666666 0.028333333333333335
1 0.4848958333333333 0.5025000000000001 0.04479166666666667 0.058333333333333334
6 0.47812499999999997 0.4658333333333334 0.010416666666666666 0.028333333333333335
6 0.5161458333333333 0.4416666666666667 0.009375 0.030000000000000002
1 0.5645833333333333 0.5258333333333334 0.07291666666666667 0.08833333333333333
1 0.6557291666666667 0.5325000000000001 0.13645833333333332 0.18166666666666667