1 0.10260416666666666 0.5141666666666667 0.084375 0.11166666666666668
1 0.103125 0.5133333333333334 0.08541666666666667 0.10333333333333335
1 0.209375 0.48333333333333334 0.18541666666666667 0.25
10 0.21145833333333333 0.4733333333333334 0.15208333333333332 0.20333333333333334
4 0.2661458333333333 0.11833333333333335 0.03229166666666666 0.10666666666666667
4 0.2682291666666667 0.12666666666666668 0.03229166666666666 0.07666666666666667
1 0.396875 0.5025000000000001 0.09375 0.11833333333333335
4 0.41562499999999997 0.115 0.025 0.07666666666666667
4 0.42083333333333334 0.14416666666666667 0.022916666666666665 0.055
1 0.5135416666666667 0.5191666666666667 0.06875 0.095
1 0.5385416666666667 0.4866666666666667 0.0375 0.05666666666666667
4 0.734375 0.32666666666666666 0.027083333333333334 0.06333333333333334
4 0.7442708333333333 0.29750000000000004 0.030208333333333334 0.07833333333333334
1 0.9307291666666666 0.49333333333333335 0.065625 0.05