1 0.75390625 0.4921875 0.0693359375 0.0595703125
1 0.166015625 0.5205078125 0.0947265625 0.08203125
1 0.1025390625 0.5244140625 0.0380859375 0.068359375
1 0.11328125 0.517578125 0.0322265625 0.0419921875
1 0.22265625 0.4951171875 0.0537109375 0.0703125
1 0.2255859375 0.4990234375 0.046875 0.0615234375
1 0.306640625 0.4912109375 0.0263671875 0.037109375
1 0.455078125 0.494140625 0.076171875 0.0947265625
1 0.5615234375 0.5029296875 0.0361328125 0.099609375
1 0.603515625 0.51171875 0.0654296875 0.08984375
1 0.595703125 0.5107421875 0.0458984375 0.087890625
1 0.6806640625 0.509765625 0.1357421875 0.1630859375