1 0.126953125 0.52734375 0.072265625 0.0419921875
1 0.1318359375 0.51953125 0.0732421875 0.0546875
1 0.2822265625 0.51953125 0.0654296875 0.037109375
1 0.365234375 0.5146484375 0.033203125 0.044921875
7 0.396484375 0.375 0.01171875 0.0302734375
1 0.4189453125 0.5146484375 0.046875 0.0654296875
6 0.4541015625 0.390625 0.013671875 0.03515625
6 0.4541015625 0.390625 0.009765625 0.0283203125
2 0.4580078125 0.509765625 0.017578125 0.0537109375
2 0.4580078125 0.505859375 0.013671875 0.044921875
1 0.509765625 0.51171875 0.0458984375 0.056640625
6 0.5302734375 0.439453125 0.009765625 0.0283203125
6 0.53125 0.4365234375 0.0107421875 0.01953125
10 0.599609375 0.474609375 0.140625 0.0771484375
6 0.583984375 0.4091796875 0.0126953125 0.0380859375
6 0.5849609375 0.4052734375 0.0126953125 0.0302734375
2 0.6416015625 0.4912109375 0.017578125 0.0517578125