2 0.0625 0.5966666666666667 0.07291666666666667 0.38
1 0.1765625 0.5241666666666667 0.078125 0.07500000000000001
2 0.16145833333333334 0.5216666666666667 0.016666666666666666 0.07666666666666667
2 0.1625 0.5266666666666667 0.016666666666666666 0.07333333333333333
2 0.18177083333333333 0.525 0.019791666666666666 0.07666666666666667
2 0.20104166666666667 0.5241666666666667 0.020833333333333332 0.06833333333333334
2 0.21927083333333333 0.5191666666666667 0.019791666666666666 0.07833333333333334
1 0.2375 0.5041666666666667 0.04791666666666666 0.035
1 0.24583333333333332 0.5308333333333334 0.05416666666666667 0.04166666666666667
2 0.2598958333333333 0.5191666666666667 0.017708333333333333 0.06833333333333334
2 0.28489583333333335 0.5133333333333334 0.02395833333333333 0.07333333333333333
10 0.33177083333333335 0.47750000000000004 0.10104166666666667 0.13833333333333334
1 0.33177083333333335 0.4816666666666667 0.09895833333333333 0.14
2 0.2973958333333333 0.5175000000000001 0.02395833333333333 0.08166666666666667
2 0.3015625 0.52 0.015625 0.06333333333333334
2 0.31927083333333334 0.5166666666666667 0.017708333333333333 0.07333333333333333
2 0.3182291666666667 0.5133333333333334 0.011458333333333333 0.06666666666666667
7 0.44895833333333335 0.32 0.020833333333333332 0.05333333333333334
6 0.5203125 0.3241666666666667 0.021875 0.06833333333333334
1 0.5510416666666667 0.5116666666666667 0.041666666666666664 0.05666666666666667
6 0.6567708333333333 0.40750000000000003 0.019791666666666666 0.06166666666666667
1 0.709375 0.5175000000000001 0.12083333333333333 0.085
1 0.9473958333333333 0.5191666666666667 0.10104166666666667 0.08166666666666667