2 0.9445312499999999 0.5479166666666667 0.021354166666666667 0.11416666666666668
1 0.022395833333333334 0.5766666666666667 0.034375 0.18333333333333335
1 0.08854166666666667 0.5808333333333334 0.12916666666666665 0.17833333333333334
10 0.08385416666666666 0.48833333333333334 0.11145833333333333 0.08666666666666667
1 0.284375 0.5908333333333333 0.32916666666666666 0.4216666666666667
3 0.3171875 0.32833333333333337 0.017708333333333333 0.05333333333333334
6 0.4140625 0.32583333333333336 0.019791666666666666 0.04833333333333334
1 0.45677083333333335 0.5275000000000001 0.046875 0.06166666666666667
1 0.4588541666666667 0.5208333333333334 0.04895833333333333 0.07833333333333334
6 0.49166666666666664 0.32583333333333336 0.01875 0.055
1 0.5755208333333334 0.535 0.13854166666666667 0.11333333333333334
1 0.6901041666666666 0.5625 0.14895833333333333 0.1716666666666667
6 0.6791666666666667 0.4166666666666667 0.016666666666666666 0.04666666666666667
10 0.8151041666666666 0.48000000000000004 0.11770833333333333 0.12000000000000001
1 0.8781249999999999 0.4816666666666667 0.23333333333333334 0.16333333333333333
1 0.8885416666666667 0.5241666666666667 0.14583333333333334 0.08166666666666667
6 0.9291666666666667 0.2566666666666667 0.05 0.15333333333333335