1 0.033203125 0.5634765625 0.0654296875 0.0830078125
1 0.0654296875 0.55078125 0.037109375 0.0751953125
1 0.0888671875 0.54296875 0.0458984375 0.0751953125
1 0.2236328125 0.53515625 0.0361328125 0.046875
1 0.3203125 0.5390625 0.1181640625 0.1650390625
1 0.3935546875 0.521484375 0.029296875 0.0771484375
1 0.4091796875 0.513671875 0.03515625 0.0732421875
1 0.419921875 0.521484375 0.0322265625 0.056640625
1 0.423828125 0.529296875 0.0322265625 0.0712890625
1 0.4716796875 0.5234375 0.0888671875 0.1201171875
1 0.470703125 0.51953125 0.087890625 0.08984375
1 0.5185546875 0.537109375 0.0712890625 0.123046875
1 0.6083984375 0.548828125 0.16796875 0.1845703125
1 0.724609375 0.5791015625 0.162109375 0.21484375
1 0.8447265625 0.65625 0.30078125 0.4169921875