10 0.0634765625 0.5087890625 0.1240234375 0.080078125
2 0.107421875 0.5283203125 0.021484375 0.0830078125
2 0.1103515625 0.525390625 0.02734375 0.0771484375
2 0.18359375 0.51953125 0.021484375 0.080078125
6 0.3583984375 0.1787109375 0.025390625 0.0849609375
6 0.6005859375 0.3388671875 0.0283203125 0.087890625
6 0.603515625 0.3369140625 0.0166015625 0.0634765625
1 0.6435546875 0.5068359375 0.0869140625 0.0595703125
2 0.6396484375 0.5087890625 0.0263671875 0.111328125
2 0.6796875 0.4970703125 0.017578125 0.0849609375
2 0.7138671875 0.51171875 0.0283203125 0.103515625
2 0.806640625 0.51953125 0.048828125 0.1767578125
2 0.8076171875 0.525390625 0.0341796875 0.1767578125
2 0.9228515625 0.5146484375 0.04296875 0.1953125