7 0.2986979166666667 0.06708333333333334 0.028645833333333332 0.10250000000000001
4 0.5221354166666666 0.04833333333333334 0.028645833333333332 0.095
4 0.8614583333333333 0.30291666666666667 0.034375 0.09416666666666668
1 0.02421875 0.5483333333333333 0.04739583333333333 0.043333333333333335
1 0.11171874999999999 0.5654166666666667 0.09947916666666666 0.08750000000000001
1 0.190625 0.5708333333333334 0.13333333333333333 0.12833333333333335
1 0.28541666666666665 0.5541666666666667 0.08125 0.095
1 0.3359375 0.5558333333333334 0.059375 0.07166666666666667
10 0.5072916666666667 0.5225000000000001 0.05625 0.11166666666666668
1 0.5604166666666667 0.5308333333333334 0.04375 0.058333333333333334
0 0.6489583333333333 0.5441666666666667 0.025 0.09833333333333334