1 0.9356770833333333 0.49541666666666667 0.12760416666666666 0.07083333333333333
1 0.08125 0.5508333333333334 0.16145833333333334 0.2916666666666667
1 0.18177083333333333 0.5408333333333334 0.028125 0.05166666666666667
1 0.21197916666666666 0.5333333333333333 0.053125 0.06666666666666667
1 0.21197916666666666 0.5358333333333334 0.051041666666666666 0.07833333333333334
10 0.29791666666666666 0.49583333333333335 0.075 0.13166666666666668
1 0.32916666666666666 0.545 0.058333333333333334 0.07666666666666667
1 0.3885416666666667 0.5325000000000001 0.08125 0.095
2 0.5192708333333333 0.505 0.021875 0.08666666666666667
2 0.5197916666666667 0.5125000000000001 0.020833333333333332 0.08166666666666667
2 0.5942708333333333 0.51 0.026041666666666668 0.07