1 0.140625 0.4625 0.28125 0.4916666666666667
10 0.134375 0.4633333333333334 0.26875 0.46
1 0.3703125 0.5633333333333334 0.196875 0.29000000000000004
1 0.45468749999999997 0.5341666666666667 0.03229166666666666 0.125
1 0.4708333333333333 0.5258333333333334 0.029166666666666667 0.055
1 0.5354166666666667 0.5591666666666667 0.04791666666666666 0.10500000000000001
4 0.5322916666666666 0.4441666666666667 0.01875 0.04166666666666667
1 0.5776041666666667 0.5750000000000001 0.09895833333333333 0.15333333333333335
1 0.56875 0.5733333333333334 0.0625 0.14333333333333334
1 0.6598958333333333 0.5933333333333334 0.15104166666666666 0.25333333333333335
1 0.8244791666666667 0.6525000000000001 0.34479166666666666 0.48833333333333334