1 0.03229166666666666 0.4366666666666667 0.06458333333333333 0.08666666666666667
1 0.07916666666666666 0.44 0.04375 0.08333333333333334
1 0.10520833333333333 0.43333333333333335 0.04791666666666666 0.09000000000000001
1 0.15052083333333333 0.4566666666666667 0.08645833333333333 0.09000000000000001
1 0.1828125 0.4625 0.059375 0.06166666666666667
1 0.2708333333333333 0.44333333333333336 0.06041666666666667 0.06333333333333334
1 0.2796875 0.45083333333333336 0.05520833333333333 0.058333333333333334
6 0.425 0.41833333333333333 0.0125 0.023333333333333334
1 0.49895833333333334 0.4941666666666667 0.09375 0.155
8 0.49895833333333334 0.395 0.010416666666666666 0.030000000000000002
1 0.6302083333333334 0.48250000000000004 0.05 0.05166666666666667
1 0.6942708333333333 0.5033333333333334 0.07395833333333333 0.08
1 0.73125 0.49083333333333334 0.03333333333333333 0.04833333333333334
1 0.7973958333333333 0.49750000000000005 0.065625 0.07166666666666667
1 0.8005208333333333 0.49833333333333335 0.06354166666666666 0.07
1 0.8604166666666666 0.4966666666666667 0.052083333333333336 0.06333333333333334
1 0.9151041666666666 0.5066666666666667 0.057291666666666664 0.05666666666666667