1 0.20833333333333334 0.5291666666666667 0.05 0.058333333333333334
1 0.21510416666666665 0.5266666666666667 0.053125 0.04666666666666667
1 0.340625 0.5366666666666667 0.14791666666666667 0.19333333333333336
7 0.3609375 0.43250000000000005 0.017708333333333333 0.04166666666666667
7 0.36041666666666666 0.4291666666666667 0.0125 0.04166666666666667
1 0.42291666666666666 0.5408333333333334 0.052083333333333336 0.12833333333333335
6 0.46041666666666664 0.3791666666666667 0.016666666666666666 0.058333333333333334
6 0.45989583333333334 0.37583333333333335 0.011458333333333333 0.03166666666666667
6 0.5010416666666666 0.4416666666666667 0.020833333333333332 0.05333333333333334
6 0.4984375 0.43583333333333335 0.011458333333333333 0.035
6 0.5927083333333333 0.3775 0.022916666666666665 0.06833333333333334
6 0.5947916666666666 0.37583333333333335 0.020833333333333332 0.06166666666666667
1 0.9161458333333333 0.5016666666666667 0.16354166666666667 0.15333333333333335
1 0.9161458333333333 0.5058333333333334 0.16354166666666667 0.155