1 0.1982421875 0.53515625 0.1435546875 0.150390625
1 0.3154296875 0.513671875 0.0615234375 0.037109375
1 0.3701171875 0.5 0.0576171875 0.0771484375
1 0.3779296875 0.4970703125 0.0673828125 0.0654296875
6 0.4375 0.4375 0.0166015625 0.0517578125
6 0.443359375 0.447265625 0.0244140625 0.05859375
1 0.4755859375 0.5029296875 0.0498046875 0.0380859375
1 0.48046875 0.505859375 0.046875 0.0478515625
1 0.552734375 0.4931640625 0.05859375 0.046875
1 0.5546875 0.4912109375 0.052734375 0.046875
6 0.5888671875 0.267578125 0.015625 0.0419921875
7 0.58984375 0.271484375 0.013671875 0.04296875
1 0.666015625 0.5185546875 0.1142578125 0.1435546875
6 0.619140625 0.3984375 0.0185546875 0.0498046875
6 0.62109375 0.40234375 0.015625 0.0380859375
6 0.6787109375 0.3935546875 0.0146484375 0.0400390625
6 0.681640625 0.400390625 0.015625 0.0400390625
6 0.69140625 0.2939453125 0.0166015625 0.0419921875
6 0.693359375 0.298828125 0.01953125 0.0478515625
1 0.7490234375 0.5029296875 0.0625 0.1083984375
1 0.7412109375 0.5048828125 0.0458984375 0.1103515625
6 0.7294921875 0.4287109375 0.0107421875 0.0283203125
1 0.7978515625 0.5224609375 0.09375 0.111328125
1 0.7919921875 0.51953125 0.0634765625 0.125
6 0.81640625 0.3896484375 0.015625 0.0419921875
6 0.818359375 0.3955078125 0.0185546875 0.0517578125
1 0.91015625 0.5341796875 0.1748046875 0.171875
1 0.91015625 0.5322265625 0.1728515625 0.158203125
6 0.8955078125 0.3505859375 0.0224609375 0.05859375
6 0.8974609375 0.3515625 0.015625 0.046875
2 0.9921875 0.5107421875 0.013671875 0.078125