1 0.121875 0.5383333333333333 0.05416666666666667 0.060000000000000005
1 0.15885416666666666 0.5366666666666667 0.04479166666666667 0.060000000000000005
1 0.2140625 0.53 0.03229166666666666 0.043333333333333335
1 0.2552083333333333 0.5266666666666667 0.041666666666666664 0.030000000000000002
1 0.25677083333333334 0.5258333333333334 0.034375 0.03833333333333334
1 0.37083333333333335 0.5700000000000001 0.20416666666666666 0.28
1 0.46249999999999997 0.5425 0.041666666666666664 0.11166666666666668
1 0.5166666666666666 0.5191666666666667 0.04791666666666666 0.058333333333333334
1 0.515625 0.5225000000000001 0.0375 0.055
2 0.5296875 0.5191666666666667 0.02395833333333333 0.07833333333333334
2 0.528125 0.52 0.01875 0.07
1 0.6208333333333333 0.5033333333333334 0.05625 0.05666666666666667
1 0.8494791666666667 0.5850000000000001 0.296875 0.3566666666666667
1 0.9401041666666666 0.6566666666666667 0.11562499999999999 0.43333333333333335