2 0.03515625 0.552734375 0.021484375 0.0947265625
2 0.0380859375 0.546875 0.0185546875 0.09375
2 0.052734375 0.5478515625 0.017578125 0.1015625
2 0.06640625 0.568359375 0.0166015625 0.0537109375
2 0.0830078125 0.54296875 0.0224609375 0.1015625
2 0.087890625 0.54296875 0.0185546875 0.111328125
1 0.126953125 0.5556640625 0.078125 0.08203125
1 0.2275390625 0.544921875 0.0830078125 0.09375
1 0.2822265625 0.529296875 0.03125 0.0654296875
1 0.3095703125 0.51953125 0.0302734375 0.0654296875
1 0.3642578125 0.521484375 0.0673828125 0.09375
1 0.435546875 0.521484375 0.0478515625 0.0537109375
2 0.5166015625 0.498046875 0.0126953125 0.080078125
3 0.58203125 0.3134765625 0.0263671875 0.0966796875
2 0.9853515625 0.4794921875 0.025390625 0.158203125