1 0.5138020833333333 0.4891666666666667 0.019270833333333334 0.018333333333333333
1 0.48723958333333334 0.48833333333333334 0.0265625 0.016666666666666666
1 0.45338541666666665 0.49000000000000005 0.009895833333333333 0.013333333333333334
1 0.3151041666666667 0.5 0.04895833333333333 0.028333333333333335
1 0.23124999999999998 0.5041666666666667 0.06458333333333333 0.06833333333333334
1 0.26875 0.505 0.052083333333333336 0.03666666666666667
1 0.3703125 0.5208333333333334 0.08645833333333333 0.10500000000000001
2 0.5744791666666667 0.49000000000000005 0.017708333333333333 0.06333333333333334
1 0.8109375 0.4625 0.019791666666666666 0.03166666666666667
1 0.8921875 0.465 0.046875 0.03666666666666667
1 0.9427083333333334 0.4608333333333334 0.052083333333333336 0.04166666666666667