1 0.064453125 0.615234375 0.12890625 0.240234375
1 0.4052734375 0.5478515625 0.0537109375 0.05859375
1 0.4501953125 0.5439453125 0.037109375 0.0380859375
1 0.470703125 0.537109375 0.0224609375 0.046875
0 0.5478515625 0.537109375 0.025390625 0.0771484375
1 0.5927734375 0.54296875 0.0517578125 0.0654296875
1 0.6865234375 0.5849609375 0.056640625 0.18359375
1 0.69140625 0.5771484375 0.064453125 0.1650390625
1 0.771484375 0.591796875 0.1611328125 0.2236328125
1 0.7724609375 0.5888671875 0.1474609375 0.205078125
1 0.921875 0.529296875 0.068359375 0.0712890625