1 0.94140625 0.5419921875 0.1162109375 0.2333984375
1 0.11328125 0.51171875 0.1533203125 0.1103515625
1 0.224609375 0.5029296875 0.0908203125 0.091796875
1 0.22265625 0.501953125 0.0830078125 0.0869140625
1 0.2763671875 0.4873046875 0.052734375 0.0849609375
1 0.3095703125 0.4951171875 0.0400390625 0.080078125
1 0.31640625 0.4833984375 0.0361328125 0.0732421875
1 0.34765625 0.4892578125 0.052734375 0.068359375
1 0.345703125 0.486328125 0.0419921875 0.0634765625
1 0.3857421875 0.4775390625 0.0380859375 0.05859375
1 0.4091796875 0.4814453125 0.029296875 0.0537109375
1 0.6484375 0.4951171875 0.0595703125 0.0634765625
1 0.7548828125 0.5107421875 0.095703125 0.10546875
1 0.861328125 0.521484375 0.1611328125 0.1533203125