1 0.015625 0.5302734375 0.029296875 0.046875
6 0.0615234375 0.44921875 0.0205078125 0.0419921875
7 0.0634765625 0.4638671875 0.0166015625 0.0478515625
1 0.126953125 0.5224609375 0.0341796875 0.044921875
1 0.1494140625 0.517578125 0.0185546875 0.0478515625
1 0.171875 0.5205078125 0.03515625 0.0419921875
1 0.193359375 0.5166015625 0.021484375 0.04296875
1 0.220703125 0.51171875 0.0458984375 0.0537109375
7 0.21484375 0.37109375 0.0185546875 0.0546875
1 0.4287109375 0.580078125 0.373046875 0.5166015625
1 0.2666015625 0.5087890625 0.0380859375 0.08984375
3 0.5888671875 0.3779296875 0.033203125 0.0595703125
1 0.66015625 0.533203125 0.1162109375 0.103515625
1 0.9375 0.66796875 0.123046875 0.3095703125