1 0.09765625 0.548828125 0.0771484375 0.0615234375
2 0.06640625 0.5458984375 0.0205078125 0.0654296875
1 0.19921875 0.5322265625 0.0458984375 0.0478515625
1 0.2587890625 0.529296875 0.0673828125 0.078125
1 0.2587890625 0.5322265625 0.0595703125 0.0751953125
1 0.306640625 0.525390625 0.037109375 0.0546875
1 0.3017578125 0.52734375 0.0283203125 0.044921875
6 0.3779296875 0.4248046875 0.009765625 0.0302734375
1 0.427734375 0.51953125 0.037109375 0.04296875
6 0.4169921875 0.4326171875 0.0107421875 0.03515625
6 0.4912109375 0.4501953125 0.0185546875 0.037109375
1 0.89453125 0.4970703125 0.091796875 0.0517578125