6 0.9150390625 0.224609375 0.0380859375 0.125
1 0.91015625 0.5693359375 0.17578125 0.361328125
1 0.1181640625 0.5302734375 0.234375 0.3837890625
1 0.1123046875 0.544921875 0.22265625 0.4033203125
1 0.244140625 0.51171875 0.1337890625 0.15625
1 0.25 0.51171875 0.1142578125 0.2001953125
7 0.396484375 0.3095703125 0.021484375 0.0380859375
7 0.3994140625 0.318359375 0.0185546875 0.0498046875
6 0.4755859375 0.3115234375 0.021484375 0.0302734375
6 0.4765625 0.3173828125 0.013671875 0.0380859375
6 0.5986328125 0.3837890625 0.0166015625 0.03515625
6 0.6025390625 0.392578125 0.015625 0.044921875