0 0.025260416666666667 0.5541666666666667 0.049479166666666664 0.09166666666666667
1 0.11979166666666667 0.5408333333333334 0.07708333333333334 0.08166666666666667
1 0.17864583333333334 0.54 0.046875 0.06666666666666667
1 0.17864583333333334 0.54 0.046875 0.05
1 0.3296875 0.6525000000000001 0.33229166666666665 0.4216666666666667
7 0.28072916666666664 0.2775 0.021875 0.065
6 0.39010416666666664 0.28583333333333333 0.021875 0.07166666666666667
1 0.46458333333333335 0.5183333333333333 0.041666666666666664 0.10333333333333335
0 0.509375 0.53 0.03333333333333333 0.07333333333333333
2 0.5505208333333333 0.5158333333333334 0.015625 0.07166666666666667
6 0.5630208333333333 0.4108333333333334 0.02395833333333333 0.065
2 0.5890625 0.5275000000000001 0.017708333333333333 0.07833333333333334
2 0.6052083333333333 0.5308333333333334 0.01875 0.08833333333333333
2 0.625 0.53 0.016666666666666666 0.08333333333333334
1 0.7307291666666667 0.5283333333333333 0.171875 0.08333333333333334
0 0.6619791666666667 0.515 0.030208333333333334 0.07
0 0.6619791666666667 0.5108333333333334 0.02395833333333333 0.05166666666666667
2 0.6942708333333333 0.5491666666666667 0.08229166666666667 0.21833333333333335
2 0.6953125 0.5466666666666667 0.08020833333333333 0.22