2 0.0458984375 0.5478515625 0.0224609375 0.123046875
2 0.072265625 0.5419921875 0.0244140625 0.0732421875
2 0.0712890625 0.541015625 0.015625 0.0712890625
2 0.0927734375 0.5400390625 0.0185546875 0.0634765625
2 0.111328125 0.541015625 0.017578125 0.0546875
2 0.1201171875 0.5341796875 0.0185546875 0.05859375
2 0.1513671875 0.529296875 0.015625 0.0478515625
2 0.1630859375 0.5322265625 0.009765625 0.0654296875
2 0.1728515625 0.5263671875 0.01171875 0.056640625
1 0.2548828125 0.53125 0.1181640625 0.0849609375
1 0.2587890625 0.5283203125 0.119140625 0.0830078125
6 0.208984375 0.4375 0.015625 0.03515625
1 0.3515625 0.56640625 0.1181640625 0.1435546875
2 0.3115234375 0.5068359375 0.015625 0.0400390625
2 0.427734375 0.53125 0.0361328125 0.1064453125
2 0.427734375 0.529296875 0.0302734375 0.1083984375
1 0.4755859375 0.51953125 0.0849609375 0.0751953125
6 0.4560546875 0.408203125 0.0166015625 0.0498046875
2 0.5068359375 0.537109375 0.0205078125 0.0615234375
2 0.5458984375 0.5146484375 0.0185546875 0.0634765625
2 0.78515625 0.5615234375 0.0830078125 0.126953125