1 0.2421875 0.546875 0.044921875 0.046875
1 0.34765625 0.5380859375 0.0625 0.046875
7 0.3701171875 0.4345703125 0.0126953125 0.03125
1 0.4130859375 0.537109375 0.03125 0.0400390625
6 0.4189453125 0.4404296875 0.0146484375 0.0380859375
1 0.4658203125 0.5322265625 0.037109375 0.0615234375
6 0.4619140625 0.4482421875 0.013671875 0.0302734375
1 0.5009765625 0.5380859375 0.05078125 0.0703125
3 0.513671875 0.4814453125 0.0146484375 0.033203125
6 0.603515625 0.4677734375 0.0146484375 0.044921875
1 0.623046875 0.5224609375 0.0439453125 0.0419921875
1 0.6943359375 0.552734375 0.1044921875 0.111328125