1 0.0234375 0.5869140625 0.0458984375 0.17578125
1 0.94140625 0.58984375 0.1162109375 0.3408203125
1 0.0849609375 0.53125 0.1005859375 0.1279296875
1 0.1552734375 0.537109375 0.1142578125 0.123046875
1 0.162109375 0.49609375 0.095703125 0.08203125
1 0.23046875 0.53125 0.033203125 0.080078125
1 0.6494140625 0.5322265625 0.0927734375 0.10546875
1 0.6640625 0.5517578125 0.048828125 0.103515625
1 0.7021484375 0.54296875 0.0693359375 0.2001953125
1 0.7900390625 0.5517578125 0.181640625 0.20703125
1 0.8525390625 0.576171875 0.1611328125 0.2216796875