2 0.9861979166666667 0.5295833333333334 0.0265625 0.21416666666666667
2 0.9591145833333333 0.56125 0.06302083333333333 0.2758333333333334
1 0.10781249999999999 0.5900000000000001 0.15104166666666666 0.14
0 0.23541666666666666 0.5675 0.03333333333333333 0.11166666666666668
1 0.2953125 0.5725 0.09895833333333333 0.12166666666666667
1 0.384375 0.5391666666666667 0.027083333333333334 0.04166666666666667
1 0.4401041666666667 0.5716666666666667 0.078125 0.1
0 0.590625 0.5750000000000001 0.058333333333333334 0.2566666666666667
3 0.5755208333333334 0.30000000000000004 0.02395833333333333 0.08666666666666667
2 0.65 0.5308333333333334 0.020833333333333332 0.07166666666666667
2 0.6848958333333334 0.535 0.021875 0.09666666666666668
2 0.7067708333333333 0.535 0.019791666666666666 0.09333333333333334
2 0.7359375 0.5375000000000001 0.02395833333333333 0.058333333333333334
2 0.828125 0.5700000000000001 0.04583333333333333 0.17333333333333334
2 0.8739583333333333 0.5558333333333334 0.03958333333333333 0.17833333333333334