1 0.04296875 0.53125 0.0849609375 0.126953125
1 0.1123046875 0.525390625 0.0341796875 0.04296875
1 0.21484375 0.5146484375 0.0244140625 0.03125
1 0.2880859375 0.529296875 0.09375 0.111328125
2 0.3525390625 0.5458984375 0.0341796875 0.125
4 0.388671875 0.3232421875 0.0244140625 0.0830078125
2 0.5341796875 0.5380859375 0.0380859375 0.150390625
2 0.6103515625 0.5263671875 0.02734375 0.16015625
2 0.66796875 0.513671875 0.03515625 0.146484375
2 0.7919921875 0.5068359375 0.0341796875 0.150390625
1 0.904296875 0.5458984375 0.18359375 0.1552734375
1 0.91015625 0.5517578125 0.1748046875 0.1298828125