1 0.037109375 0.4736328125 0.0498046875 0.056640625
1 0.037109375 0.4775390625 0.0498046875 0.0517578125
1 0.0703125 0.470703125 0.0380859375 0.0546875
1 0.0751953125 0.46875 0.0263671875 0.05859375
1 0.1025390625 0.474609375 0.037109375 0.0419921875
1 0.1083984375 0.4736328125 0.0380859375 0.0263671875
1 0.1416015625 0.474609375 0.048828125 0.0478515625
1 0.1484375 0.4736328125 0.046875 0.0400390625
1 0.1748046875 0.470703125 0.01953125 0.0478515625
1 0.21484375 0.4716796875 0.0537109375 0.0634765625
1 0.21484375 0.466796875 0.0458984375 0.0595703125
1 0.2548828125 0.46875 0.037109375 0.04296875
1 0.26171875 0.4716796875 0.041015625 0.046875
6 0.416015625 0.326171875 0.01953125 0.0478515625
7 0.419921875 0.3310546875 0.01953125 0.044921875
1 0.501953125 0.5029296875 0.07421875 0.0849609375
6 0.50390625 0.318359375 0.025390625 0.033203125
6 0.5048828125 0.3271484375 0.013671875 0.0380859375
1 0.6376953125 0.484375 0.115234375 0.1083984375
6 0.591796875 0.34375 0.015625 0.0400390625
6 0.5986328125 0.337890625 0.01953125 0.0380859375
6 0.6748046875 0.40625 0.021484375 0.044921875
6 0.7744140625 0.3486328125 0.015625 0.06640625
6 0.77734375 0.3447265625 0.015625 0.0537109375