1 0.513671875 0.4892578125 0.01953125 0.0185546875
1 0.4873046875 0.48828125 0.0263671875 0.0166015625
1 0.453125 0.490234375 0.009765625 0.013671875
1 0.3154296875 0.5 0.048828125 0.0283203125
1 0.2314453125 0.50390625 0.064453125 0.068359375
1 0.2685546875 0.5048828125 0.0517578125 0.037109375
1 0.3701171875 0.5205078125 0.0869140625 0.10546875
2 0.57421875 0.490234375 0.017578125 0.0634765625
1 0.810546875 0.462890625 0.01953125 0.03125
1 0.892578125 0.46484375 0.046875 0.037109375
1 0.9423828125 0.4609375 0.0517578125 0.0419921875