1 0.07369791666666667 0.6208333333333333 0.14635416666666667 0.39
0 0.49895833333333334 0.5370833333333334 0.025 0.08750000000000001
4 0.3171875 0.2566666666666667 0.021875 0.060000000000000005
1 0.40989583333333335 0.5366666666666667 0.059375 0.08666666666666667
4 0.42343749999999997 0.27666666666666667 0.017708333333333333 0.06333333333333334
1 0.4515625 0.5266666666666667 0.028125 0.04
4 0.5416666666666666 0.3916666666666667 0.01875 0.05
0 0.584375 0.5175000000000001 0.027083333333333334 0.095
2 0.5864583333333333 0.5116666666666667 0.020833333333333332 0.06333333333333334
4 0.6421875 0.2725 0.040625 0.125
4 0.646875 0.27416666666666667 0.027083333333333334 0.115