1 0.1142578125 0.5498046875 0.08203125 0.080078125
1 0.1533203125 0.5078125 0.0673828125 0.0517578125
1 0.1845703125 0.537109375 0.0634765625 0.056640625
10 0.2744140625 0.48046875 0.123046875 0.19140625
1 0.3544921875 0.5302734375 0.0361328125 0.037109375
1 0.3857421875 0.517578125 0.03515625 0.03515625
7 0.4228515625 0.3203125 0.0205078125 0.0634765625
6 0.4990234375 0.3173828125 0.0244140625 0.0654296875
6 0.64453125 0.4150390625 0.02734375 0.0703125
10 0.9501953125 0.4462890625 0.0908203125 0.23046875
1 0.9775390625 0.833984375 0.04296875 0.3154296875