1 0.0458984375 0.5712890625 0.091796875 0.2685546875
1 0.2021484375 0.50390625 0.0302734375 0.03515625
7 0.2275390625 0.29296875 0.017578125 0.0654296875
1 0.23828125 0.5087890625 0.0361328125 0.037109375
7 0.232421875 0.2939453125 0.0205078125 0.068359375
1 0.240234375 0.50390625 0.0341796875 0.03125
1 0.2802734375 0.501953125 0.0380859375 0.0400390625
4 0.333984375 0.287109375 0.0185546875 0.0595703125
4 0.3349609375 0.2880859375 0.01953125 0.0634765625
1 0.3759765625 0.4970703125 0.09765625 0.1103515625
4 0.412109375 0.2861328125 0.0205078125 0.0615234375
4 0.4150390625 0.291015625 0.017578125 0.044921875
1 0.4267578125 0.501953125 0.0400390625 0.0732421875
1 0.4287109375 0.5 0.0341796875 0.0703125
1 0.4970703125 0.4990234375 0.0556640625 0.08203125
0 0.5927734375 0.4970703125 0.03125 0.091796875
0 0.591796875 0.5 0.0224609375 0.08984375
4 0.6201171875 0.396484375 0.017578125 0.037109375
1 0.6865234375 0.4873046875 0.0712890625 0.044921875
4 0.7333984375 0.296875 0.029296875 0.1064453125
4 0.7373046875 0.2919921875 0.0341796875 0.099609375
1 0.8232421875 0.4990234375 0.138671875 0.0654296875