1 0.014583333333333334 0.5566666666666668 0.029166666666666667 0.13
1 0.05572916666666666 0.555 0.05520833333333333 0.060000000000000005
1 0.15260416666666665 0.5391666666666667 0.026041666666666668 0.045000000000000005
1 0.19166666666666665 0.5391666666666667 0.027083333333333334 0.03166666666666667
1 0.31614583333333335 0.6366666666666667 0.271875 0.3666666666666667
1 0.22760416666666666 0.5308333333333334 0.026041666666666668 0.04166666666666667
7 0.3421875 0.315 0.026041666666666668 0.07333333333333333
4 0.46249999999999997 0.3225 0.025 0.07833333333333334
1 0.63125 0.5566666666666668 0.18125 0.23333333333333334
4 0.5598958333333334 0.35583333333333333 0.030208333333333334 0.07500000000000001
4 0.5583333333333333 0.34 0.020833333333333332 0.05666666666666667
1 0.821875 0.6375000000000001 0.3520833333333333 0.5416666666666667
4 0.6786458333333333 0.43333333333333335 0.017708333333333333 0.05