2 0.6865234375 0.494140625 0.0166015625 0.04296875
2 0.6376953125 0.5078125 0.0205078125 0.0810546875
2 0.015625 0.548828125 0.025390625 0.10546875
1 0.2744140625 0.6728515625 0.384765625 0.419921875
2 0.14453125 0.525390625 0.0224609375 0.0703125
4 0.248046875 0.421875 0.0166015625 0.0498046875
1 0.4560546875 0.5390625 0.107421875 0.181640625
1 0.525390625 0.515625 0.0634765625 0.0849609375
1 0.525390625 0.517578125 0.0595703125 0.0615234375
4 0.5166015625 0.40234375 0.0185546875 0.05859375
2 0.5625 0.52734375 0.029296875 0.125
2 0.5771484375 0.5185546875 0.0146484375 0.1201171875
2 0.5810546875 0.501953125 0.021484375 0.0703125
2 0.595703125 0.5185546875 0.029296875 0.11328125
2 0.62109375 0.5029296875 0.01953125 0.0830078125
2 0.7119140625 0.4912109375 0.017578125 0.0546875
2 0.720703125 0.486328125 0.0205078125 0.0595703125
2 0.7431640625 0.5029296875 0.0380859375 0.0751953125
1 0.8857421875 0.6025390625 0.2275390625 0.525390625
2 0.818359375 0.4765625 0.0439453125 0.126953125
2 0.8203125 0.453125 0.0322265625 0.06640625