1 0.8468749999999999 0.6066666666666667 0.3052083333333333 0.29000000000000004
7 0.159375 0.43000000000000005 0.0125 0.030000000000000002
7 0.16458333333333333 0.4366666666666667 0.0125 0.04666666666666667
1 0.23541666666666666 0.4966666666666667 0.05625 0.05
1 0.31666666666666665 0.505 0.07291666666666667 0.08
1 0.3229166666666667 0.505 0.06666666666666667 0.08666666666666667
7 0.37083333333333335 0.3441666666666667 0.01875 0.05166666666666667
6 0.3723958333333333 0.33083333333333337 0.019791666666666666 0.03166666666666667
1 0.4276041666666667 0.49083333333333334 0.04479166666666667 0.058333333333333334
4 0.4473958333333333 0.34500000000000003 0.019791666666666666 0.04666666666666667
4 0.4505208333333333 0.3541666666666667 0.019791666666666666 0.025
4 0.571875 0.42833333333333334 0.020833333333333332 0.02666666666666667
4 0.5770833333333333 0.41583333333333333 0.022916666666666665 0.058333333333333334
1 0.6578125 0.56 0.08854166666666667 0.20333333333333334
1 0.6932291666666667 0.5441666666666667 0.14895833333333333 0.15833333333333335
4 0.6473958333333333 0.3916666666666667 0.021875 0.060000000000000005
4 0.6479166666666667 0.3983333333333334 0.020833333333333332 0.023333333333333334