1 0.025520833333333333 0.5683333333333334 0.051041666666666666 0.07
1 0.17291666666666666 0.5641666666666667 0.09375 0.11166666666666668
1 0.22916666666666666 0.5583333333333333 0.05 0.07
1 0.28854166666666664 0.5366666666666667 0.0375 0.05
1 0.375 0.5333333333333333 0.07083333333333333 0.06333333333333334
1 0.4197916666666667 0.5158333333333334 0.027083333333333334 0.035
1 0.5036458333333333 0.5408333333333334 0.030208333333333334 0.07500000000000001
2 0.621875 0.5191666666666667 0.03125 0.10500000000000001
2 0.621875 0.51 0.027083333333333334 0.09333333333333334
2 0.7338541666666667 0.6325000000000001 0.15520833333333334 0.6916666666666668
2 0.7380208333333333 0.6333333333333334 0.14479166666666665 0.6966666666666667
2 0.7203125 0.5366666666666667 0.042708333333333334 0.15333333333333335
2 0.9723958333333333 0.6208333333333333 0.053125 0.20500000000000002