1 0.072265625 0.6123046875 0.1376953125 0.1884765625
1 0.166015625 0.580078125 0.1025390625 0.1298828125
1 0.2275390625 0.5625 0.0625 0.091796875
1 0.2626953125 0.5498046875 0.060546875 0.1064453125
1 0.2724609375 0.5478515625 0.046875 0.1064453125
1 0.322265625 0.5341796875 0.041015625 0.044921875
1 0.3740234375 0.529296875 0.04296875 0.0615234375
1 0.3759765625 0.5263671875 0.0439453125 0.0498046875
1 0.5498046875 0.5400390625 0.111328125 0.1396484375
1 0.7939453125 0.671875 0.408203125 0.400390625
2 0.6689453125 0.4990234375 0.0302734375 0.078125