7 0.3046875 0.3115234375 0.01953125 0.0595703125
7 0.3056640625 0.3037109375 0.0126953125 0.0419921875
1 0.3916015625 0.5654296875 0.1474609375 0.1904296875
6 0.400390625 0.3095703125 0.0166015625 0.044921875
2 0.546875 0.5146484375 0.02734375 0.0751953125
6 0.544921875 0.41015625 0.013671875 0.0400390625
2 0.5498046875 0.5146484375 0.0146484375 0.06640625
0 0.6376953125 0.513671875 0.029296875 0.0830078125
0 0.638671875 0.51171875 0.01953125 0.06640625
0 0.7158203125 0.5087890625 0.05078125 0.09375
0 0.724609375 0.5078125 0.025390625 0.0751953125
6 0.7451171875 0.19140625 0.046875 0.146484375
6 0.74609375 0.1796875 0.02734375 0.1162109375
1 0.79296875 0.5087890625 0.12109375 0.0732421875
2 0.8388671875 0.5244140625 0.041015625 0.1552734375
2 0.845703125 0.5234375 0.03125 0.1396484375
1 0.9140625 0.4970703125 0.0869140625 0.0712890625