1 0.0517578125 0.537109375 0.1005859375 0.0986328125
1 0.0791015625 0.546875 0.0576171875 0.09375
1 0.130859375 0.5517578125 0.060546875 0.0634765625
1 0.1318359375 0.5556640625 0.056640625 0.0751953125
1 0.1748046875 0.541015625 0.0263671875 0.0546875
1 0.3251953125 0.5537109375 0.08203125 0.1103515625
10 0.5576171875 0.4755859375 0.310546875 0.1787109375
10 0.5576171875 0.482421875 0.2685546875 0.16796875
1 0.6591796875 0.5341796875 0.046875 0.087890625
1 0.7470703125 0.525390625 0.06640625 0.080078125
1 0.75 0.53125 0.056640625 0.1015625