2 0.3623046875 0.5283203125 0.0263671875 0.1298828125
1 0.3037109375 0.5283203125 0.037109375 0.0458984375
1 0.283203125 0.537109375 0.0380859375 0.0517578125
1 0.2412109375 0.5400390625 0.064453125 0.0634765625
1 0.1806640625 0.556640625 0.08203125 0.08984375
3 0.0166015625 0.359375 0.0322265625 0.091796875
1 0.111328125 0.5830078125 0.2216796875 0.203125
2 0.1513671875 0.5146484375 0.013671875 0.0185546875
3 0.5205078125 0.328125 0.0341796875 0.0966796875
2 0.5888671875 0.51953125 0.037109375 0.09375
2 0.6279296875 0.5107421875 0.013671875 0.115234375
2 0.6572265625 0.509765625 0.03515625 0.1103515625
2 0.6552734375 0.509765625 0.021484375 0.08984375
1 0.802734375 0.525390625 0.2626953125 0.1318359375
2 0.8603515625 0.48046875 0.0341796875 0.146484375