1 0.05260416666666667 0.525 0.10520833333333333 0.11666666666666667
1 0.109375 0.51 0.027083333333333334 0.09000000000000001
2 0.14010416666666667 0.5208333333333334 0.009375 0.065
1 0.171875 0.52 0.07083333333333333 0.05
1 0.18177083333333333 0.5225000000000001 0.06770833333333333 0.06166666666666667
1 0.24010416666666667 0.5225000000000001 0.04895833333333333 0.058333333333333334
1 0.24427083333333333 0.5208333333333334 0.046875 0.058333333333333334
2 0.2713541666666667 0.51 0.02395833333333333 0.08333333333333334
2 0.2703125 0.5141666666666667 0.019791666666666666 0.08166666666666667
2 0.2921875 0.5091666666666667 0.019791666666666666 0.095
2 0.3927083333333333 0.5225000000000001 0.016666666666666666 0.06166666666666667
0 0.3953125 0.5208333333333334 0.017708333333333333 0.07166666666666667
2 0.3989583333333333 0.52 0.010416666666666666 0.05333333333333334
1 0.4942708333333333 0.5266666666666667 0.090625 0.06666666666666667
1 0.49166666666666664 0.5283333333333333 0.075 0.05666666666666667
1 0.5151041666666667 0.5083333333333334 0.02395833333333333 0.09666666666666668
2 0.5177083333333333 0.5083333333333334 0.022916666666666665 0.10333333333333335
1 0.6765625 0.5333333333333333 0.309375 0.17333333333333334