5 0.17291666666666666 0.375 0.03958333333333333 0.12000000000000001
5 0.1765625 0.36333333333333334 0.015625 0.07
2 0.28802083333333334 0.45083333333333336 0.02395833333333333 0.04833333333333334
2 0.3307291666666667 0.535 0.019791666666666666 0.06333333333333334
2 0.3296875 0.5408333333333334 0.017708333333333333 0.07166666666666667
1 0.5328125 0.5325000000000001 0.06354166666666666 0.07500000000000001
1 0.5661458333333333 0.5225000000000001 0.013541666666666667 0.06833333333333334
1 0.615625 0.5091666666666667 0.01875 0.035
1 0.6651041666666666 0.5133333333333334 0.019791666666666666 0.03666666666666667
3 0.74375 0.21333333333333335 0.03125 0.09333333333333334
5 0.7463541666666667 0.21166666666666667 0.021875 0.08666666666666667