1 0.06458333333333333 0.635 0.12916666666666665 0.33333333333333337
10 0.07447916666666667 0.5008333333333334 0.146875 0.14166666666666666
1 0.15677083333333333 0.5608333333333334 0.057291666666666664 0.065
1 0.30052083333333335 0.6566666666666667 0.3302083333333333 0.42333333333333334
7 0.3380208333333333 0.24916666666666668 0.021875 0.07166666666666667
1 0.4817708333333333 0.5441666666666667 0.084375 0.085
1 0.48385416666666664 0.545 0.08020833333333333 0.08333333333333334
6 0.46510416666666665 0.2791666666666667 0.021875 0.06833333333333334
6 0.6416666666666666 0.3975 0.022916666666666665 0.065
2 0.6869791666666667 0.525 0.017708333333333333 0.08333333333333334
2 0.7026041666666667 0.5191666666666667 0.021875 0.08833333333333333
1 0.8802083333333334 0.5650000000000001 0.2375 0.6733333333333333