10 0.9489583333333333 0.4633333333333334 0.10104166666666667 0.11
1 0.0921875 0.48583333333333334 0.03229166666666666 0.025
1 0.09166666666666666 0.5133333333333334 0.027083333333333334 0.02666666666666667
1 0.2578125 0.5183333333333333 0.11770833333333333 0.09666666666666668
1 0.4296875 0.49750000000000005 0.053125 0.06166666666666667
1 0.47552083333333334 0.4966666666666667 0.036458333333333336 0.03666666666666667
1 0.4765625 0.49750000000000005 0.034375 0.045000000000000005
3 0.5703125 0.029166666666666667 0.026041666666666668 0.05666666666666667
3 0.565625 0.36083333333333334 0.0125 0.05166666666666667
6 0.6526041666666667 0.35500000000000004 0.015625 0.04
6 0.7260416666666667 0.4066666666666667 0.014583333333333334 0.043333333333333335
6 0.7296875 0.4083333333333334 0.013541666666666667 0.02666666666666667
6 0.8015625 0.07166666666666667 0.02395833333333333 0.09000000000000001
2 0.8604166666666666 0.4783333333333334 0.020833333333333332 0.07666666666666667
2 0.8630208333333333 0.48333333333333334 0.02395833333333333 0.05666666666666667
0 0.965625 0.49250000000000005 0.03125 0.10166666666666667
2 0.9729166666666667 0.49083333333333334 0.029166666666666667 0.13166666666666668
2 0.9911458333333333 0.4816666666666667 0.011458333333333333 0.08333333333333334