1 0.15833333333333333 0.46416666666666667 0.03958333333333333 0.04833333333333334
1 0.15729166666666666 0.465 0.035416666666666666 0.03666666666666667
1 0.19479166666666667 0.4658333333333334 0.025 0.03166666666666667
1 0.196875 0.47000000000000003 0.020833333333333332 0.030000000000000002
1 0.234375 0.47500000000000003 0.03333333333333333 0.03666666666666667
1 0.23854166666666665 0.47250000000000003 0.027083333333333334 0.03833333333333334
1 0.2817708333333333 0.4683333333333334 0.034375 0.04
1 0.2875 0.4691666666666667 0.03333333333333333 0.035
1 0.31614583333333335 0.46416666666666667 0.02395833333333333 0.045000000000000005
1 0.31927083333333334 0.4675 0.019791666666666666 0.03166666666666667
7 0.4484375 0.36583333333333334 0.019791666666666666 0.045000000000000005
1 0.5104166666666666 0.4866666666666667 0.041666666666666664 0.05333333333333334
6 0.5166666666666666 0.35000000000000003 0.025 0.03333333333333333
6 0.5161458333333333 0.36583333333333334 0.013541666666666667 0.03833333333333334
1 0.5911458333333334 0.49083333333333334 0.065625 0.07500000000000001
6 0.5817708333333333 0.3741666666666667 0.019791666666666666 0.03833333333333334
6 0.5854166666666667 0.3816666666666667 0.0125 0.03666666666666667
1 0.6796875 0.4733333333333334 0.030208333333333334 0.02666666666666667
6 0.6921875 0.3916666666666667 0.013541666666666667 0.023333333333333334
6 0.6953125 0.41250000000000003 0.013541666666666667 0.055
0 0.7973958333333333 0.5008333333333334 0.034375 0.04833333333333334