1 0.07213541666666666 0.48875 0.10677083333333333 0.08083333333333334
1 0.16354166666666667 0.4783333333333334 0.1 0.08
6 0.17083333333333334 0.39083333333333337 0.014583333333333334 0.045000000000000005
1 0.284375 0.4808333333333334 0.06458333333333333 0.07833333333333334
6 0.278125 0.30333333333333334 0.0125 0.043333333333333335
1 0.33958333333333335 0.4741666666666667 0.029166666666666667 0.055
4 0.37604166666666666 0.3616666666666667 0.014583333333333334 0.03666666666666667
4 0.4432291666666667 0.35833333333333334 0.011458333333333333 0.03666666666666667
4 0.5567708333333333 0.4191666666666667 0.013541666666666667 0.03833333333333334
4 0.6072916666666667 0.38 0.020833333333333332 0.05666666666666667
1 0.734375 0.4816666666666667 0.09791666666666667 0.05666666666666667