1 0.5654296875 0.5302734375 0.158203125 0.1083984375
1 0.1201171875 0.541015625 0.0771484375 0.08203125
1 0.1787109375 0.5400390625 0.046875 0.06640625
1 0.330078125 0.6533203125 0.330078125 0.4228515625
7 0.2802734375 0.27734375 0.021484375 0.0654296875
6 0.3896484375 0.287109375 0.021484375 0.0732421875
0 0.509765625 0.5302734375 0.033203125 0.0732421875
6 0.5634765625 0.4111328125 0.0244140625 0.0654296875
1 0.66015625 0.5380859375 0.04296875 0.0732421875
0 0.6630859375 0.525390625 0.021484375 0.0830078125
2 0.689453125 0.5302734375 0.021484375 0.0869140625
2 0.9638671875 0.5478515625 0.0693359375 0.21484375
2 0.9638671875 0.5517578125 0.0693359375 0.212890625