1 0.22708333333333333 0.4891666666666667 0.04583333333333333 0.05166666666666667
1 0.275 0.4841666666666667 0.027083333333333334 0.03833333333333334
4 0.5041666666666667 0.42083333333333334 0.016666666666666666 0.03833333333333334
4 0.51875 0.4441666666666667 0.0125 0.021666666666666667
4 0.5208333333333334 0.43500000000000005 0.014583333333333334 0.03666666666666667
4 0.5411458333333333 0.4391666666666667 0.017708333333333333 0.028333333333333335
4 0.5421875 0.4291666666666667 0.013541666666666667 0.03166666666666667
1 0.5473958333333333 0.4783333333333334 0.013541666666666667 0.04
1 0.58125 0.4816666666666667 0.041666666666666664 0.043333333333333335
1 0.8984375 0.47000000000000003 0.04479166666666667 0.05666666666666667
1 0.9010416666666666 0.4633333333333334 0.03333333333333333 0.08