1 0.0966796875 0.5283203125 0.0830078125 0.0673828125
1 0.25 0.4970703125 0.08984375 0.099609375
1 0.2548828125 0.5 0.08203125 0.103515625
1 0.318359375 0.498046875 0.04296875 0.0498046875
1 0.3212890625 0.4990234375 0.0380859375 0.0478515625
1 0.3583984375 0.4912109375 0.0439453125 0.0498046875
1 0.361328125 0.5 0.03515625 0.04296875
1 0.4306640625 0.4921875 0.02734375 0.03125
6 0.4462890625 0.40625 0.013671875 0.0263671875
1 0.458984375 0.4912109375 0.0341796875 0.046875
4 0.4853515625 0.421875 0.0146484375 0.0263671875
4 0.5478515625 0.4580078125 0.015625 0.0234375
1 0.576171875 0.5068359375 0.0439453125 0.06640625
1 0.5751953125 0.5068359375 0.037109375 0.056640625
4 0.57421875 0.4521484375 0.0126953125 0.0263671875
1 0.61328125 0.5146484375 0.03125 0.126953125
1 0.6806640625 0.51171875 0.1259765625 0.15625