1 0.36666666666666664 0.5233333333333333 0.10416666666666667 0.14333333333333334
6 0.3203125 0.47500000000000003 0.011458333333333333 0.03666666666666667
1 0.41875 0.5258333333333334 0.022916666666666665 0.09833333333333334
1 0.4473958333333333 0.5058333333333334 0.036458333333333336 0.04166666666666667
1 0.4848958333333333 0.5083333333333334 0.036458333333333336 0.04
1 0.4828125 0.5041666666666667 0.02395833333333333 0.035
1 0.5276041666666667 0.5041666666666667 0.042708333333333334 0.06166666666666667
4 0.5223958333333333 0.3816666666666667 0.013541666666666667 0.043333333333333335
4 0.5255208333333333 0.3891666666666667 0.011458333333333333 0.035
4 0.5989583333333334 0.45 0.014583333333333334 0.03666666666666667
4 0.6005208333333333 0.4633333333333334 0.011458333333333333 0.03333333333333333
4 0.7385416666666667 0.40750000000000003 0.014583333333333334 0.03166666666666667
4 0.7421875 0.41833333333333333 0.011458333333333333 0.03333333333333333
1 0.8182291666666667 0.48833333333333334 0.10104166666666667 0.060000000000000005
1 0.8182291666666667 0.4866666666666667 0.08854166666666667 0.04
1 0.9052083333333333 0.49000000000000005 0.052083333333333336 0.030000000000000002