1 0.0576171875 0.544921875 0.0517578125 0.04296875
1 0.171875 0.5478515625 0.0771484375 0.0830078125
1 0.1748046875 0.5478515625 0.0771484375 0.0830078125
1 0.2548828125 0.546875 0.0791015625 0.1064453125
1 0.3994140625 0.58203125 0.0986328125 0.171875
7 0.3642578125 0.2197265625 0.02734375 0.0771484375
4 0.5166015625 0.2587890625 0.02734375 0.0771484375
1 0.548828125 0.544921875 0.0751953125 0.1728515625
1 0.6376953125 0.55859375 0.16015625 0.2099609375
4 0.6494140625 0.2978515625 0.03125 0.0751953125
4 0.646484375 0.2900390625 0.0205078125 0.0703125
1 0.8818359375 0.6611328125 0.2294921875 0.5751953125
4 0.8017578125 0.4033203125 0.0224609375 0.0498046875