1 0.046875 0.568359375 0.0712890625 0.1103515625
1 0.1552734375 0.5400390625 0.1279296875 0.0703125
1 0.244140625 0.533203125 0.0439453125 0.056640625
1 0.302734375 0.5224609375 0.044921875 0.0478515625
1 0.400390625 0.6015625 0.21875 0.3037109375
1 0.5361328125 0.5341796875 0.056640625 0.0947265625
1 0.572265625 0.546875 0.0654296875 0.126953125
2 0.5830078125 0.490234375 0.0322265625 0.0634765625
1 0.658203125 0.54296875 0.1474609375 0.1865234375
1 0.75390625 0.5712890625 0.1943359375 0.216796875
1 0.8955078125 0.6015625 0.205078125 0.3232421875