2 0.9619791666666666 0.5233333333333333 0.026041666666666668 0.06666666666666667
10 0.07083333333333333 0.49750000000000005 0.12708333333333333 0.115
1 0.0984375 0.5775 0.128125 0.1716666666666667
1 0.28541666666666665 0.5875 0.3208333333333333 0.4083333333333334
3 0.31614583333333335 0.3275 0.019791666666666666 0.06166666666666667
6 0.41354166666666664 0.32666666666666666 0.022916666666666665 0.05333333333333334
6 0.49166666666666664 0.32833333333333337 0.022916666666666665 0.06333333333333334
1 0.5239583333333333 0.5041666666666667 0.06041666666666667 0.085
1 0.7973958333333333 0.6333333333333334 0.37604166666666666 0.3666666666666667
1 0.6333333333333333 0.5433333333333333 0.04583333333333333 0.11666666666666667
6 0.6791666666666667 0.4191666666666667 0.016666666666666666 0.05166666666666667
6 0.9302083333333333 0.25583333333333336 0.058333333333333334 0.165
1 0.9421875 0.52 0.08020833333333333 0.060000000000000005