1 0.0984375 0.5266666666666667 0.07604166666666666 0.09000000000000001
1 0.15104166666666666 0.5233333333333333 0.03333333333333333 0.06666666666666667
1 0.30625 0.5 0.13541666666666666 0.060000000000000005
6 0.4822916666666667 0.4141666666666667 0.016666666666666666 0.045000000000000005
1 0.6395833333333333 0.5883333333333334 0.23124999999999998 0.2833333333333333
1 0.784375 0.4891666666666667 0.09375 0.06833333333333334
1 0.7848958333333333 0.48583333333333334 0.071875 0.04833333333333334
2 0.7921875 0.4916666666666667 0.026041666666666668 0.07666666666666667
2 0.7890625 0.4891666666666667 0.015625 0.05166666666666667
2 0.8489583333333334 0.49333333333333335 0.025 0.07
2 0.8510416666666667 0.4916666666666667 0.016666666666666666 0.05
6 0.9510416666666667 0.27416666666666667 0.022916666666666665 0.07833333333333334
1 0.9723958333333333 0.5991666666666667 0.051041666666666666 0.2016666666666667