1 0.0328125 0.5800000000000001 0.065625 0.10333333333333335
1 0.034895833333333334 0.5833333333333334 0.06979166666666667 0.10666666666666667
1 0.084375 0.5708333333333334 0.05 0.07166666666666667
1 0.08802083333333333 0.5783333333333334 0.04479166666666667 0.08666666666666667
1 0.1578125 0.5766666666666667 0.07395833333333333 0.07333333333333333
1 0.20208333333333334 0.5750000000000001 0.041666666666666664 0.060000000000000005
1 0.20572916666666666 0.5741666666666667 0.028125 0.055
1 0.5265625 0.5675 0.036458333333333336 0.055
1 0.5286458333333334 0.5783333333333334 0.030208333333333334 0.043333333333333335
1 0.5505208333333333 0.5758333333333334 0.03229166666666666 0.06833333333333334
1 0.5817708333333333 0.5775 0.057291666666666664 0.07166666666666667
1 0.5854166666666667 0.5775 0.0625 0.08166666666666667
1 0.6552083333333333 0.5941666666666667 0.10833333333333334 0.09833333333333334
1 0.7640625 0.5966666666666667 0.10520833333333333 0.10333333333333335
1 0.8692708333333333 0.6000000000000001 0.11145833333333333 0.1
1 0.9625 0.6083333333333334 0.07291666666666667 0.09000000000000001