1 0.8645833333333334 0.6504166666666668 0.26979166666666665 0.6691666666666667
1 0.17135416666666667 0.52 0.19895833333333332 0.2866666666666667
1 0.28020833333333334 0.555 0.04583333333333333 0.12000000000000001
1 0.28020833333333334 0.5475 0.041666666666666664 0.135
1 0.30572916666666666 0.5383333333333333 0.04895833333333333 0.10333333333333335
1 0.3125 0.5358333333333334 0.035416666666666666 0.11833333333333335
1 0.4 0.5266666666666667 0.05625 0.07666666666666667
1 0.44687499999999997 0.5291666666666667 0.029166666666666667 0.065
1 0.5026041666666666 0.5333333333333333 0.06354166666666666 0.09000000000000001
1 0.5041666666666667 0.5325000000000001 0.0625 0.09833333333333334
1 0.5369791666666667 0.5525 0.030208333333333334 0.15166666666666667
1 0.6385416666666667 0.5516666666666667 0.18541666666666667 0.2566666666666667
1 0.6390625 0.5433333333333333 0.184375 0.23333333333333334