1 0.240234375 0.6826171875 0.3720703125 0.4287109375
2 0.126953125 0.416015625 0.0146484375 0.03125
6 0.1552734375 0.400390625 0.0166015625 0.0537109375
1 0.427734375 0.5390625 0.115234375 0.115234375
6 0.51953125 0.37109375 0.01953125 0.068359375
2 0.5859375 0.525390625 0.017578125 0.0771484375
2 0.6083984375 0.5205078125 0.0205078125 0.0751953125
2 0.66015625 0.5283203125 0.021484375 0.0966796875
2 0.8017578125 0.52734375 0.044921875 0.2216796875
2 0.8583984375 0.525390625 0.0576171875 0.236328125
2 0.9501953125 0.53125 0.0478515625 0.1904296875