1 0.06640625 0.5068359375 0.01953125 0.021484375
1 0.126953125 0.5224609375 0.060546875 0.0546875
1 0.201171875 0.4833984375 0.017578125 0.0234375
1 0.248046875 0.5029296875 0.0244140625 0.025390625
3 0.251953125 0.3994140625 0.0185546875 0.0419921875
7 0.2509765625 0.3974609375 0.0126953125 0.03515625
1 0.31640625 0.5068359375 0.0302734375 0.0595703125
1 0.314453125 0.5078125 0.021484375 0.0546875
4 0.3134765625 0.3935546875 0.017578125 0.046875
10 0.3447265625 0.4931640625 0.068359375 0.11328125
4 0.361328125 0.39453125 0.0205078125 0.04296875
4 0.51953125 0.4287109375 0.0263671875 0.0546875