1 0.10208333333333333 0.5558333333333334 0.06041666666666667 0.065
1 0.04244791666666667 0.56125 0.08385416666666666 0.11916666666666667
1 0.153125 0.55 0.04791666666666666 0.06333333333333334
1 0.24479166666666666 0.54 0.13125 0.15000000000000002
1 0.37135416666666665 0.535 0.03854166666666667 0.060000000000000005
1 0.42291666666666666 0.5308333333333334 0.04791666666666666 0.065
1 0.4635416666666667 0.5216666666666667 0.041666666666666664 0.07333333333333333
1 0.4635416666666667 0.5216666666666667 0.029166666666666667 0.04666666666666667
1 0.5567708333333333 0.5625 0.14270833333333333 0.15833333333333335
2 0.6416666666666666 0.5391666666666667 0.025 0.095
2 0.640625 0.5408333333333334 0.0125 0.058333333333333334
2 0.6479166666666667 0.5275000000000001 0.016666666666666666 0.07833333333333334
2 0.6510416666666666 0.5333333333333333 0.01875 0.09333333333333334
10 0.7020833333333333 0.525 0.09166666666666666 0.07
10 0.6994791666666667 0.5208333333333334 0.07604166666666666 0.04833333333333334
1 0.7739583333333333 0.5333333333333333 0.1 0.07333333333333333
1 0.8390624999999999 0.5441666666666667 0.08020833333333333 0.065
1 0.8723958333333334 0.545 0.096875 0.07
1 0.8760416666666666 0.5458333333333334 0.07083333333333333 0.055