1 0.0556640625 0.53515625 0.052734375 0.0537109375
1 0.056640625 0.5234375 0.0498046875 0.0498046875
1 0.09765625 0.5400390625 0.052734375 0.056640625
1 0.1298828125 0.5283203125 0.033203125 0.056640625
1 0.1337890625 0.541015625 0.03515625 0.0478515625
1 0.29296875 0.53515625 0.0576171875 0.0830078125
1 0.3388671875 0.5302734375 0.046875 0.08984375
1 0.404296875 0.54296875 0.0966796875 0.1083984375
0 0.486328125 0.5283203125 0.029296875 0.103515625
0 0.4892578125 0.53515625 0.0224609375 0.080078125
1 0.7529296875 0.5791015625 0.3408203125 0.3779296875