1 0.017578125 0.5791015625 0.03515625 0.1513671875
1 0.013671875 0.587890625 0.0263671875 0.1181640625
10 0.076171875 0.501953125 0.1083984375 0.0869140625
1 0.091796875 0.576171875 0.1376953125 0.1787109375
1 0.28515625 0.591796875 0.32421875 0.4228515625
3 0.318359375 0.330078125 0.017578125 0.0498046875
6 0.4140625 0.32421875 0.015625 0.0419921875
1 0.505859375 0.52734375 0.048828125 0.05859375
6 0.4921875 0.326171875 0.015625 0.0478515625
1 0.6064453125 0.5234375 0.0751953125 0.0703125
1 0.697265625 0.564453125 0.16796875 0.181640625
6 0.6796875 0.4150390625 0.015625 0.04296875
6 0.9267578125 0.2529296875 0.0478515625 0.1416015625
2 0.9619140625 0.541015625 0.0322265625 0.1181640625