1 0.2109375 0.5517578125 0.078125 0.0859375
1 0.0556640625 0.5625 0.0439453125 0.03125
10 0.08203125 0.541015625 0.048828125 0.03125
1 0.087890625 0.548828125 0.0517578125 0.05859375
7 0.10546875 0.4853515625 0.0126953125 0.0400390625
7 0.10546875 0.484375 0.0126953125 0.03515625
7 0.2880859375 0.4052734375 0.0107421875 0.037109375
7 0.291015625 0.4033203125 0.01171875 0.037109375
1 0.302734375 0.5380859375 0.0185546875 0.01953125
1 0.3359375 0.53125 0.015625 0.01953125
1 0.34765625 0.5263671875 0.0107421875 0.01953125
1 0.37109375 0.53515625 0.04296875 0.0537109375
4 0.36328125 0.392578125 0.01171875 0.03515625
4 0.3642578125 0.39453125 0.01171875 0.0380859375
1 0.396484375 0.5166015625 0.0263671875 0.033203125
1 0.42578125 0.5439453125 0.052734375 0.068359375
4 0.48828125 0.4580078125 0.01171875 0.0302734375
4 0.4873046875 0.46875 0.0107421875 0.033203125
1 0.5966796875 0.517578125 0.080078125 0.0546875
1 0.65625 0.5126953125 0.0732421875 0.0478515625