0 0.030729166666666665 0.555 0.06145833333333333 0.19
2 0.07083333333333333 0.5725 0.0875 0.23833333333333334
2 0.13229166666666667 0.545 0.020833333333333332 0.07333333333333333
2 0.16354166666666667 0.5383333333333333 0.016666666666666666 0.08
2 0.16354166666666667 0.5425 0.014583333333333334 0.07500000000000001
1 0.3296875 0.6525000000000001 0.3302083333333333 0.41500000000000004
7 0.28072916666666664 0.27666666666666667 0.019791666666666666 0.06333333333333334
6 0.39010416666666664 0.28583333333333333 0.019791666666666666 0.07166666666666667
0 0.5104166666666666 0.5483333333333333 0.09791666666666667 0.18333333333333335
1 0.6020833333333333 0.5225000000000001 0.23958333333333334 0.13833333333333334
6 0.5630208333333333 0.4083333333333334 0.021875 0.06333333333333334
0 0.6770833333333334 0.5216666666666667 0.12083333333333333 0.2
2 0.6776041666666667 0.48833333333333334 0.021875 0.04666666666666667