1 0.07578125 0.5491666666666667 0.15052083333333333 0.18333333333333335
1 0.30390625 0.5279166666666667 0.03697916666666667 0.04583333333333334
1 0.28359375 0.5366666666666667 0.03802083333333333 0.05166666666666667
1 0.24114583333333334 0.54 0.06458333333333333 0.06333333333333334
1 0.18098958333333334 0.5566666666666668 0.08177083333333333 0.09000000000000001
3 0.01614583333333333 0.35833333333333334 0.030208333333333334 0.1
2 0.4432291666666667 0.515 0.011458333333333333 0.03666666666666667
1 0.5052083333333334 0.525 0.05625 0.09333333333333334
3 0.5197916666666667 0.32 0.035416666666666666 0.10333333333333335
2 0.5984375 0.5108333333333334 0.03229166666666666 0.10833333333333334
2 0.6026041666666666 0.5091666666666667 0.028125 0.11833333333333335
2 0.6380208333333334 0.5208333333333334 0.053125 0.115
2 0.6296875 0.5141666666666667 0.02395833333333333 0.095
2 0.6916666666666667 0.5 0.05 0.13333333333333333
2 0.6859375 0.4991666666666667 0.03229166666666666 0.115
2 0.8598958333333333 0.48000000000000004 0.034375 0.14666666666666667