1 0.560546875 0.5146484375 0.0302734375 0.044921875
2 0.0263671875 0.5546875 0.0146484375 0.056640625
2 0.0302734375 0.5498046875 0.01171875 0.0771484375
2 0.0439453125 0.5537109375 0.013671875 0.0703125
7 0.0546875 0.4365234375 0.017578125 0.0498046875
2 0.06640625 0.54296875 0.017578125 0.0712890625
2 0.0751953125 0.54296875 0.0166015625 0.0712890625
2 0.0810546875 0.5380859375 0.0244140625 0.080078125
0 0.08203125 0.537109375 0.0107421875 0.068359375
0 0.0986328125 0.5380859375 0.0166015625 0.06640625
2 0.1201171875 0.537109375 0.0166015625 0.080078125
1 0.171875 0.525390625 0.087890625 0.0732421875
2 0.13671875 0.533203125 0.0146484375 0.0771484375
10 0.17578125 0.521484375 0.080078125 0.0830078125
10 0.240234375 0.51171875 0.056640625 0.056640625
1 0.2333984375 0.5146484375 0.041015625 0.056640625
1 0.2470703125 0.5322265625 0.0576171875 0.0478515625
2 0.2919921875 0.599609375 0.1025390625 0.431640625
2 0.2900390625 0.603515625 0.09375 0.4267578125
2 0.28515625 0.513671875 0.0244140625 0.0732421875
10 0.3291015625 0.4814453125 0.099609375 0.146484375
7 0.4482421875 0.3203125 0.01953125 0.0537109375
1 0.5009765625 0.515625 0.0380859375 0.0478515625
1 0.501953125 0.515625 0.0380859375 0.0546875
6 0.51953125 0.32421875 0.021484375 0.068359375
2 0.6044921875 0.5927734375 0.1005859375 0.3779296875
6 0.65625 0.4072265625 0.0205078125 0.0615234375
1 0.80859375 0.5087890625 0.169921875 0.0986328125