1 0.13333333333333333 0.49833333333333335 0.06458333333333333 0.043333333333333335
1 0.13229166666666667 0.49583333333333335 0.05625 0.03833333333333334
0 0.1875 0.49000000000000005 0.029166666666666667 0.04
7 0.25364583333333335 0.43250000000000005 0.013541666666666667 0.03166666666666667
1 0.35572916666666665 0.48833333333333334 0.05520833333333333 0.05666666666666667
7 0.3703125 0.3866666666666667 0.009375 0.030000000000000002
1 0.39010416666666664 0.4841666666666667 0.03854166666666667 0.04166666666666667
1 0.3875 0.4766666666666667 0.029166666666666667 0.04
6 0.42291666666666666 0.37833333333333335 0.014583333333333334 0.03666666666666667
6 0.42083333333333334 0.3775 0.010416666666666666 0.028333333333333335
6 0.5182291666666666 0.39333333333333337 0.015625 0.043333333333333335
1 0.6041666666666666 0.4666666666666667 0.07708333333333334 0.05333333333333334
2 0.5875 0.4758333333333334 0.025 0.07500000000000001