1 0.178125 0.5425 0.046875 0.05333333333333334
1 0.12083333333333333 0.5416666666666667 0.06666666666666667 0.07
1 0.3296875 0.6525000000000001 0.3302083333333333 0.42500000000000004
7 0.28020833333333334 0.2783333333333334 0.022916666666666665 0.06666666666666667
6 0.390625 0.2866666666666667 0.022916666666666665 0.07333333333333333
1 0.5625 0.5375000000000001 0.14375 0.085
0 0.509375 0.53 0.03333333333333333 0.07333333333333333
2 0.525 0.5025000000000001 0.014583333333333334 0.03833333333333334
2 0.5359375 0.5075000000000001 0.013541666666666667 0.04833333333333334
6 0.5635416666666666 0.4116666666666667 0.025 0.06666666666666667
0 0.6630208333333333 0.525 0.021875 0.08333333333333334
2 0.6770833333333334 0.5258333333333334 0.01875 0.085
2 0.6994791666666667 0.5258333333333334 0.019791666666666666 0.07833333333333334
2 0.7015625 0.53 0.019791666666666666 0.07333333333333333