2 0.4423828125 0.5068359375 0.0322265625 0.11328125
8 0.4345703125 0.412109375 0.015625 0.0380859375
4 0.4365234375 0.4130859375 0.0166015625 0.033203125
2 0.4453125 0.509765625 0.0263671875 0.126953125
1 0.5537109375 0.498046875 0.0341796875 0.0595703125
1 0.556640625 0.5 0.03515625 0.04296875
2 0.6044921875 0.5 0.01953125 0.0595703125
8 0.61328125 0.41796875 0.0146484375 0.0419921875
6 0.6162109375 0.4189453125 0.0185546875 0.03515625
1 0.8271484375 0.494140625 0.1142578125 0.068359375
1 0.830078125 0.4853515625 0.1025390625 0.05859375