2 0.5223958333333333 0.52875 0.017708333333333333 0.04916666666666667
2 0.5140625 0.5304166666666666 0.008333333333333333 0.0325
2 0.49192708333333335 0.5325000000000001 0.011979166666666666 0.04
2 0.4869791666666667 0.5370833333333334 0.00625 0.020833333333333336
2 0.46796875 0.5295833333333334 0.0140625 0.04916666666666667
1 0.26796875 0.5383333333333333 0.0296875 0.028333333333333335
1 0.07473958333333333 0.5666666666666667 0.0921875 0.08833333333333333
1 0.18489583333333334 0.5716666666666667 0.16145833333333334 0.15333333333333335
1 0.3078125 0.5358333333333334 0.042708333333333334 0.05166666666666667
2 0.5734375 0.5225000000000001 0.021875 0.07166666666666667
2 0.5994791666666667 0.5225000000000001 0.019791666666666666 0.07500000000000001
2 0.6010416666666667 0.5175000000000001 0.022916666666666665 0.065