0 0.0439453125 0.544921875 0.0166015625 0.06640625
7 0.0498046875 0.443359375 0.025390625 0.0595703125
0 0.07421875 0.5400390625 0.013671875 0.06640625
10 0.1689453125 0.525390625 0.08203125 0.0830078125
10 0.2353515625 0.51171875 0.056640625 0.056640625
1 0.2412109375 0.5361328125 0.0576171875 0.0478515625
10 0.3232421875 0.4853515625 0.099609375 0.146484375
1 0.384765625 0.5224609375 0.0322265625 0.03515625
1 0.4169921875 0.5146484375 0.03515625 0.03515625
7 0.4482421875 0.3271484375 0.01953125 0.0595703125
6 0.5185546875 0.326171875 0.0244140625 0.0654296875
6 0.6552734375 0.412109375 0.0224609375 0.06640625