1 0.046875 0.56 0.0875 0.1
1 0.11979166666666667 0.5541666666666667 0.08541666666666667 0.08833333333333333
1 0.11979166666666667 0.5533333333333333 0.06875 0.08
1 0.18802083333333333 0.5441666666666667 0.06145833333333333 0.058333333333333334
1 0.2328125 0.5325000000000001 0.030208333333333334 0.055
1 0.2677083333333333 0.5358333333333334 0.03125 0.03833333333333334
1 0.2916666666666667 0.5291666666666667 0.01875 0.035
1 0.39791666666666664 0.5675 0.12708333333333333 0.17833333333333334
1 0.5255208333333333 0.5258333333333334 0.03854166666666667 0.125
1 0.5302083333333333 0.5175000000000001 0.035416666666666666 0.07833333333333334
1 0.565625 0.5341666666666667 0.03125 0.08166666666666667
1 0.7802083333333333 0.5183333333333333 0.35 0.23