1 0.130859375 0.58203125 0.1865234375 0.2021484375
1 0.134765625 0.5908203125 0.1806640625 0.1787109375
6 0.0703125 0.4638671875 0.017578125 0.0419921875
7 0.072265625 0.4755859375 0.0185546875 0.0546875
1 0.23046875 0.576171875 0.0751953125 0.1220703125
1 0.2470703125 0.58203125 0.056640625 0.1337890625
1 0.3330078125 0.556640625 0.0283203125 0.0498046875
6 0.333984375 0.365234375 0.021484375 0.046875
7 0.3359375 0.3671875 0.015625 0.0478515625
4 0.4169921875 0.373046875 0.0185546875 0.0302734375
4 0.419921875 0.3662109375 0.0205078125 0.0478515625
4 0.5478515625 0.4501953125 0.0244140625 0.0498046875
4 0.548828125 0.455078125 0.0146484375 0.033203125
1 0.6572265625 0.5263671875 0.01953125 0.056640625
1 0.7138671875 0.51953125 0.119140625 0.0732421875
1 0.71875 0.521484375 0.119140625 0.0703125
4 0.6826171875 0.369140625 0.02734375 0.087890625
4 0.6826171875 0.3896484375 0.0263671875 0.0380859375
1 0.787109375 0.5185546875 0.04296875 0.0634765625
1 0.796875 0.5146484375 0.0439453125 0.0703125
1 0.86328125 0.5146484375 0.072265625 0.0634765625
1 0.8837890625 0.505859375 0.111328125 0.0517578125