1 0.10052083333333334 0.6066666666666667 0.20104166666666667 0.2066666666666667
10 0.08020833333333333 0.5091666666666667 0.08541666666666667 0.035
1 0.22343749999999998 0.5733333333333334 0.109375 0.12333333333333334
1 0.2713541666666667 0.5475 0.028125 0.06166666666666667
1 0.29270833333333335 0.5475 0.0375 0.04833333333333334
1 0.31614583333333335 0.5366666666666667 0.028125 0.043333333333333335
1 0.3359375 0.535 0.019791666666666666 0.04
1 0.4036458333333333 0.5283333333333333 0.021875 0.02666666666666667
1 0.4822916666666667 0.5416666666666667 0.0375 0.08
1 0.49374999999999997 0.5575 0.027083333333333334 0.085
1 0.5223958333333333 0.5616666666666666 0.053125 0.10666666666666667
1 0.5328125 0.5558333333333334 0.071875 0.10500000000000001
1 0.5864583333333333 0.5816666666666667 0.11875 0.12333333333333334
3 0.7973958333333333 0.20333333333333334 0.051041666666666666 0.17333333333333334