1 0.068359375 0.533203125 0.13671875 0.2216796875
5 0.0498046875 0.3740234375 0.029296875 0.08203125
1 0.263671875 0.5146484375 0.08203125 0.0947265625
1 0.3701171875 0.5078125 0.06640625 0.08203125
1 0.4111328125 0.505859375 0.0302734375 0.091796875
1 0.4111328125 0.505859375 0.02734375 0.0615234375
1 0.4677734375 0.490234375 0.0830078125 0.0966796875
1 0.466796875 0.4990234375 0.076171875 0.10546875
1 0.5478515625 0.5029296875 0.056640625 0.0712890625
3 0.53515625 0.2421875 0.0244140625 0.08203125
1 0.8505859375 0.599609375 0.28515625 0.4248046875
4 0.7509765625 0.369140625 0.02734375 0.0712890625