1 0.03697916666666667 0.52 0.07395833333333333 0.09666666666666668
1 0.008333333333333333 0.6000000000000001 0.014583333333333334 0.12000000000000001
1 0.04375 0.5358333333333334 0.07916666666666666 0.165
1 0.09635416666666667 0.5783333333333334 0.128125 0.17333333333333334
1 0.28541666666666665 0.5883333333333334 0.3229166666666667 0.41000000000000003
3 0.31614583333333335 0.32833333333333337 0.019791666666666666 0.060000000000000005
6 0.4140625 0.32583333333333336 0.021875 0.05166666666666667
6 0.49166666666666664 0.3275 0.020833333333333332 0.06166666666666667
1 0.4979166666666667 0.5158333333333334 0.01875 0.03833333333333334
1 0.5380208333333333 0.49500000000000005 0.08854166666666667 0.12666666666666668
10 0.5395833333333333 0.4916666666666667 0.08541666666666667 0.13
1 0.7984375 0.6333333333333334 0.37604166666666666 0.3666666666666667
1 0.6354166666666666 0.5433333333333333 0.04583333333333333 0.11666666666666667
6 0.6791666666666667 0.41833333333333333 0.016666666666666666 0.05
6 0.9302083333333333 0.25583333333333336 0.05625 0.16166666666666668
1 0.9421875 0.52 0.08020833333333333 0.060000000000000005
2 0.9520833333333333 0.5166666666666667 0.029166666666666667 0.060000000000000005