1 0.078125 0.6266666666666667 0.15625 0.30333333333333334
1 0.13645833333333332 0.5516666666666667 0.03125 0.03333333333333333
1 0.16822916666666665 0.5533333333333333 0.046875 0.043333333333333335
1 0.23489583333333333 0.535 0.03854166666666667 0.07333333333333333
1 0.3171875 0.5358333333333334 0.10104166666666667 0.11833333333333335
1 0.3989583333333333 0.5275000000000001 0.0375 0.05166666666666667
1 0.45677083333333335 0.5266666666666667 0.042708333333333334 0.060000000000000005
1 0.4895833333333333 0.5183333333333333 0.041666666666666664 0.07333333333333333
1 0.49166666666666664 0.5166666666666667 0.029166666666666667 0.04666666666666667
1 0.5385416666666667 0.5516666666666667 0.09166666666666666 0.11666666666666667
1 0.8302083333333333 0.5325000000000001 0.07291666666666667 0.085
10 0.9078125 0.525 0.11770833333333333 0.09000000000000001
1 0.9604166666666667 0.56 0.05 0.07666666666666667
2 0.9874999999999999 0.5475 0.01875 0.17833333333333334