1 0.8791666666666667 0.5879166666666668 0.240625 0.4108333333333334
1 0.04375 0.4941666666666667 0.08645833333333333 0.11166666666666668
1 0.121875 0.525 0.10208333333333333 0.08
4 0.30833333333333335 0.41250000000000003 0.01875 0.03833333333333334
4 0.3171875 0.39333333333333337 0.019791666666666666 0.060000000000000005
1 0.4458333333333333 0.49083333333333334 0.035416666666666666 0.05166666666666667
1 0.534375 0.49000000000000005 0.03125 0.043333333333333335
4 0.5765625 0.29333333333333333 0.021875 0.05666666666666667
4 0.5760416666666667 0.3125 0.01875 0.03166666666666667
1 0.6322916666666667 0.49083333333333334 0.04791666666666666 0.07166666666666667
4 0.6916666666666667 0.39416666666666667 0.014583333333333334 0.058333333333333334
4 0.8125 0.3075 0.025 0.10166666666666667
4 0.8145833333333333 0.32333333333333336 0.020833333333333332 0.05333333333333334