1 0.2607421875 0.5263671875 0.0966796875 0.1103515625
1 0.32421875 0.5087890625 0.052734375 0.068359375
1 0.3251953125 0.5087890625 0.044921875 0.0634765625
1 0.3564453125 0.509765625 0.01171875 0.033203125
1 0.435546875 0.50390625 0.05078125 0.0380859375
1 0.4970703125 0.4990234375 0.0439453125 0.044921875
6 0.5029296875 0.3525390625 0.0166015625 0.03515625
1 0.5419921875 0.4970703125 0.05078125 0.0615234375
6 0.572265625 0.3671875 0.0166015625 0.0419921875
1 0.5791015625 0.498046875 0.0205078125 0.0537109375
1 0.5927734375 0.501953125 0.0146484375 0.0498046875
1 0.62109375 0.5048828125 0.0419921875 0.0732421875
1 0.6123046875 0.5048828125 0.021484375 0.056640625
6 0.611328125 0.4541015625 0.0107421875 0.0283203125
1 0.654296875 0.5068359375 0.0771484375 0.080078125
6 0.654296875 0.4326171875 0.015625 0.0419921875
6 0.677734375 0.4140625 0.0166015625 0.03515625
2 0.88671875 0.466796875 0.0205078125 0.0869140625
2 0.8935546875 0.482421875 0.021484375 0.078125