10 0.8703124999999999 0.50875 0.2583333333333333 0.4591666666666667
1 0.15572916666666667 0.5175000000000001 0.14479166666666665 0.18166666666666667
1 0.15416666666666667 0.5125000000000001 0.12916666666666665 0.14833333333333334
1 0.503125 0.48833333333333334 0.04791666666666666 0.09000000000000001
4 0.5208333333333334 0.375 0.016666666666666666 0.05
4 0.5234375 0.3775 0.017708333333333333 0.04166666666666667
1 0.5880208333333333 0.4941666666666667 0.036458333333333336 0.07500000000000001
1 0.6213541666666667 0.5133333333333334 0.07395833333333333 0.07
1 0.6260416666666666 0.5116666666666667 0.05625 0.09000000000000001
1 0.7098958333333333 0.5383333333333333 0.08020833333333333 0.18333333333333335
1 0.7208333333333333 0.5391666666666667 0.075 0.20500000000000002