1 0.022395833333333334 0.43833333333333335 0.04479166666666667 0.08666666666666667
1 0.05416666666666667 0.44833333333333336 0.04375 0.08333333333333334
1 0.09166666666666666 0.44333333333333336 0.04791666666666666 0.09000000000000001
1 0.14427083333333332 0.46416666666666667 0.08020833333333333 0.08833333333333333
1 0.15572916666666667 0.465 0.06979166666666667 0.060000000000000005
1 0.19375 0.4441666666666667 0.05416666666666667 0.05166666666666667
1 0.26875 0.45333333333333337 0.06041666666666667 0.06333333333333334
1 0.27447916666666666 0.45083333333333336 0.06145833333333333 0.058333333333333334
6 0.42604166666666665 0.4216666666666667 0.0125 0.023333333333333334
1 0.509375 0.49333333333333335 0.07916666666666666 0.14
8 0.49895833333333334 0.3983333333333334 0.010416666666666666 0.030000000000000002
1 0.63125 0.4841666666666667 0.05 0.05166666666666667
1 0.6979166666666666 0.5066666666666667 0.08333333333333333 0.08666666666666667
1 0.7395833333333334 0.4916666666666667 0.029166666666666667 0.04666666666666667
1 0.8088541666666667 0.49833333333333335 0.06354166666666666 0.07
1 0.8109375 0.4991666666666667 0.065625 0.07166666666666667
1 0.8708333333333333 0.5016666666666667 0.052083333333333336 0.06333333333333334
1 0.9244791666666666 0.5116666666666667 0.057291666666666664 0.05666666666666667