1 0.13541666666666666 0.5708333333333334 0.2708333333333333 0.2783333333333334
1 0.24895833333333334 0.4991666666666667 0.035416666666666666 0.07166666666666667
1 0.29375 0.5033333333333334 0.05416666666666667 0.05
1 0.28802083333333334 0.5025000000000001 0.036458333333333336 0.045000000000000005
7 0.2833333333333333 0.29333333333333333 0.022916666666666665 0.060000000000000005
1 0.3614583333333333 0.49083333333333334 0.029166666666666667 0.04166666666666667
4 0.37395833333333334 0.29750000000000004 0.01875 0.055
4 0.3755208333333333 0.3116666666666667 0.015625 0.030000000000000002
4 0.4458333333333333 0.315 0.01875 0.05333333333333334
4 0.44687499999999997 0.32333333333333336 0.014583333333333334 0.02666666666666667
1 0.5208333333333334 0.48583333333333334 0.03125 0.03833333333333334
2 0.5541666666666667 0.48750000000000004 0.016666666666666666 0.04166666666666667
4 0.5973958333333333 0.4033333333333334 0.017708333333333333 0.05666666666666667
4 0.5953125 0.4116666666666667 0.013541666666666667 0.030000000000000002
1 0.6208333333333333 0.48750000000000004 0.04583333333333333 0.05166666666666667
1 0.625 0.48583333333333334 0.03333333333333333 0.05166666666666667
4 0.63125 0.3491666666666667 0.020833333333333332 0.065
4 0.6302083333333334 0.37000000000000005 0.01875 0.04
1 0.7802083333333333 0.4733333333333334 0.15208333333333332 0.09000000000000001