1 0.0390625 0.5654296875 0.0771484375 0.1064453125
1 0.107421875 0.5390625 0.033203125 0.044921875
1 0.111328125 0.5380859375 0.033203125 0.0537109375
1 0.2529296875 0.52734375 0.0419921875 0.0615234375
1 0.2529296875 0.529296875 0.0361328125 0.0517578125
1 0.3408203125 0.5595703125 0.1162109375 0.1484375
1 0.341796875 0.5625 0.1162109375 0.162109375
7 0.3251953125 0.337890625 0.0205078125 0.0498046875
7 0.3251953125 0.3388671875 0.0185546875 0.0478515625
6 0.4169921875 0.3466796875 0.0166015625 0.0595703125
6 0.4287109375 0.34375 0.0185546875 0.0546875
1 0.517578125 0.54296875 0.0693359375 0.1650390625
1 0.5224609375 0.5361328125 0.0712890625 0.1513671875
6 0.4990234375 0.3681640625 0.015625 0.0498046875
6 0.4990234375 0.365234375 0.013671875 0.046875
1 0.626953125 0.568359375 0.197265625 0.2236328125
6 0.59765625 0.4345703125 0.0205078125 0.056640625
3 0.59765625 0.42578125 0.015625 0.0419921875
1 0.802734375 0.533203125 0.2138671875 0.1962890625
1 0.8017578125 0.5107421875 0.2080078125 0.2451171875
1 0.91796875 0.595703125 0.1591796875 0.2646484375