2 0.0234375 0.54296875 0.0283203125 0.111328125
2 0.0224609375 0.5458984375 0.02734375 0.115234375
1 0.2431640625 0.685546875 0.3955078125 0.4287109375
2 0.126953125 0.416015625 0.0146484375 0.03125
2 0.1416015625 0.537109375 0.0283203125 0.0869140625
2 0.1376953125 0.5185546875 0.0185546875 0.033203125
3 0.1474609375 0.3984375 0.0166015625 0.0537109375
1 0.41015625 0.5205078125 0.015625 0.0185546875
1 0.44921875 0.5283203125 0.0244140625 0.033203125
1 0.4619140625 0.51953125 0.013671875 0.03125
3 0.52734375 0.3720703125 0.01953125 0.068359375
2 0.568359375 0.515625 0.0185546875 0.0419921875
2 0.6552734375 0.52734375 0.0166015625 0.0751953125
2 0.6728515625 0.5341796875 0.0263671875 0.0947265625
2 0.818359375 0.53125 0.0517578125 0.236328125
2 0.8681640625 0.53125 0.0478515625 0.240234375
2 0.9306640625 0.5498046875 0.0498046875 0.212890625