1 0.4755859375 0.4990234375 0.0341796875 0.0478515625
2 0.990234375 0.498046875 0.015625 0.08203125
3 0.0615234375 0.0712890625 0.09375 0.1396484375
1 0.095703125 0.5224609375 0.0712890625 0.1015625
1 0.1005859375 0.51953125 0.0517578125 0.0986328125
1 0.2412109375 0.5029296875 0.1513671875 0.0712890625
1 0.4501953125 0.4951171875 0.0205078125 0.046875
3 0.5712890625 0.0263671875 0.0283203125 0.0517578125
6 0.5654296875 0.3642578125 0.015625 0.0478515625
1 0.619140625 0.48828125 0.0458984375 0.0595703125
1 0.7373046875 0.4990234375 0.22265625 0.091796875
10 0.7451171875 0.4912109375 0.2197265625 0.091796875
6 0.6533203125 0.357421875 0.0166015625 0.0546875
6 0.728515625 0.4169921875 0.015625 0.0498046875
6 0.80078125 0.076171875 0.029296875 0.1015625
1 0.861328125 0.5009765625 0.0380859375 0.0419921875
1 0.9208984375 0.486328125 0.103515625 0.056640625