3 0.0625 0.06916666666666667 0.0875 0.135
1 0.13229166666666667 0.4866666666666667 0.052083333333333336 0.05
1 0.19166666666666665 0.5225000000000001 0.14583333333333334 0.125
1 0.2765625 0.5 0.051041666666666666 0.07666666666666667
1 0.4739583333333333 0.4941666666666667 0.041666666666666664 0.05166666666666667
3 0.571875 0.0275 0.029166666666666667 0.05166666666666667
6 0.565625 0.36333333333333334 0.014583333333333334 0.04666666666666667
1 0.5921875 0.4941666666666667 0.051041666666666666 0.03833333333333334
1 0.6567708333333333 0.5041666666666667 0.11354166666666667 0.058333333333333334
6 0.653125 0.35833333333333334 0.016666666666666666 0.05
6 0.7286458333333333 0.4191666666666667 0.013541666666666667 0.04833333333333334
6 0.8010416666666667 0.07500000000000001 0.029166666666666667 0.09333333333333334
1 0.8619791666666666 0.4891666666666667 0.071875 0.055
1 0.9213541666666667 0.4866666666666667 0.103125 0.05666666666666667