1 0.134765625 0.4833984375 0.267578125 0.626953125
10 0.130859375 0.484375 0.2607421875 0.6181640625
7 0.3515625 0.30078125 0.01953125 0.0712890625
1 0.5009765625 0.6142578125 0.318359375 0.4248046875
7 0.353515625 0.2841796875 0.015625 0.0380859375
6 0.474609375 0.240234375 0.017578125 0.06640625
6 0.6455078125 0.36328125 0.01953125 0.04296875
0 0.6494140625 0.486328125 0.0263671875 0.0966796875
1 0.7392578125 0.482421875 0.09375 0.078125
1 0.7353515625 0.48828125 0.083984375 0.0537109375
1 0.8642578125 0.58984375 0.2666015625 0.3466796875
6 0.9853515625 0.2265625 0.0263671875 0.080078125
6 0.98828125 0.2041015625 0.021484375 0.0419921875