1 0.02395833333333333 0.46166666666666667 0.04791666666666666 0.10333333333333335
1 0.0875 0.4841666666666667 0.10833333333333334 0.08833333333333333
1 0.15833333333333333 0.4766666666666667 0.05416666666666667 0.07
1 0.24895833333333334 0.4683333333333334 0.06041666666666667 0.06333333333333334
6 0.42083333333333334 0.43333333333333335 0.0125 0.023333333333333334
1 0.5125 0.5 0.07291666666666667 0.09666666666666668
6 0.4979166666666667 0.4025 0.0125 0.028333333333333335
1 0.6458333333333334 0.4966666666666667 0.05625 0.06333333333333334
1 0.73125 0.52 0.10625 0.11
1 0.8395833333333333 0.505 0.07291666666666667 0.07666666666666667
1 0.9010416666666666 0.5116666666666667 0.052083333333333336 0.06333333333333334
1 0.9635416666666666 0.5233333333333333 0.07083333333333333 0.07666666666666667