1 0.0908203125 0.5595703125 0.1806640625 0.1767578125
1 0.9189453125 0.6142578125 0.16015625 0.2978515625
1 0.2734375 0.5166015625 0.0634765625 0.06640625
1 0.2724609375 0.517578125 0.060546875 0.0615234375
1 0.3720703125 0.509765625 0.0322265625 0.037109375
1 0.5146484375 0.4970703125 0.044921875 0.0732421875
1 0.6171875 0.5029296875 0.0302734375 0.080078125
1 0.6396484375 0.5087890625 0.029296875 0.08984375
1 0.6787109375 0.51953125 0.068359375 0.125
1 0.6884765625 0.5048828125 0.0771484375 0.11328125
1 0.7646484375 0.537109375 0.14453125 0.2216796875
1 0.810546875 0.5263671875 0.20703125 0.1796875