2 0.1298828125 0.53125 0.0517578125 0.080078125
2 0.1298828125 0.5205078125 0.0224609375 0.0654296875
1 0.2177734375 0.537109375 0.1064453125 0.1220703125
4 0.2177734375 0.4130859375 0.0185546875 0.056640625
1 0.39453125 0.595703125 0.201171875 0.228515625
1 0.318359375 0.521484375 0.048828125 0.0634765625
1 0.47265625 0.5478515625 0.12109375 0.1748046875
4 0.5185546875 0.3955078125 0.0185546875 0.05859375
2 0.572265625 0.498046875 0.0185546875 0.0634765625
2 0.5849609375 0.5419921875 0.0361328125 0.1396484375
2 0.6025390625 0.53125 0.0166015625 0.1669921875
2 0.623046875 0.525390625 0.033203125 0.1279296875
1 0.7021484375 0.509765625 0.1474609375 0.1064453125
2 0.6845703125 0.521484375 0.01953125 0.1396484375
2 0.71484375 0.50390625 0.0322265625 0.0986328125
2 0.71484375 0.4912109375 0.025390625 0.08984375
2 0.779296875 0.47265625 0.02734375 0.078125
2 0.7822265625 0.498046875 0.03125 0.123046875
2 0.853515625 0.5009765625 0.0634765625 0.0947265625