1 0.08802083333333333 0.5625 0.103125 0.08166666666666667
1 0.0875 0.5583333333333333 0.08125 0.08333333333333334
1 0.15208333333333332 0.5358333333333334 0.09375 0.085
1 0.16875 0.5425 0.06666666666666667 0.07166666666666667
2 0.1515625 0.5358333333333334 0.019791666666666666 0.095
2 0.15625 0.5383333333333333 0.022916666666666665 0.09333333333333334
1 0.24114583333333334 0.5358333333333334 0.078125 0.04833333333333334
1 0.24687499999999998 0.5358333333333334 0.07916666666666666 0.06166666666666667
1 0.3697916666666667 0.5508333333333334 0.14375 0.2316666666666667
1 0.5234375 0.5166666666666667 0.03854166666666667 0.05666666666666667
1 0.9255208333333333 0.49250000000000005 0.140625 0.09166666666666667