1 0.12239583333333333 0.5416666666666667 0.071875 0.065
0 0.06354166666666666 0.5504166666666667 0.04791666666666666 0.07250000000000001
2 0.008854166666666666 0.5533333333333333 0.016666666666666666 0.07666666666666667
2 0.021875 0.5525 0.01875 0.07500000000000001
2 0.0203125 0.555 0.015625 0.07
1 0.3302083333333333 0.6525000000000001 0.32708333333333334 0.4116666666666667
7 0.28072916666666664 0.2758333333333334 0.019791666666666666 0.06166666666666667
6 0.39010416666666664 0.2866666666666667 0.017708333333333333 0.07
2 0.4875 0.5283333333333333 0.016666666666666666 0.08
2 0.5385416666666667 0.5325000000000001 0.025 0.08166666666666667
2 0.5401041666666666 0.5291666666666667 0.017708333333333333 0.06166666666666667
6 0.5625 0.4083333333333334 0.020833333333333332 0.06333333333333334
2 0.6697916666666667 0.5725 0.07291666666666667 0.26166666666666666
1 0.7697916666666667 0.5233333333333333 0.15416666666666667 0.1
1 0.9729166666666667 0.5333333333333333 0.04791666666666666 0.07