1 0.022395833333333334 0.5800000000000001 0.04375 0.14500000000000002
1 0.07864583333333333 0.5733333333333334 0.090625 0.11666666666666667
1 0.08229166666666667 0.5725 0.0875 0.095
1 0.1765625 0.5541666666666667 0.08854166666666667 0.09166666666666667
10 0.32760416666666664 0.5108333333333334 0.06145833333333333 0.095
1 0.35052083333333334 0.5508333333333334 0.046875 0.04166666666666667
1 0.43333333333333335 0.5291666666666667 0.0625 0.08166666666666667
1 0.503125 0.5233333333333333 0.029166666666666667 0.06333333333333334
1 0.5307291666666667 0.5241666666666667 0.046875 0.085
1 0.546875 0.5375000000000001 0.041666666666666664 0.09166666666666667
1 0.5979166666666667 0.5416666666666667 0.09583333333333333 0.11666666666666667