1 0.05625 0.6041666666666667 0.1125 0.15833333333333335
1 0.13333333333333333 0.5716666666666667 0.06875 0.11333333333333334
1 0.13229166666666667 0.5800000000000001 0.06666666666666667 0.12000000000000001
1 0.3182291666666667 0.6091666666666667 0.31354166666666666 0.3916666666666667
2 0.1765625 0.5316666666666667 0.02395833333333333 0.060000000000000005
1 0.44427083333333334 0.5575 0.06979166666666667 0.18500000000000003
4 0.5260416666666666 0.45583333333333337 0.01875 0.04166666666666667
1 0.5401041666666666 0.5733333333333334 0.03854166666666667 0.11666666666666667
1 0.5848958333333333 0.5633333333333334 0.07395833333333333 0.18333333333333335
1 0.709375 0.5950000000000001 0.2583333333333333 0.3066666666666667
2 0.7479166666666667 0.4575 0.041666666666666664 0.06166666666666667
2 0.746875 0.4541666666666667 0.025 0.04166666666666667