1 0.970703125 0.505859375 0.0576171875 0.09765625
10 0.025390625 0.5 0.0498046875 0.1103515625
2 0.109375 0.5224609375 0.0205078125 0.068359375
2 0.11328125 0.52734375 0.025390625 0.0654296875
1 0.1689453125 0.51171875 0.052734375 0.080078125
6 0.1904296875 0.4130859375 0.021484375 0.0634765625
1 0.22265625 0.5 0.046875 0.037109375
1 0.2294921875 0.5205078125 0.05078125 0.044921875
1 0.326171875 0.517578125 0.05859375 0.0615234375
1 0.396484375 0.5068359375 0.02734375 0.033203125
1 0.49609375 0.513671875 0.060546875 0.056640625
1 0.5009765625 0.515625 0.0458984375 0.0546875
3 0.560546875 0.37890625 0.0166015625 0.0654296875