2 0.8377604166666667 0.5466666666666667 0.04010416666666666 0.11166666666666668
1 0.022916666666666665 0.5741666666666667 0.04479166666666667 0.10833333333333334
1 0.044270833333333336 0.5650000000000001 0.03229166666666666 0.09666666666666668
1 0.13072916666666667 0.5525 0.06770833333333333 0.10166666666666667
1 0.12916666666666665 0.5491666666666667 0.05625 0.085
1 0.2125 0.5408333333333334 0.05416666666666667 0.065
1 0.31875 0.5558333333333334 0.12291666666666666 0.165
1 0.38229166666666664 0.5383333333333333 0.029166666666666667 0.07
1 0.40989583333333335 0.5433333333333333 0.05520833333333333 0.11666666666666667
1 0.4588541666666667 0.535 0.06354166666666666 0.12666666666666668
1 0.47552083333333334 0.5575 0.030208333333333334 0.09833333333333334
1 0.5375 0.5325000000000001 0.10625 0.19833333333333333
1 0.6744791666666666 0.5683333333333334 0.20104166666666667 0.17333333333333334
2 0.7809895833333333 0.54125 0.0265625 0.10250000000000001