1 0.09791666666666667 0.5875 0.19583333333333333 0.2816666666666667
1 0.34375 0.6391666666666667 0.29791666666666666 0.3616666666666667
1 0.22083333333333333 0.54 0.03958333333333333 0.07
3 0.2760416666666667 0.28 0.025 0.06666666666666667
3 0.3880208333333333 0.28583333333333333 0.02395833333333333 0.07500000000000001
2 0.4828125 0.53 0.02395833333333333 0.06666666666666667
2 0.5588541666666667 0.525 0.021875 0.08
3 0.5635416666666666 0.41583333333333333 0.027083333333333334 0.07833333333333334
2 0.5619791666666667 0.5225000000000001 0.019791666666666666 0.07833333333333334
2 0.5796875 0.5208333333333334 0.017708333333333333 0.08166666666666667
2 0.6302083333333334 0.5666666666666667 0.08541666666666667 0.21000000000000002
2 0.6010416666666667 0.5275000000000001 0.020833333333333332 0.085
0 0.6515625 0.525 0.03229166666666666 0.10333333333333335
2 0.7046875 0.53 0.026041666666666668 0.08666666666666667
2 0.7291666666666666 0.5266666666666667 0.022916666666666665 0.09000000000000001
2 0.7911458333333333 0.52 0.02395833333333333 0.10666666666666667
1 0.9520833333333333 0.5266666666666667 0.09166666666666666 0.08333333333333334