1 0.028645833333333332 0.5316666666666667 0.057291666666666664 0.30333333333333334
1 0.057291666666666664 0.5 0.06666666666666667 0.1
1 0.07864583333333333 0.5366666666666667 0.071875 0.06333333333333334
1 0.13020833333333334 0.5316666666666667 0.041666666666666664 0.05666666666666667
1 0.14166666666666666 0.5325000000000001 0.058333333333333334 0.04833333333333334
1 0.24427083333333333 0.53 0.20104166666666667 0.23333333333333334
7 0.20833333333333334 0.3383333333333334 0.022916666666666665 0.06333333333333334
3 0.21041666666666667 0.335 0.01875 0.05
3 0.2713541666666667 0.33166666666666667 0.019791666666666666 0.06666666666666667
1 0.3609375 0.53 0.06145833333333333 0.10666666666666667
4 0.365625 0.33166666666666667 0.01875 0.05666666666666667
3 0.3734375 0.33166666666666667 0.017708333333333333 0.04666666666666667
1 0.3984375 0.515 0.03854166666666667 0.043333333333333335
1 0.471875 0.5333333333333333 0.10833333333333334 0.14
4 0.43645833333333334 0.3433333333333334 0.03333333333333333 0.07666666666666667
6 0.4401041666666667 0.33666666666666667 0.017708333333333333 0.05
4 0.5848958333333333 0.43500000000000005 0.017708333333333333 0.06333333333333334
4 0.5864583333333333 0.4266666666666667 0.016666666666666666 0.05333333333333334
1 0.8364583333333333 0.5183333333333333 0.05625 0.08666666666666667
1 0.8630208333333333 0.5141666666666667 0.096875 0.07500000000000001
1 0.9302083333333333 0.5141666666666667 0.1375 0.095