1 0.916015625 0.556640625 0.1669921875 0.1142578125
1 0.5439453125 0.517578125 0.0302734375 0.041015625
1 0.2099609375 0.5390625 0.056640625 0.0478515625
1 0.2138671875 0.5361328125 0.0517578125 0.044921875
1 0.2578125 0.5322265625 0.0361328125 0.03125
1 0.4169921875 0.51953125 0.025390625 0.03515625
1 0.435546875 0.525390625 0.021484375 0.03125
1 0.470703125 0.5234375 0.0263671875 0.0400390625
1 0.6044921875 0.5380859375 0.0634765625 0.0771484375
1 0.744140625 0.599609375 0.263671875 0.251953125
1 0.845703125 0.4951171875 0.044921875 0.046875