1 0.8880208333333334 0.7225 0.22291666666666665 0.5533333333333333
2 0.06354166666666666 0.5266666666666667 0.01875 0.07333333333333333
1 0.15052083333333333 0.5525 0.06979166666666667 0.06833333333333334
1 0.20416666666666666 0.5408333333333334 0.04375 0.065
1 0.39427083333333335 0.5475 0.09479166666666666 0.10833333333333334
1 0.4453125 0.5225000000000001 0.036458333333333336 0.04833333333333334
1 0.6104166666666666 0.5491666666666667 0.10833333333333334 0.10166666666666667
2 0.6604166666666667 0.4991666666666667 0.022916666666666665 0.07833333333333334
2 0.7208333333333333 0.5291666666666667 0.04791666666666666 0.06833333333333334
2 0.8083333333333333 0.49083333333333334 0.041666666666666664 0.11833333333333335
2 0.809375 0.48750000000000004 0.027083333333333334 0.10833333333333334
2 0.8307291666666666 0.465 0.017708333333333333 0.09000000000000001
2 0.853125 0.4891666666666667 0.03333333333333333 0.125