1 0.01875 0.5383333333333333 0.029166666666666667 0.04666666666666667
6 0.06041666666666667 0.4541666666666667 0.020833333333333332 0.04166666666666667
7 0.0625 0.4675 0.016666666666666666 0.04833333333333334
1 0.11875 0.5241666666666667 0.03333333333333333 0.04833333333333334
1 0.15416666666666667 0.5291666666666667 0.04583333333333333 0.055
1 0.178125 0.52 0.025 0.05333333333333334
1 0.17864583333333334 0.52 0.021875 0.043333333333333335
1 0.22083333333333333 0.5133333333333334 0.04583333333333333 0.05333333333333334
7 0.21458333333333332 0.3725 0.01875 0.055
1 0.27447916666666666 0.515 0.046875 0.07
1 0.2786458333333333 0.515 0.053125 0.07
4 0.2869791666666667 0.3691666666666667 0.015625 0.045000000000000005
1 0.3145833333333333 0.505 0.027083333333333334 0.06333333333333334
1 0.45208333333333334 0.5658333333333334 0.2708333333333333 0.395
1 0.59375 0.4808333333333334 0.052083333333333336 0.06166666666666667
3 0.5927083333333333 0.39 0.03333333333333333 0.060000000000000005
3 0.5911458333333334 0.3825 0.026041666666666668 0.085
1 0.6505208333333333 0.5483333333333333 0.134375 0.13333333333333333
2 0.6567708333333333 0.4791666666666667 0.03229166666666666 0.035
1 0.9390625 0.67 0.11979166666666667 0.31