1 0.12109375 0.5433333333333333 0.06927083333333334 0.07500000000000001
1 0.17708333333333334 0.5391666666666667 0.05 0.058333333333333334
1 0.3260416666666667 0.6541666666666667 0.3229166666666667 0.41500000000000004
7 0.2796875 0.28 0.02395833333333333 0.06666666666666667
6 0.39010416666666664 0.28583333333333333 0.02395833333333333 0.07500000000000001
2 0.49635416666666665 0.5266666666666667 0.02395833333333333 0.07
2 0.540625 0.5191666666666667 0.020833333333333332 0.07500000000000001
6 0.5635416666666666 0.4133333333333334 0.027083333333333334 0.07333333333333333
2 0.5869791666666666 0.515 0.026041666666666668 0.08333333333333334
0 0.6291666666666667 0.5275000000000001 0.03333333333333333 0.09166666666666667
0 0.6557291666666667 0.5258333333333334 0.03229166666666666 0.08833333333333333
2 0.6869791666666667 0.5283333333333333 0.021875 0.08
2 0.7026041666666667 0.525 0.021875 0.08666666666666667
2 0.7244791666666667 0.5216666666666667 0.019791666666666666 0.08666666666666667
2 0.8796875 0.5166666666666667 0.017708333333333333 0.07666666666666667
2 0.88125 0.5225000000000001 0.020833333333333332 0.08166666666666667
2 0.9026041666666667 0.5225000000000001 0.036458333333333336 0.15166666666666667
1 0.9625 0.5241666666666667 0.06875 0.085