10 0.058333333333333334 0.49083333333333334 0.11666666666666667 0.18500000000000003
10 0.0609375 0.4866666666666667 0.121875 0.17666666666666667
1 0.1171875 0.5633333333333334 0.10520833333333333 0.11
1 0.17395833333333333 0.4683333333333334 0.11666666666666667 0.12000000000000001
10 0.18489583333333334 0.49750000000000005 0.13020833333333334 0.155
1 0.2895833333333333 0.6241666666666668 0.2604166666666667 0.33166666666666667
10 0.403125 0.5291666666666667 0.12916666666666665 0.19166666666666668
1 0.43333333333333335 0.52 0.07708333333333334 0.26
1 0.5083333333333333 0.5366666666666667 0.05625 0.08
1 0.53125 0.5333333333333333 0.029166666666666667 0.11
1 0.5859375 0.5291666666666667 0.10729166666666666 0.15166666666666667
1 0.6546875 0.5591666666666667 0.17395833333333333 0.17500000000000002
10 0.7541666666666667 0.48750000000000004 0.10625 0.18833333333333335