2 0.0380859375 0.5458984375 0.017578125 0.08984375
1 0.12109375 0.552734375 0.1591796875 0.1083984375
8 0.1103515625 0.39453125 0.0244140625 0.0712890625
1 0.291015625 0.53515625 0.1064453125 0.13671875
1 0.4013671875 0.599609375 0.1943359375 0.23046875
8 0.509765625 0.3662109375 0.0224609375 0.078125
2 0.5634765625 0.515625 0.0263671875 0.091796875
2 0.58984375 0.51171875 0.0224609375 0.080078125
2 0.5888671875 0.49609375 0.01953125 0.0546875
2 0.6142578125 0.5146484375 0.0244140625 0.091796875
2 0.6142578125 0.51171875 0.021484375 0.099609375
2 0.623046875 0.537109375 0.01953125 0.05859375
2 0.6318359375 0.515625 0.03125 0.10546875
2 0.634765625 0.5205078125 0.0283203125 0.10546875
2 0.7275390625 0.564453125 0.076171875 0.3720703125
1 0.880859375 0.51953125 0.232421875 0.1767578125
2 0.7998046875 0.55078125 0.0361328125 0.2646484375
2 0.822265625 0.537109375 0.0380859375 0.2802734375
2 0.8564453125 0.52734375 0.0615234375 0.2783203125
2 0.8623046875 0.5380859375 0.048828125 0.2900390625