1 0.12552083333333333 0.5 0.06770833333333333 0.05
1 0.16666666666666666 0.49333333333333335 0.029166666666666667 0.05333333333333334
1 0.27760416666666665 0.49083333333333334 0.134375 0.15166666666666667
7 0.3098958333333333 0.3691666666666667 0.021875 0.055
7 0.31354166666666666 0.36333333333333334 0.020833333333333332 0.03333333333333333
1 0.3567708333333333 0.49750000000000005 0.040625 0.09166666666666667
1 0.3572916666666667 0.5008333333333334 0.035416666666666666 0.10500000000000001
4 0.37135416666666665 0.3666666666666667 0.017708333333333333 0.043333333333333335
4 0.37135416666666665 0.36583333333333334 0.015625 0.035
4 0.4161458333333333 0.3725 0.017708333333333333 0.045000000000000005
1 0.4578125 0.5141666666666667 0.09270833333333334 0.12166666666666667
4 0.4197916666666667 0.3666666666666667 0.014583333333333334 0.03666666666666667
0 0.5333333333333333 0.5025000000000001 0.025 0.07500000000000001
0 0.534375 0.4891666666666667 0.025 0.08833333333333333
4 0.5390625 0.4316666666666667 0.013541666666666667 0.030000000000000002
4 0.559375 0.41583333333333333 0.016666666666666666 0.04166666666666667
4 0.565625 0.41750000000000004 0.01875 0.065
1 0.8395833333333333 0.4741666666666667 0.04791666666666666 0.04166666666666667
1 0.8401041666666667 0.47500000000000003 0.040625 0.06333333333333334