1 0.9348958333333334 0.5920833333333334 0.12916666666666665 0.41583333333333333
1 0.7854166666666667 0.5566666666666668 0.20625 0.18833333333333335
1 0.3953125 0.48833333333333334 0.030208333333333334 0.043333333333333335
1 0.44427083333333334 0.48833333333333334 0.03229166666666666 0.04666666666666667
4 0.4578125 0.4133333333333334 0.013541666666666667 0.023333333333333334
1 0.4828125 0.48250000000000004 0.03229166666666666 0.03833333333333334
4 0.4890625 0.42000000000000004 0.011458333333333333 0.02666666666666667
4 0.5432291666666667 0.4525 0.011458333333333333 0.028333333333333335
4 0.5723958333333333 0.4441666666666667 0.017708333333333333 0.03166666666666667
1 0.675 0.5216666666666667 0.11041666666666666 0.13
1 0.6588541666666666 0.5275000000000001 0.078125 0.13833333333333334