1 0.030989583333333334 0.6058333333333333 0.0609375 0.19333333333333336
10 0.0609375 0.5275000000000001 0.12083333333333333 0.08166666666666667
2 0.19791666666666666 0.535 0.020833333333333332 0.06333333333333334
1 0.37916666666666665 0.5425 0.12916666666666665 0.08166666666666667
6 0.353125 0.18583333333333335 0.035416666666666666 0.085
1 0.56875 0.525 0.1125 0.07
1 0.5682291666666667 0.5241666666666667 0.10729166666666666 0.07833333333333334
6 0.6015625 0.35250000000000004 0.028125 0.08833333333333333
6 0.6057291666666667 0.34833333333333333 0.017708333333333333 0.07333333333333333
2 0.7109375 0.5016666666666667 0.053125 0.10666666666666667
2 0.7875 0.5416666666666667 0.03333333333333333 0.16666666666666669
2 0.821875 0.5366666666666667 0.029166666666666667 0.17
2 0.8781249999999999 0.5216666666666667 0.04583333333333333 0.16333333333333333