1 0.1828125 0.6241666666666668 0.365625 0.615
7 0.346875 0.43250000000000005 0.01875 0.065
1 0.40520833333333334 0.5875 0.11458333333333333 0.2316666666666667
6 0.4744791666666667 0.3541666666666667 0.015625 0.04833333333333334
1 0.5104166666666666 0.5366666666666667 0.03125 0.04
6 0.5244791666666666 0.43000000000000005 0.017708333333333333 0.05333333333333334
6 0.70625 0.31833333333333336 0.041666666666666664 0.12000000000000001
2 0.7 0.5275000000000001 0.010416666666666666 0.06833333333333334
2 0.7265625 0.5266666666666667 0.021875 0.07666666666666667
2 0.7255208333333333 0.5166666666666667 0.015625 0.05333333333333334
1 0.903125 0.5316666666666667 0.11041666666666666 0.11
1 0.8692708333333333 0.5533333333333333 0.042708333333333334 0.07
1 0.9406249999999999 0.5391666666666667 0.10833333333333334 0.11166666666666668
1 0.9265625 0.5508333333333334 0.065625 0.085
1 0.975 0.535 0.04791666666666666 0.11