1 0.13802083333333334 0.5516666666666667 0.08229166666666667 0.06666666666666667
1 0.11822916666666666 0.5566666666666668 0.042708333333333334 0.060000000000000005
1 0.15625 0.5658333333333334 0.041666666666666664 0.06833333333333334
1 0.19010416666666666 0.5708333333333334 0.040625 0.07166666666666667
1 0.2359375 0.5858333333333333 0.053125 0.07166666666666667
1 0.3046875 0.5591666666666667 0.109375 0.125
1 0.321875 0.5833333333333334 0.11875 0.11
1 0.3458333333333333 0.5800000000000001 0.1625 0.12000000000000001
1 0.3598958333333333 0.5933333333333334 0.11770833333333333 0.11333333333333334
1 0.44375 0.6091666666666667 0.23124999999999998 0.19833333333333333
1 0.4119791666666667 0.5908333333333333 0.146875 0.165
1 0.5848958333333333 0.5975 0.3802083333333333 0.22166666666666668
1 0.5796875 0.5900000000000001 0.365625 0.21333333333333335