1 0.0732421875 0.54296875 0.1083984375 0.0947265625
1 0.1279296875 0.52734375 0.0263671875 0.08203125
1 0.154296875 0.5244140625 0.0439453125 0.0546875
1 0.3818359375 0.662109375 0.3701171875 0.509765625
1 0.26953125 0.5087890625 0.0341796875 0.0595703125
1 0.5361328125 0.5146484375 0.0791015625 0.0751953125
2 0.763671875 0.4609375 0.01953125 0.0419921875
2 0.779296875 0.4912109375 0.021484375 0.0380859375
2 0.8330078125 0.484375 0.03125 0.125
2 0.8603515625 0.4853515625 0.0224609375 0.1201171875
1 0.962890625 0.53125 0.0732421875 0.1298828125