1 0.0296875 0.5758333333333334 0.059375 0.315
1 0.11562499999999999 0.5408333333333334 0.09583333333333333 0.06166666666666667
1 0.278125 0.5525 0.058333333333333334 0.058333333333333334
1 0.27760416666666665 0.5558333333333334 0.057291666666666664 0.06166666666666667
1 0.3151041666666667 0.5433333333333333 0.030208333333333334 0.04666666666666667
1 0.471875 0.5358333333333334 0.058333333333333334 0.07833333333333334
1 0.4692708333333333 0.5341666666666667 0.042708333333333334 0.07166666666666667
1 0.6651041666666666 0.5966666666666667 0.259375 0.3066666666666667
1 0.6401041666666667 0.5841666666666667 0.18645833333333334 0.26166666666666666
1 0.7994791666666666 0.7108333333333334 0.396875 0.5716666666666667
1 0.809375 0.7183333333333334 0.3770833333333333 0.5566666666666668