1 0.0556640625 0.51953125 0.111328125 0.158203125
1 0.1962890625 0.4892578125 0.0693359375 0.0712890625
1 0.2451171875 0.4912109375 0.0400390625 0.04296875
1 0.2802734375 0.4755859375 0.0302734375 0.0546875
1 0.3056640625 0.482421875 0.0263671875 0.0419921875
6 0.34765625 0.26953125 0.01953125 0.05859375
1 0.4677734375 0.53515625 0.15234375 0.20703125
3 0.45703125 0.287109375 0.025390625 0.0703125
6 0.634765625 0.3837890625 0.0185546875 0.04296875
6 0.6337890625 0.3759765625 0.013671875 0.0380859375
6 0.7412109375 0.255859375 0.0302734375 0.0947265625