1 0.035416666666666666 0.54 0.07083333333333333 0.16666666666666669
10 0.07604166666666666 0.5016666666666667 0.10833333333333334 0.08666666666666667
1 0.0890625 0.5783333333333334 0.134375 0.18000000000000002
1 0.284375 0.5916666666666667 0.32708333333333334 0.42333333333333334
3 0.3182291666666667 0.32916666666666666 0.017708333333333333 0.05166666666666667
6 0.4140625 0.325 0.017708333333333333 0.043333333333333335
1 0.4979166666666667 0.5191666666666667 0.0375 0.058333333333333334
6 0.49166666666666664 0.32583333333333336 0.016666666666666666 0.05166666666666667
1 0.5239583333333333 0.5216666666666667 0.025 0.04
1 0.6953125 0.5650000000000001 0.16354166666666667 0.17666666666666667
2 0.6333333333333333 0.5216666666666667 0.01875 0.05666666666666667
2 0.634375 0.5133333333333334 0.014583333333333334 0.04
6 0.6796875 0.41583333333333333 0.015625 0.045000000000000005
10 0.8921875 0.48333333333333334 0.21145833333333333 0.14666666666666667
6 0.9296875 0.255 0.04895833333333333 0.16
2 0.9583333333333334 0.5416666666666667 0.029166666666666667 0.12000000000000001