1 0.05416666666666667 0.5479166666666667 0.10729166666666666 0.17250000000000001
1 0.15520833333333334 0.5266666666666667 0.12083333333333333 0.12333333333333334
1 0.16927083333333334 0.53 0.12604166666666666 0.15333333333333335
1 0.2739583333333333 0.505 0.08541666666666667 0.11666666666666667
1 0.2739583333333333 0.49500000000000005 0.07083333333333333 0.09666666666666668
1 0.49583333333333335 0.48833333333333334 0.04791666666666666 0.09000000000000001
4 0.5119791666666667 0.3841666666666667 0.017708333333333333 0.04166666666666667
1 0.5796875 0.49333333333333335 0.036458333333333336 0.05333333333333334
1 0.5791666666666666 0.4816666666666667 0.03333333333333333 0.07333333333333333
1 0.6010416666666667 0.5016666666666667 0.022916666666666665 0.08666666666666667
1 0.6671875 0.4783333333333334 0.12395833333333334 0.19666666666666668