1 0.07265625 0.5829166666666667 0.12864583333333332 0.10416666666666667
10 0.05260416666666667 0.4633333333333334 0.10416666666666667 0.18333333333333335
1 0.16145833333333334 0.5183333333333333 0.16458333333333333 0.16333333333333333
10 0.16614583333333333 0.5125000000000001 0.140625 0.1716666666666667
1 0.20520833333333333 0.5666666666666667 0.1375 0.13333333333333333
1 0.2916666666666667 0.5383333333333333 0.058333333333333334 0.07
1 0.3755208333333333 0.5675 0.11145833333333333 0.13833333333333334
10 0.4197916666666667 0.5475 0.07916666666666666 0.13166666666666668
1 0.42343749999999997 0.5258333333333334 0.08020833333333333 0.14166666666666666
1 0.521875 0.5466666666666667 0.06041666666666667 0.08
1 0.6151041666666667 0.5408333333333334 0.12395833333333334 0.1716666666666667
1 0.7265625 0.5916666666666667 0.23645833333333333 0.24000000000000002
1 0.8 0.4541666666666667 0.10833333333333334 0.125
10 0.7989583333333333 0.48583333333333334 0.1 0.17833333333333334