2 0.014322916666666666 0.5733333333333334 0.027604166666666666 0.275
1 0.025 0.5775 0.0375 0.055
1 0.059895833333333336 0.56 0.08229166666666667 0.09666666666666668
1 0.06875 0.5633333333333334 0.06041666666666667 0.09666666666666668
1 0.11875 0.555 0.03958333333333333 0.07
1 0.17708333333333334 0.5516666666666667 0.05625 0.07333333333333333
1 0.21770833333333334 0.555 0.041666666666666664 0.060000000000000005
1 0.21510416666666665 0.5575 0.02395833333333333 0.04833333333333334
1 0.5244791666666666 0.5525 0.03229166666666666 0.055
1 0.525 0.5608333333333334 0.022916666666666665 0.045000000000000005
1 0.540625 0.5541666666666667 0.022916666666666665 0.06833333333333334
1 0.571875 0.5558333333333334 0.06041666666666667 0.06166666666666667
1 0.56875 0.5591666666666667 0.04583333333333333 0.07500000000000001
1 0.6354166666666666 0.5700000000000001 0.08541666666666667 0.09000000000000001
1 0.7296875 0.5725 0.09895833333333333 0.08833333333333333
1 0.8296875 0.5775 0.09895833333333333 0.08166666666666667
1 0.9479166666666666 0.5841666666666667 0.06666666666666667 0.08833333333333333