1 0.125 0.49333333333333335 0.25 0.6766666666666667
10 0.128125 0.4841666666666667 0.25 0.6183333333333334
1 0.3307291666666667 0.49750000000000005 0.051041666666666666 0.06833333333333334
1 0.4953125 0.625 0.33229166666666665 0.43000000000000005
7 0.35104166666666664 0.30083333333333334 0.01875 0.07166666666666667
6 0.4734375 0.24000000000000002 0.021875 0.06666666666666667
0 0.6536458333333334 0.49333333333333335 0.036458333333333336 0.08666666666666667
6 0.6479166666666667 0.37083333333333335 0.01875 0.045000000000000005
1 0.6890625 0.4841666666666667 0.036458333333333336 0.055
1 0.740625 0.4891666666666667 0.08541666666666667 0.058333333333333334
1 0.8583333333333333 0.5900000000000001 0.2791666666666667 0.3466666666666667
6 0.9864583333333333 0.23083333333333333 0.022916666666666665 0.10166666666666667