1 0.0302734375 0.5439453125 0.060546875 0.060546875
1 0.083984375 0.5615234375 0.064453125 0.0771484375
1 0.1220703125 0.546875 0.0341796875 0.0400390625
1 0.1240234375 0.544921875 0.0263671875 0.04296875
1 0.1796875 0.5546875 0.1201171875 0.1435546875
1 0.2431640625 0.5244140625 0.037109375 0.0546875
1 0.3955078125 0.544921875 0.068359375 0.08984375
1 0.4951171875 0.537109375 0.0595703125 0.1162109375
1 0.5712890625 0.544921875 0.123046875 0.1435546875
4 0.5712890625 0.1396484375 0.0361328125 0.0751953125
1 0.73828125 0.5908203125 0.28515625 0.28125
4 0.7666015625 0.1865234375 0.0283203125 0.0771484375
4 0.76953125 0.197265625 0.03125 0.0751953125
1 0.8662109375 0.546875 0.1083984375 0.1630859375