1 0.0361328125 0.6015625 0.0634765625 0.1201171875
1 0.0361328125 0.6103515625 0.0498046875 0.0986328125
1 0.0908203125 0.60546875 0.056640625 0.0869140625
1 0.1298828125 0.55859375 0.1103515625 0.103515625
1 0.138671875 0.5478515625 0.0810546875 0.0712890625
1 0.1298828125 0.6064453125 0.0322265625 0.0595703125
1 0.189453125 0.59375 0.0419921875 0.0830078125
1 0.2177734375 0.5537109375 0.078125 0.056640625
1 0.19921875 0.5869140625 0.0322265625 0.0771484375
10 0.37890625 0.4873046875 0.185546875 0.3779296875
2 0.4833984375 0.5654296875 0.029296875 0.09375
2 0.54296875 0.576171875 0.02734375 0.1279296875
2 0.5595703125 0.5810546875 0.017578125 0.115234375
2 0.7685546875 0.53515625 0.041015625 0.0498046875
2 0.9853515625 0.5546875 0.025390625 0.169921875