1 0.12135416666666667 0.5470833333333334 0.07083333333333333 0.07416666666666667
0 0.7825520833333334 0.5275000000000001 0.057812499999999996 0.09666666666666668
1 0.3302083333333333 0.6516666666666667 0.325 0.41000000000000003
7 0.28072916666666664 0.2758333333333334 0.019791666666666666 0.058333333333333334
6 0.390625 0.2866666666666667 0.016666666666666666 0.06333333333333334
2 0.5203125 0.5175000000000001 0.015625 0.05166666666666667
2 0.5270833333333333 0.5208333333333334 0.0125 0.065
2 0.5375 0.5158333333333334 0.0125 0.05166666666666667
6 0.5630208333333333 0.40750000000000003 0.017708333333333333 0.058333333333333334
2 0.56875 0.5241666666666667 0.022916666666666665 0.095
2 0.5901041666666667 0.5125000000000001 0.019791666666666666 0.07166666666666667
0 0.6604166666666667 0.5275000000000001 0.0375 0.09166666666666667
1 0.9260416666666667 0.5083333333333334 0.14375 0.13333333333333333