1 0.9231770833333334 0.5275000000000001 0.15260416666666665 0.08666666666666667
1 0.23854166666666665 0.5433333333333333 0.06041666666666667 0.07333333333333333
5 0.2838541666666667 0.315 0.026041666666666668 0.060000000000000005
7 0.2817708333333333 0.31333333333333335 0.015625 0.05
1 0.3598958333333333 0.5375000000000001 0.04895833333333333 0.065
4 0.38958333333333334 0.3175 0.0125 0.05166666666666667
1 0.4270833333333333 0.5308333333333334 0.07083333333333333 0.09833333333333334
4 0.5546875 0.42750000000000005 0.011458333333333333 0.04166666666666667
2 0.6354166666666666 0.5266666666666667 0.01875 0.08666666666666667
2 0.6630208333333333 0.53 0.02395833333333333 0.09666666666666668
10 0.8723958333333334 0.46166666666666667 0.25104166666666666 0.2066666666666667