1 0.04296875 0.5263671875 0.083984375 0.126953125
1 0.111328125 0.525390625 0.0341796875 0.04296875
1 0.216796875 0.5146484375 0.0244140625 0.03125
1 0.291015625 0.5322265625 0.09375 0.111328125
2 0.3828125 0.537109375 0.0341796875 0.125
4 0.38671875 0.3232421875 0.0244140625 0.0830078125
2 0.572265625 0.5380859375 0.03125 0.150390625
2 0.609375 0.5283203125 0.037109375 0.1630859375
2 0.669921875 0.51171875 0.03515625 0.1396484375
2 0.78515625 0.5029296875 0.029296875 0.1484375
1 0.9091796875 0.54296875 0.1767578125 0.15625
1 0.9091796875 0.55078125 0.1767578125 0.1279296875
2 0.9931640625 0.4501953125 0.0126953125 0.0400390625