2 0.5046875 0.5308333333333334 0.014583333333333334 0.058333333333333334
2 0.496875 0.5404166666666667 0.011458333333333333 0.035833333333333335
1 0.090625 0.5983333333333334 0.18020833333333333 0.25333333333333335
1 0.196875 0.5375000000000001 0.06458333333333333 0.065
1 0.19479166666666667 0.5358333333333334 0.05 0.05166666666666667
1 0.26979166666666665 0.5291666666666667 0.052083333333333336 0.06833333333333334
1 0.26875 0.5283333333333333 0.05 0.05333333333333334
2 0.4296875 0.5333333333333333 0.017708333333333333 0.06333333333333334
2 0.4302083333333333 0.5308333333333334 0.016666666666666666 0.058333333333333334
2 0.44427083333333334 0.53 0.015625 0.06333333333333334
2 0.45 0.5425 0.014583333333333334 0.04833333333333334
2 0.48385416666666664 0.5325000000000001 0.021875 0.058333333333333334
2 0.6692708333333334 0.5233333333333333 0.036458333333333336 0.1
2 0.7010416666666667 0.5216666666666667 0.027083333333333334 0.12333333333333334
2 0.7036458333333333 0.5191666666666667 0.030208333333333334 0.10500000000000001