1 0.0265625 0.5433333333333333 0.052083333333333336 0.085
1 0.12395833333333334 0.54 0.06041666666666667 0.05
1 0.2505208333333333 0.5266666666666667 0.06354166666666666 0.07333333333333333
1 0.2994791666666667 0.5275000000000001 0.040625 0.05166666666666667
1 0.42916666666666664 0.5525 0.125 0.18500000000000003
1 0.6791666666666667 0.5166666666666667 0.08541666666666667 0.07
1 0.7088541666666667 0.5275000000000001 0.08020833333333333 0.06833333333333334
2 0.6947916666666667 0.525 0.027083333333333334 0.09666666666666668
1 0.7958333333333333 0.5216666666666667 0.10208333333333333 0.11333333333333334
1 0.8291666666666666 0.5166666666666667 0.125 0.10333333333333335
1 0.8838541666666666 0.5175000000000001 0.16979166666666667 0.14166666666666666
1 0.8510416666666667 0.5283333333333333 0.10208333333333333 0.11666666666666667
1 0.8947916666666667 0.5408333333333334 0.07291666666666667 0.10500000000000001
1 0.9338541666666667 0.5191666666666667 0.12604166666666666 0.165