1 0.068359375 0.62890625 0.13671875 0.32421875
10 0.0771484375 0.4794921875 0.140625 0.1181640625
1 0.1591796875 0.5517578125 0.052734375 0.06640625
1 0.30078125 0.64453125 0.3125 0.3916015625
7 0.3388671875 0.244140625 0.01953125 0.0654296875
6 0.46484375 0.275390625 0.0185546875 0.0595703125
10 0.4912109375 0.49609375 0.0693359375 0.1181640625
2 0.5693359375 0.5244140625 0.0244140625 0.091796875
6 0.6396484375 0.3916015625 0.017578125 0.0634765625
1 0.8779296875 0.544921875 0.240234375 0.66015625
0 0.7978515625 0.498046875 0.029296875 0.0830078125