6 0.2275390625 0.427734375 0.02734375 0.0283203125
6 0.228515625 0.4404296875 0.0244140625 0.0615234375
1 0.31640625 0.544921875 0.0302734375 0.04296875
1 0.3349609375 0.5478515625 0.0263671875 0.0380859375
1 0.33984375 0.5498046875 0.03125 0.04296875
1 0.4091796875 0.5537109375 0.0400390625 0.037109375
1 0.4091796875 0.546875 0.037109375 0.037109375
6 0.431640625 0.330078125 0.0185546875 0.0595703125
6 0.431640625 0.3203125 0.0185546875 0.0302734375
1 0.4580078125 0.546875 0.041015625 0.046875
6 0.5673828125 0.41796875 0.021484375 0.0400390625
6 0.5703125 0.4365234375 0.017578125 0.0595703125
6 0.7353515625 0.234375 0.0458984375 0.158203125
6 0.7353515625 0.205078125 0.0322265625 0.0498046875