1 0.8349609375 0.7119140625 0.328125 0.5751953125
1 0.072265625 0.5654296875 0.142578125 0.2646484375
1 0.0751953125 0.568359375 0.150390625 0.26953125
1 0.16015625 0.533203125 0.0576171875 0.0634765625
1 0.2919921875 0.54296875 0.0576171875 0.0615234375
1 0.294921875 0.5400390625 0.0439453125 0.0595703125
1 0.32421875 0.5390625 0.0244140625 0.0478515625
1 0.462890625 0.525390625 0.044921875 0.05859375
1 0.466796875 0.525390625 0.048828125 0.0703125
1 0.572265625 0.5546875 0.126953125 0.2099609375
1 0.5576171875 0.5478515625 0.0869140625 0.1728515625
1 0.65234375 0.6064453125 0.228515625 0.26953125
1 0.66015625 0.607421875 0.2431640625 0.2685546875