0 0.10859375 0.5425 0.04114583333333333 0.08
1 0.17447916666666666 0.555 0.12604166666666666 0.14333333333333334
4 0.20625 0.42000000000000004 0.020833333333333332 0.06333333333333334
1 0.30364583333333334 0.5291666666666667 0.057291666666666664 0.06166666666666667
1 0.3953125 0.6016666666666667 0.19479166666666667 0.22666666666666668
1 0.4770833333333333 0.5491666666666667 0.125 0.17500000000000002
4 0.5135416666666667 0.39583333333333337 0.01875 0.058333333333333334
2 0.5697916666666667 0.5091666666666667 0.020833333333333332 0.085
2 0.5885416666666666 0.5475 0.03958333333333333 0.16166666666666668
2 0.6098958333333333 0.5366666666666667 0.028125 0.16333333333333333
2 0.6286458333333333 0.5358333333333334 0.03229166666666666 0.15166666666666667
2 0.6828125 0.5208333333333334 0.028125 0.13833333333333334
1 0.7635416666666667 0.5133333333333334 0.14791666666666667 0.10666666666666667
2 0.7109375 0.5041666666666667 0.03229166666666666 0.09833333333333334
2 0.709375 0.5191666666666667 0.027083333333333334 0.125
2 0.821875 0.48750000000000004 0.04375 0.12833333333333335
2 0.8197916666666667 0.48500000000000004 0.035416666666666666 0.12000000000000001
2 0.8869791666666667 0.515 0.065625 0.11