1 0.06197916666666667 0.5066666666666667 0.12395833333333334 0.10333333333333335
1 0.06770833333333333 0.5083333333333334 0.13541666666666666 0.08333333333333334
7 0.13020833333333334 0.3983333333333334 0.022916666666666665 0.05666666666666667
6 0.1296875 0.4 0.015625 0.05333333333333334
1 0.35833333333333334 0.49750000000000005 0.15 0.17833333333333334
3 0.40208333333333335 0.34833333333333333 0.014583333333333334 0.04
1 0.43697916666666664 0.48500000000000004 0.03854166666666667 0.06333333333333334
1 0.4380208333333333 0.4841666666666667 0.03229166666666666 0.045000000000000005
1 0.4927083333333333 0.5091666666666667 0.09791666666666667 0.14166666666666666
6 0.4848958333333333 0.3141666666666667 0.013541666666666667 0.05166666666666667
1 0.6239583333333333 0.5175000000000001 0.07291666666666667 0.11833333333333335
1 0.6307291666666667 0.5141666666666667 0.08229166666666667 0.11166666666666668
6 0.6026041666666666 0.4 0.017708333333333333 0.03666666666666667
6 0.6057291666666667 0.4008333333333334 0.017708333333333333 0.04166666666666667
1 0.734375 0.5283333333333333 0.18125 0.19
6 0.7375 0.3641666666666667 0.022916666666666665 0.058333333333333334
6 0.7401041666666667 0.3541666666666667 0.021875 0.04166666666666667
2 0.859375 0.49000000000000005 0.03125 0.09000000000000001
2 0.8640625 0.4941666666666667 0.028125 0.10166666666666667
1 0.9255208333333333 0.49000000000000005 0.084375 0.07