1 0.96484375 0.66015625 0.0693359375 0.3115234375
1 0.048828125 0.5166015625 0.08203125 0.076171875
1 0.8505859375 0.5947265625 0.2216796875 0.2255859375
1 0.11328125 0.5126953125 0.060546875 0.0654296875
1 0.15234375 0.5078125 0.0361328125 0.0615234375
1 0.1875 0.5087890625 0.0537109375 0.0537109375
1 0.3271484375 0.4970703125 0.0458984375 0.0546875
1 0.3837890625 0.513671875 0.0908203125 0.123046875
1 0.4482421875 0.48828125 0.0263671875 0.037109375
1 0.4775390625 0.486328125 0.03125 0.046875
1 0.654296875 0.5244140625 0.0849609375 0.111328125
1 0.7392578125 0.5556640625 0.1376953125 0.1787109375