1 0.184375 0.4575 0.03958333333333333 0.04833333333333334
1 0.18645833333333334 0.46 0.035416666666666666 0.03666666666666667
1 0.21875 0.46 0.020833333333333332 0.030000000000000002
1 0.21875 0.46166666666666667 0.01875 0.03333333333333333
1 0.2552083333333333 0.465 0.03333333333333333 0.03666666666666667
1 0.2552083333333333 0.4675 0.027083333333333334 0.03833333333333334
1 0.30364583333333334 0.4625 0.03229166666666666 0.04166666666666667
1 0.30572916666666666 0.46166666666666667 0.030208333333333334 0.03666666666666667
1 0.3328125 0.4591666666666667 0.02395833333333333 0.045000000000000005
1 0.3296875 0.465 0.017708333333333333 0.03333333333333333
1 0.5104166666666666 0.4841666666666667 0.041666666666666664 0.04833333333333334
6 0.5177083333333333 0.3566666666666667 0.025 0.03333333333333333
1 0.5848958333333333 0.4916666666666667 0.053125 0.07666666666666667
6 0.5796875 0.3791666666666667 0.019791666666666666 0.03833333333333334
1 0.6765625 0.4633333333333334 0.030208333333333334 0.02666666666666667
6 0.6796875 0.395 0.013541666666666667 0.023333333333333334
6 0.6796875 0.385 0.011458333333333333 0.05666666666666667
0 0.7463541666666667 0.4916666666666667 0.019791666666666666 0.05