2 0.8193359375 0.4853515625 0.0078125 0.0498046875
3 0.0712890625 0.0849609375 0.109375 0.15625
1 0.1201171875 0.515625 0.2001953125 0.1884765625
1 0.341796875 0.5107421875 0.078125 0.0751953125
1 0.4248046875 0.4951171875 0.0498046875 0.04296875
1 0.4287109375 0.4921875 0.056640625 0.05859375
1 0.466796875 0.4931640625 0.029296875 0.033203125
3 0.5703125 0.029296875 0.0263671875 0.056640625
3 0.56640625 0.3603515625 0.013671875 0.0517578125
3 0.65234375 0.35546875 0.015625 0.0400390625
4 0.7255859375 0.412109375 0.015625 0.046875
0 0.734375 0.4833984375 0.0205078125 0.06640625
3 0.80078125 0.07421875 0.0263671875 0.091796875
1 0.904296875 0.5009765625 0.1728515625 0.21484375