2 0.7041666666666666 0.5420833333333334 0.0125 0.05416666666666667
1 0.2518229166666667 0.5354166666666667 0.04114583333333333 0.04583333333333334
10 0.03697916666666667 0.525 0.07291666666666667 0.05
1 0.021875 0.5525 0.042708333333333334 0.055
3 0.140625 0.2325 0.027083333333333334 0.10166666666666667
1 0.178125 0.5358333333333334 0.0375 0.04166666666666667
1 0.184375 0.5391666666666667 0.05 0.04833333333333334
3 0.27239583333333334 0.13416666666666668 0.046875 0.12166666666666667
1 0.3072916666666667 0.5358333333333334 0.029166666666666667 0.04166666666666667
1 0.3265625 0.5425 0.04479166666666667 0.06166666666666667
1 0.33541666666666664 0.55 0.04375 0.09333333333333334
1 0.4005208333333333 0.5800000000000001 0.146875 0.19666666666666668
4 0.3927083333333333 0.39333333333333337 0.016666666666666666 0.043333333333333335
4 0.3911458333333333 0.3925 0.013541666666666667 0.035
4 0.4375 0.42500000000000004 0.014583333333333334 0.04
4 0.4395833333333333 0.42250000000000004 0.016666666666666666 0.03166666666666667
1 0.48541666666666666 0.5266666666666667 0.029166666666666667 0.06333333333333334
1 0.5072916666666667 0.5366666666666667 0.04791666666666666 0.05666666666666667
1 0.5390625 0.5491666666666667 0.034375 0.095
4 0.5473958333333333 0.3775 0.017708333333333333 0.045000000000000005
4 0.5489583333333333 0.3791666666666667 0.010416666666666666 0.03833333333333334
1 0.6192708333333333 0.5508333333333334 0.14895833333333333 0.18500000000000003
1 0.6203125 0.55 0.14479166666666665 0.18333333333333335
4 0.7125 0.47000000000000003 0.008333333333333333 0.030000000000000002
1 0.8270833333333333 0.5516666666666667 0.07291666666666667 0.05333333333333334
1 0.8822916666666667 0.5483333333333333 0.06458333333333333 0.05666666666666667
1 0.9276041666666667 0.5958333333333333 0.13645833333333332 0.19833333333333333