1 0.057291666666666664 0.5666666666666667 0.0625 0.030000000000000002
10 0.10520833333333333 0.5308333333333334 0.11666666666666667 0.055
1 0.13958333333333334 0.555 0.04583333333333333 0.02666666666666667
1 0.171875 0.5516666666666667 0.020833333333333332 0.023333333333333334
4 0.4203125 0.4316666666666667 0.009375 0.030000000000000002
1 0.4395833333333333 0.5133333333333334 0.016666666666666666 0.023333333333333334
4 0.45989583333333334 0.43333333333333335 0.007291666666666667 0.02666666666666667
1 0.4666666666666667 0.52 0.0125 0.02666666666666667
1 0.4791666666666667 0.5308333333333334 0.03125 0.055
1 0.48020833333333335 0.5291666666666667 0.025 0.035
1 0.5338541666666666 0.5408333333333334 0.059375 0.07166666666666667
4 0.5375 0.4566666666666667 0.014583333333333334 0.03333333333333333