2 0.9791666666666666 0.48250000000000004 0.040625 0.155
2 0.06197916666666667 0.52 0.017708333333333333 0.06666666666666667
2 0.0640625 0.525 0.017708333333333333 0.07333333333333333
2 0.071875 0.5358333333333334 0.010416666666666666 0.058333333333333334
2 0.07447916666666667 0.5266666666666667 0.009375 0.043333333333333335
2 0.08385416666666666 0.525 0.013541666666666667 0.05
2 0.1015625 0.52 0.015625 0.03666666666666667
2 0.25416666666666665 0.5133333333333334 0.010416666666666666 0.043333333333333335
10 0.2921875 0.5016666666666667 0.03854166666666667 0.043333333333333335
2 0.2911458333333333 0.52 0.009375 0.03666666666666667
1 0.3921875 0.5258333333333334 0.051041666666666666 0.04166666666666667