2 0.9434895833333333 0.5495833333333334 0.025520833333333333 0.1125
1 0.011979166666666666 0.5833333333333334 0.022916666666666665 0.16
1 0.022395833333333334 0.5800000000000001 0.034375 0.18333333333333335
1 0.08645833333333333 0.5800000000000001 0.12916666666666665 0.18000000000000002
10 0.08385416666666666 0.49083333333333334 0.11145833333333333 0.09166666666666667
1 0.06614583333333333 0.515 0.046875 0.060000000000000005
1 0.284375 0.5908333333333333 0.32916666666666666 0.4216666666666667
3 0.3171875 0.32833333333333337 0.017708333333333333 0.05333333333333334
6 0.4140625 0.32583333333333336 0.019791666666666666 0.04833333333333334
1 0.4552083333333333 0.5241666666666667 0.05 0.095
6 0.49166666666666664 0.32583333333333336 0.01875 0.055
1 0.5317708333333333 0.5258333333333334 0.034375 0.045000000000000005
1 0.5328125 0.5216666666666667 0.028125 0.04666666666666667
1 0.6890625 0.5625 0.15104166666666666 0.1716666666666667
6 0.6791666666666667 0.4166666666666667 0.016666666666666666 0.04666666666666667
10 0.8265625 0.48000000000000004 0.13854166666666667 0.12333333333333334
1 0.8770833333333333 0.4816666666666667 0.23333333333333334 0.16333333333333333
1 0.8885416666666667 0.5241666666666667 0.14583333333333334 0.08166666666666667
6 0.9291666666666667 0.2566666666666667 0.05 0.15333333333333335