1 0.18385416666666665 0.6316666666666667 0.3677083333333333 0.6233333333333334
1 0.39947916666666666 0.5808333333333334 0.13229166666666667 0.22166666666666668
7 0.346875 0.43500000000000005 0.01875 0.060000000000000005
6 0.4744791666666667 0.35583333333333333 0.015625 0.05166666666666667
1 0.5104166666666666 0.5366666666666667 0.03125 0.04
6 0.5244791666666666 0.4291666666666667 0.017708333333333333 0.05166666666666667
1 0.7333333333333333 0.5316666666666667 0.16041666666666665 0.1
6 0.70625 0.31833333333333336 0.041666666666666664 0.12000000000000001
1 0.9020833333333333 0.5333333333333333 0.11041666666666666 0.11
1 0.8692708333333333 0.5533333333333333 0.042708333333333334 0.07
1 0.9406249999999999 0.5425 0.10833333333333334 0.11166666666666668
1 0.9265625 0.5508333333333334 0.065625 0.085
1 0.9739583333333334 0.5341666666666667 0.05 0.10500000000000001