1 0.384765625 0.5185546875 0.0146484375 0.015625
10 0.0673828125 0.513671875 0.126953125 0.0703125
6 0.361328125 0.20703125 0.0322265625 0.0849609375
1 0.4248046875 0.521484375 0.0478515625 0.0634765625
1 0.423828125 0.5224609375 0.0302734375 0.0419921875
6 0.59765625 0.36328125 0.02734375 0.0869140625
2 0.7509765625 0.5283203125 0.025390625 0.1201171875
2 0.751953125 0.5283203125 0.02734375 0.11328125
2 0.7822265625 0.541015625 0.0615234375 0.1884765625
2 0.869140625 0.5556640625 0.06640625 0.2314453125
2 0.923828125 0.55078125 0.0595703125 0.2451171875
3 0.9677734375 0.0869140625 0.0625 0.171875