1 0.9249999999999999 0.6162500000000001 0.14895833333333333 0.35250000000000004
4 0.20208333333333334 0.4341666666666667 0.0125 0.03833333333333334
4 0.203125 0.44583333333333336 0.014583333333333334 0.04166666666666667
1 0.23958333333333334 0.5466666666666667 0.052083333333333336 0.06333333333333334
1 0.2677083333333333 0.5475 0.01875 0.04166666666666667
1 0.325 0.5416666666666667 0.05416666666666667 0.08666666666666667
1 0.39166666666666666 0.5683333333333334 0.12708333333333333 0.18666666666666668
4 0.48072916666666665 0.42583333333333334 0.021875 0.058333333333333334
1 0.7942708333333334 0.5800000000000001 0.159375 0.28
2 0.7328125 0.4783333333333334 0.034375 0.08666666666666667
2 0.7364583333333333 0.4816666666666667 0.041666666666666664 0.06333333333333334