5 0.16015625 0.47265625 0.009765625 0.03125
1 0.2568359375 0.5390625 0.064453125 0.044921875
1 0.255859375 0.5390625 0.060546875 0.0478515625
1 0.3857421875 0.537109375 0.0556640625 0.04296875
5 0.4072265625 0.4052734375 0.0107421875 0.033203125
5 0.408203125 0.404296875 0.01171875 0.0283203125
1 0.4287109375 0.544921875 0.04296875 0.046875
3 0.46484375 0.4580078125 0.01171875 0.033203125
3 0.46484375 0.458984375 0.009765625 0.025390625
4 0.533203125 0.44140625 0.013671875 0.04296875
4 0.53515625 0.4423828125 0.013671875 0.0380859375
0 0.705078125 0.5576171875 0.076171875 0.2978515625