2 0.859375 0.4658333333333334 0.046875 0.19666666666666668
10 0.18802083333333333 0.4658333333333334 0.21770833333333334 0.325
1 0.37395833333333334 0.52 0.05625 0.07666666666666667
0 0.40625 0.5208333333333334 0.03333333333333333 0.095
2 0.7057291666666666 0.48500000000000004 0.030208333333333334 0.10333333333333335
2 0.7265625 0.4716666666666667 0.034375 0.10666666666666667
2 0.7328125 0.4683333333333334 0.028125 0.08666666666666667
2 0.7317708333333334 0.49000000000000005 0.019791666666666666 0.11666666666666667
2 0.7630208333333334 0.4766666666666667 0.03229166666666666 0.12000000000000001
2 0.7625 0.4691666666666667 0.025 0.12166666666666667
2 0.7859375 0.4791666666666667 0.026041666666666668 0.135
2 0.7880208333333333 0.4758333333333334 0.028125 0.14166666666666666