1 0.19453125 0.5379166666666667 0.027604166666666666 0.037500000000000006
1 0.09010416666666667 0.5425 0.053125 0.04166666666666667
1 0.15729166666666666 0.5333333333333333 0.04583333333333333 0.04
1 0.26927083333333335 0.5525 0.09895833333333333 0.08833333333333333
1 0.3072916666666667 0.5358333333333334 0.029166666666666667 0.04166666666666667
1 0.3932291666666667 0.5800000000000001 0.146875 0.19666666666666668
4 0.375 0.38833333333333336 0.016666666666666666 0.043333333333333335
4 0.42291666666666666 0.41583333333333333 0.016666666666666666 0.03166666666666667
1 0.46875 0.5283333333333333 0.029166666666666667 0.06333333333333334
1 0.4927083333333333 0.5366666666666667 0.04791666666666666 0.05666666666666667
1 0.5130208333333334 0.5458333333333334 0.034375 0.095
1 0.5916666666666667 0.545 0.125 0.16333333333333333
4 0.5463541666666667 0.36583333333333334 0.017708333333333333 0.045000000000000005
2 0.6609375 0.5341666666666667 0.017708333333333333 0.06166666666666667
2 0.703125 0.5341666666666667 0.01875 0.055
4 0.7239583333333334 0.47250000000000003 0.0125 0.03166666666666667
1 0.8505208333333333 0.5916666666666667 0.23020833333333332 0.19666666666666668