0 0.0546875 0.5466666666666667 0.034375 0.07
7 0.0515625 0.44 0.021875 0.05666666666666667
0 0.058333333333333334 0.5416666666666667 0.016666666666666666 0.06666666666666667
2 0.08072916666666667 0.5383333333333333 0.02395833333333333 0.08
2 0.08385416666666666 0.5416666666666667 0.026041666666666668 0.07666666666666667
0 0.08125 0.5375000000000001 0.010416666666666666 0.06833333333333334
1 0.171875 0.525 0.0875 0.07333333333333333
10 0.1734375 0.5216666666666667 0.08229166666666667 0.08333333333333334
10 0.2375 0.5116666666666667 0.05625 0.05666666666666667
1 0.24479166666666666 0.5158333333333334 0.0625 0.058333333333333334
1 0.24739583333333334 0.5325000000000001 0.057291666666666664 0.04833333333333334
2 0.28489583333333335 0.5133333333333334 0.02395833333333333 0.07333333333333333
10 0.32708333333333334 0.4816666666666667 0.1 0.14666666666666667
1 0.4109375 0.5175000000000001 0.03229166666666666 0.035
7 0.4484375 0.32333333333333336 0.019791666666666666 0.05666666666666667
1 0.45260416666666664 0.5116666666666667 0.028125 0.030000000000000002
1 0.46510416666666665 0.5133333333333334 0.028125 0.04
6 0.51875 0.325 0.022916666666666665 0.06666666666666667
1 0.5494791666666666 0.5075000000000001 0.03854166666666667 0.06166666666666667
6 0.6557291666666667 0.4108333333333334 0.021875 0.065
1 0.7239583333333334 0.5258333333333334 0.12708333333333333 0.06833333333333334
1 0.9114583333333334 0.7116666666666667 0.16875 0.5533333333333333
1 0.9203125 0.7133333333333334 0.15520833333333334 0.5666666666666667