1 0.0515625 0.5516666666666667 0.08645833333333333 0.07666666666666667
1 0.09322916666666667 0.5483333333333333 0.026041666666666668 0.07333333333333333
1 0.178125 0.5391666666666667 0.1625 0.13166666666666668
7 0.4223958333333333 0.3191666666666667 0.019791666666666666 0.06166666666666667
6 0.4984375 0.31833333333333336 0.02395833333333333 0.06666666666666667
1 0.5359375 0.52 0.036458333333333336 0.04
1 0.7026041666666667 0.5558333333333334 0.3677083333333333 0.165
10 0.5432291666666667 0.48250000000000004 0.042708333333333334 0.06833333333333334
10 0.540625 0.4783333333333334 0.03333333333333333 0.043333333333333335
6 0.6442708333333333 0.41250000000000003 0.02395833333333333 0.06833333333333334
1 0.9427083333333334 0.7083333333333334 0.10833333333333334 0.49333333333333335
1 0.9406249999999999 0.49750000000000005 0.08958333333333333 0.045000000000000005