1 0.14453125 0.5791015625 0.2841796875 0.4482421875
1 0.05859375 0.4990234375 0.0712890625 0.0986328125
7 0.21875 0.3486328125 0.0224609375 0.0634765625
3 0.2216796875 0.353515625 0.0185546875 0.0498046875
3 0.279296875 0.3466796875 0.01953125 0.06640625
1 0.310546875 0.5341796875 0.080078125 0.1220703125
1 0.3779296875 0.5244140625 0.0439453125 0.0712890625
4 0.3701171875 0.341796875 0.0185546875 0.056640625
3 0.37109375 0.341796875 0.017578125 0.046875
1 0.455078125 0.5439453125 0.150390625 0.181640625
4 0.4365234375 0.3564453125 0.033203125 0.0771484375
6 0.435546875 0.3466796875 0.017578125 0.0498046875
4 0.5673828125 0.41796875 0.0166015625 0.0537109375
4 0.5703125 0.43359375 0.017578125 0.0634765625
1 0.7998046875 0.4970703125 0.0810546875 0.078125
1 0.794921875 0.5087890625 0.056640625 0.080078125
1 0.84375 0.4931640625 0.0849609375 0.0966796875