1 0.9026041666666667 0.6291666666666667 0.19375 0.35000000000000003
1 0.046875 0.5616666666666666 0.0875 0.11
1 0.0984375 0.5575 0.019791666666666666 0.06166666666666667
1 0.21927083333333333 0.5508333333333334 0.046875 0.045000000000000005
1 0.3515625 0.55 0.109375 0.15333333333333335
1 0.409375 0.5416666666666667 0.035416666666666666 0.07333333333333333
1 0.41302083333333334 0.5508333333333334 0.019791666666666666 0.07166666666666667
1 0.4395833333333333 0.5525 0.04375 0.07166666666666667
1 0.4713541666666667 0.5466666666666667 0.042708333333333334 0.07333333333333333
1 0.5041666666666667 0.5383333333333333 0.03125 0.12333333333333334
1 0.540625 0.5391666666666667 0.058333333333333334 0.12833333333333335
1 0.5692708333333333 0.5508333333333334 0.057291666666666664 0.13833333333333334
1 0.6984375 0.5533333333333333 0.23229166666666667 0.2066666666666667