1 0.087890625 0.5458984375 0.154296875 0.0908203125
1 0.1787109375 0.5400390625 0.046875 0.06640625
1 0.330078125 0.6533203125 0.330078125 0.4228515625
7 0.2802734375 0.27734375 0.021484375 0.0654296875
6 0.3896484375 0.287109375 0.021484375 0.0732421875
2 0.4833984375 0.51953125 0.0419921875 0.0703125
2 0.4794921875 0.5234375 0.01953125 0.0595703125
0 0.509765625 0.5302734375 0.033203125 0.0732421875
2 0.533203125 0.5322265625 0.017578125 0.0751953125
2 0.5478515625 0.53125 0.01953125 0.0751953125
6 0.5634765625 0.4111328125 0.0244140625 0.0654296875
2 0.599609375 0.529296875 0.017578125 0.078125
1 0.693359375 0.5361328125 0.1533203125 0.087890625
0 0.6640625 0.5087890625 0.0244140625 0.0517578125
2 0.8076171875 0.544921875 0.0732421875 0.216796875
2 0.8115234375 0.5478515625 0.08203125 0.21875