1 0.3037109375 0.5283203125 0.037109375 0.0458984375
1 0.283203125 0.537109375 0.0380859375 0.0517578125
1 0.2412109375 0.5400390625 0.064453125 0.0634765625
1 0.1806640625 0.556640625 0.08203125 0.08984375
3 0.0166015625 0.3583984375 0.0302734375 0.0966796875
2 0.0888671875 0.52734375 0.0126953125 0.0546875
2 0.2041015625 0.5390625 0.0302734375 0.1279296875
2 0.4365234375 0.5166015625 0.01171875 0.037109375
1 0.5048828125 0.525390625 0.056640625 0.09375
3 0.5205078125 0.3232421875 0.0341796875 0.099609375
2 0.5888671875 0.51953125 0.037109375 0.09375
2 0.6337890625 0.5029296875 0.0283203125 0.1181640625
2 0.6630859375 0.51171875 0.0439453125 0.11328125
2 0.658203125 0.5146484375 0.0244140625 0.0947265625
2 0.6884765625 0.5 0.0498046875 0.1337890625
2 0.68359375 0.5087890625 0.0283203125 0.111328125
2 0.8603515625 0.48046875 0.0341796875 0.146484375
1 0.923828125 0.521484375 0.1474609375 0.123046875