1 0.12135416666666667 0.5391666666666667 0.071875 0.07500000000000001
1 0.3302083333333333 0.65 0.325 0.41000000000000003
7 0.28125 0.27666666666666667 0.01875 0.05333333333333334
7 0.2838541666666667 0.275 0.019791666666666666 0.060000000000000005
6 0.39166666666666666 0.28750000000000003 0.014583333333333334 0.058333333333333334
2 0.5677083333333334 0.5175000000000001 0.027083333333333334 0.07500000000000001
6 0.5640625 0.4083333333333334 0.015625 0.05333333333333334
1 0.6520833333333333 0.5291666666666667 0.17708333333333334 0.09833333333333334
0 0.7864583333333334 0.52 0.07291666666666667 0.1
0 0.7854166666666667 0.52 0.06041666666666667 0.09000000000000001
1 0.9562499999999999 0.5141666666666667 0.08333333333333333 0.08833333333333333