1 0.041015625 0.599609375 0.0810546875 0.091796875
1 0.083984375 0.58984375 0.0830078125 0.1103515625
1 0.1025390625 0.5888671875 0.0498046875 0.0986328125
1 0.1474609375 0.59375 0.046875 0.087890625
1 0.169921875 0.5361328125 0.08203125 0.0654296875
1 0.1767578125 0.5947265625 0.0322265625 0.0595703125
10 0.39453125 0.4189453125 0.3505859375 0.6748046875
2 0.55078125 0.5693359375 0.0244140625 0.1220703125
2 0.5654296875 0.5771484375 0.017578125 0.115234375
2 0.7626953125 0.529296875 0.041015625 0.0615234375
2 0.974609375 0.5615234375 0.0478515625 0.1435546875
2 0.9736328125 0.55859375 0.025390625 0.1201171875
2 0.9853515625 0.5546875 0.025390625 0.169921875