1 0.17578125 0.5791015625 0.27734375 0.134765625
1 0.3623046875 0.55078125 0.1376953125 0.0849609375
1 0.4306640625 0.53515625 0.072265625 0.08984375
1 0.4404296875 0.544921875 0.0498046875 0.1103515625
1 0.4892578125 0.5283203125 0.0712890625 0.0966796875
1 0.544921875 0.529296875 0.0439453125 0.08203125
1 0.736328125 0.5439453125 0.1689453125 0.26171875
1 0.8564453125 0.5078125 0.03515625 0.0517578125
1 0.923828125 0.5224609375 0.03125 0.091796875
1 0.9482421875 0.533203125 0.041015625 0.0966796875
10 0.9794921875 0.482421875 0.037109375 0.2451171875