1 0.0166015625 0.5302734375 0.029296875 0.046875
6 0.0625 0.4423828125 0.0205078125 0.0419921875
7 0.064453125 0.4609375 0.0166015625 0.0478515625
1 0.1279296875 0.5205078125 0.0341796875 0.044921875
1 0.1728515625 0.515625 0.03515625 0.0419921875
1 0.220703125 0.509765625 0.0458984375 0.0537109375
7 0.2138671875 0.369140625 0.0185546875 0.0546875
1 0.427734375 0.5810546875 0.3876953125 0.544921875
1 0.2666015625 0.5087890625 0.046875 0.08984375
3 0.5849609375 0.36328125 0.033203125 0.0595703125
1 0.6630859375 0.533203125 0.1103515625 0.103515625
1 0.646484375 0.470703125 0.0673828125 0.0615234375
2 0.7548828125 0.525390625 0.0693359375 0.1904296875
2 0.7548828125 0.52734375 0.03515625 0.14453125
1 0.935546875 0.66796875 0.1259765625 0.3095703125