1 0.2109375 0.5466666666666667 0.042708333333333334 0.05
1 0.21197916666666666 0.5516666666666667 0.042708333333333334 0.04666666666666667
1 0.25677083333333334 0.5441666666666667 0.034375 0.035
1 0.2609375 0.545 0.03229166666666666 0.04
1 0.34375 0.5416666666666667 0.025 0.03333333333333333
1 0.3421875 0.5416666666666667 0.019791666666666666 0.02666666666666667
1 0.3723958333333333 0.5408333333333334 0.034375 0.05166666666666667
1 0.3984375 0.5333333333333333 0.026041666666666668 0.03333333333333333
1 0.41510416666666666 0.5575 0.053125 0.06833333333333334
1 0.43854166666666666 0.5375000000000001 0.020833333333333332 0.03166666666666667
4 0.6125 0.34750000000000003 0.03333333333333333 0.10500000000000001
4 0.6151041666666667 0.34833333333333333 0.030208333333333334 0.09666666666666668
1 0.86875 0.5033333333333334 0.12291666666666666 0.03666666666666667
1 0.8786458333333333 0.5108333333333334 0.121875 0.055