1 0.08020833333333333 0.5700000000000001 0.16041666666666665 0.26666666666666666
7 0.20781249999999998 0.2758333333333334 0.017708333333333333 0.065
1 0.27239583333333334 0.5033333333333334 0.03854166666666667 0.04
1 0.3145833333333333 0.4991666666666667 0.025 0.035
4 0.31927083333333334 0.26583333333333337 0.026041666666666668 0.06833333333333334
1 0.3932291666666667 0.4991666666666667 0.08645833333333333 0.10833333333333334
4 0.41041666666666665 0.2725 0.020833333333333332 0.06166666666666667
1 0.4395833333333333 0.5066666666666667 0.03958333333333333 0.07333333333333333
1 0.5057291666666667 0.5075000000000001 0.05520833333333333 0.08166666666666667
0 0.6140625 0.505 0.021875 0.10666666666666667
4 0.6421875 0.3891666666666667 0.02395833333333333 0.055
1 0.6994791666666667 0.49333333333333335 0.06979166666666667 0.05666666666666667
1 0.8885416666666667 0.5016666666666667 0.15208333333333332 0.08666666666666667