1 0.2786458333333333 0.5208333333333334 0.08854166666666667 0.08166666666666667
1 0.28229166666666666 0.515 0.06875 0.06666666666666667
1 0.328125 0.505 0.05625 0.08666666666666667
1 0.33489583333333334 0.5066666666666667 0.051041666666666666 0.08
1 0.5369791666666667 0.5066666666666667 0.07604166666666666 0.12333333333333334
1 0.6036458333333333 0.49000000000000005 0.030208333333333334 0.05666666666666667
1 0.6260416666666666 0.49750000000000005 0.0375 0.07833333333333334
1 0.6625 0.5008333333333334 0.08958333333333333 0.10500000000000001
1 0.6588541666666666 0.5025000000000001 0.08020833333333333 0.10166666666666667
1 0.7125 0.48333333333333334 0.041666666666666664 0.06666666666666667
1 0.7864583333333334 0.5325000000000001 0.15625 0.17500000000000002