10 0.05859375 0.474609375 0.1162109375 0.18359375
1 0.1162109375 0.5673828125 0.1083984375 0.115234375
10 0.1787109375 0.5087890625 0.1376953125 0.171875
1 0.185546875 0.4853515625 0.1337890625 0.10546875
1 0.2421875 0.5478515625 0.0673828125 0.1083984375
1 0.3349609375 0.58984375 0.1884765625 0.2333984375
1 0.3955078125 0.5087890625 0.123046875 0.1865234375
10 0.4111328125 0.5263671875 0.103515625 0.1669921875
1 0.5126953125 0.533203125 0.060546875 0.080078125
1 0.5849609375 0.5341796875 0.1025390625 0.1416015625
1 0.66015625 0.5625 0.16796875 0.162109375
1 0.751953125 0.48046875 0.095703125 0.1845703125
10 0.76171875 0.5 0.1005859375 0.1796875