1 0.9150390625 0.58984375 0.16796875 0.3017578125
1 0.021484375 0.4951171875 0.0341796875 0.0498046875
7 0.05859375 0.3798828125 0.0185546875 0.04296875
6 0.05859375 0.3779296875 0.0185546875 0.037109375
6 0.111328125 0.384765625 0.0185546875 0.033203125
6 0.11328125 0.3837890625 0.015625 0.033203125
1 0.1650390625 0.4833984375 0.044921875 0.0498046875
1 0.16015625 0.48828125 0.03125 0.0537109375
1 0.1875 0.48828125 0.0478515625 0.046875
1 0.1865234375 0.48046875 0.044921875 0.0498046875
6 0.1806640625 0.435546875 0.0224609375 0.044921875
6 0.1787109375 0.4345703125 0.0146484375 0.0302734375
1 0.22265625 0.4853515625 0.02734375 0.0634765625
1 0.2587890625 0.4814453125 0.056640625 0.056640625
1 0.2607421875 0.48828125 0.060546875 0.0595703125
1 0.2978515625 0.4814453125 0.029296875 0.056640625
1 0.3388671875 0.494140625 0.0771484375 0.1015625
1 0.3837890625 0.4951171875 0.0263671875 0.0634765625
1 0.4228515625 0.5029296875 0.0400390625 0.0703125
1 0.4736328125 0.5009765625 0.0634765625 0.091796875
1 0.470703125 0.5 0.0478515625 0.0869140625
1 0.5166015625 0.5009765625 0.05859375 0.115234375
1 0.5205078125 0.5048828125 0.06640625 0.1103515625
1 0.611328125 0.525390625 0.1416015625 0.1181640625
1 0.6103515625 0.533203125 0.1240234375 0.1337890625
1 0.748046875 0.5703125 0.1611328125 0.2236328125