2 0.9443359375 0.5478515625 0.021484375 0.1142578125
1 0.0224609375 0.5771484375 0.0341796875 0.18359375
1 0.0888671875 0.5810546875 0.12890625 0.1787109375
10 0.083984375 0.48828125 0.111328125 0.0869140625
1 0.2841796875 0.5908203125 0.3291015625 0.421875
3 0.3173828125 0.328125 0.017578125 0.0537109375
6 0.4140625 0.326171875 0.01953125 0.0478515625
1 0.45703125 0.52734375 0.046875 0.0615234375
1 0.458984375 0.5205078125 0.048828125 0.078125
6 0.4912109375 0.326171875 0.0185546875 0.0546875
1 0.5751953125 0.53515625 0.138671875 0.11328125
1 0.6904296875 0.5625 0.1494140625 0.171875
6 0.6787109375 0.4169921875 0.0166015625 0.046875
10 0.8154296875 0.48046875 0.1181640625 0.1201171875
1 0.8779296875 0.4814453125 0.2333984375 0.1630859375
1 0.888671875 0.5244140625 0.1455078125 0.08203125
6 0.9287109375 0.2568359375 0.0498046875 0.1533203125