1 0.0322265625 0.5634765625 0.064453125 0.1552734375
1 0.0771484375 0.556640625 0.111328125 0.1162109375
10 0.1240234375 0.5048828125 0.095703125 0.103515625
10 0.1220703125 0.4970703125 0.08984375 0.0771484375
1 0.2197265625 0.5556640625 0.12109375 0.1220703125
1 0.3603515625 0.5517578125 0.1689453125 0.212890625
3 0.330078125 0.3466796875 0.0146484375 0.037109375
6 0.416015625 0.341796875 0.013671875 0.037109375
6 0.4853515625 0.34375 0.0126953125 0.0400390625
1 0.5771484375 0.5224609375 0.0556640625 0.0986328125
1 0.5830078125 0.51953125 0.0615234375 0.0712890625
1 0.638671875 0.5517578125 0.1162109375 0.1396484375
6 0.6494140625 0.4228515625 0.017578125 0.046875
6 0.65234375 0.421875 0.0146484375 0.0302734375
6 0.7958984375 0.3154296875 0.0322265625 0.10546875
1 0.904296875 0.544921875 0.1875 0.3203125