1 0.3645833333333333 0.5366666666666667 0.11458333333333333 0.15666666666666668
1 0.43072916666666666 0.5341666666666667 0.021875 0.09833333333333334
1 0.45677083333333335 0.515 0.028125 0.04
1 0.48593749999999997 0.5116666666666667 0.036458333333333336 0.04
1 0.48802083333333335 0.5175000000000001 0.02395833333333333 0.035
1 0.5276041666666667 0.5091666666666667 0.042708333333333334 0.06166666666666667
4 0.5328125 0.38833333333333336 0.013541666666666667 0.043333333333333335
4 0.5369791666666667 0.39583333333333337 0.011458333333333333 0.035
4 0.6104166666666666 0.45333333333333337 0.014583333333333334 0.03666666666666667
4 0.6140625 0.47000000000000003 0.011458333333333333 0.03333333333333333
4 0.7692708333333333 0.4116666666666667 0.015625 0.04666666666666667
4 0.7682291666666666 0.43000000000000005 0.011458333333333333 0.03333333333333333
1 0.8453125 0.4966666666666667 0.10104166666666667 0.060000000000000005
1 0.8463541666666666 0.5016666666666667 0.08854166666666667 0.04
1 0.9348958333333334 0.5 0.07395833333333333 0.05333333333333334
1 0.9369791666666667 0.4941666666666667 0.071875 0.028333333333333335