1 0.06380208333333333 0.5116666666666667 0.1265625 0.21000000000000002
1 0.16302083333333334 0.5075000000000001 0.10520833333333333 0.155
1 0.15729166666666666 0.5133333333333334 0.07916666666666666 0.16666666666666669
6 0.3328125 0.43833333333333335 0.028125 0.04
1 0.41510416666666666 0.48250000000000004 0.028125 0.055
1 0.4510416666666667 0.4866666666666667 0.08125 0.10666666666666667
1 0.45260416666666664 0.49000000000000005 0.059375 0.07666666666666667
6 0.48802083333333335 0.3775 0.021875 0.03833333333333334
6 0.5401041666666666 0.38333333333333336 0.021875 0.030000000000000002
6 0.6239583333333333 0.43250000000000005 0.016666666666666666 0.035
1 0.6598958333333333 0.5 0.08229166666666667 0.09000000000000001
1 0.665625 0.5016666666666667 0.07291666666666667 0.07
6 0.7072916666666667 0.39583333333333337 0.027083333333333334 0.06833333333333334
6 0.7057291666666666 0.3975 0.02395833333333333 0.065
1 0.8713541666666667 0.5700000000000001 0.24687499999999998 0.22333333333333336