0 0.021484375 0.5478515625 0.0322265625 0.0869140625
0 0.01953125 0.54296875 0.01953125 0.0703125
2 0.0712890625 0.537109375 0.0205078125 0.06640625
1 0.1240234375 0.53125 0.09375 0.0986328125
10 0.1279296875 0.529296875 0.0927734375 0.087890625
1 0.2021484375 0.5390625 0.0751953125 0.0654296875
1 0.2021484375 0.505859375 0.06640625 0.0380859375
10 0.201171875 0.5146484375 0.0556640625 0.0498046875
10 0.291015625 0.482421875 0.1083984375 0.1748046875
1 0.3583984375 0.5205078125 0.0322265625 0.03515625
1 0.3876953125 0.51953125 0.037109375 0.0517578125
7 0.423828125 0.3193359375 0.01953125 0.0546875
6 0.5 0.3173828125 0.0205078125 0.0615234375
6 0.64453125 0.412109375 0.021484375 0.0634765625
1 0.7373046875 0.5244140625 0.1669921875 0.0986328125