1 0.0125 0.5008333333333334 0.025 0.06166666666666667
1 0.0796875 0.48583333333333334 0.084375 0.07833333333333334
1 0.17239583333333333 0.4808333333333334 0.059375 0.058333333333333334
1 0.3078125 0.45083333333333336 0.026041666666666668 0.025
7 0.3828125 0.2808333333333333 0.02395833333333333 0.08166666666666667
7 0.38697916666666665 0.2758333333333334 0.017708333333333333 0.06166666666666667
1 0.509375 0.5808333333333334 0.2520833333333333 0.315
6 0.5098958333333333 0.26583333333333337 0.021875 0.06166666666666667
6 0.6380208333333334 0.29500000000000004 0.026041666666666668 0.07333333333333333
1 0.73125 0.4625 0.05416666666666667 0.03833333333333334
6 0.7494791666666667 0.375 0.02395833333333333 0.07
1 0.8677083333333333 0.5583333333333333 0.2604166666666667 0.39
6 0.7520833333333333 0.37833333333333335 0.016666666666666666 0.05