1 0.12291666666666666 0.5383333333333333 0.07291666666666667 0.07666666666666667
2 0.1578125 0.5358333333333334 0.021875 0.08166666666666667
2 0.159375 0.5408333333333334 0.01875 0.08166666666666667
1 0.3296875 0.6525000000000001 0.33229166666666665 0.41833333333333333
7 0.28072916666666664 0.27666666666666667 0.019791666666666666 0.06333333333333334
6 0.39010416666666664 0.28583333333333333 0.019791666666666666 0.07166666666666667
2 0.5145833333333333 0.52 0.020833333333333332 0.06333333333333334
2 0.51875 0.5225000000000001 0.016666666666666666 0.058333333333333334
2 0.5333333333333333 0.5183333333333333 0.016666666666666666 0.06333333333333334
2 0.5338541666666666 0.52 0.015625 0.07
6 0.5630208333333333 0.4083333333333334 0.021875 0.06333333333333334
2 0.6072916666666667 0.5158333333333334 0.022916666666666665 0.07833333333333334
2 0.6307291666666667 0.48583333333333334 0.017708333333333333 0.04166666666666667
0 0.659375 0.5266666666666667 0.025 0.09000000000000001
1 0.7921875 0.53 0.15729166666666666 0.09333333333333334