7 0.1046875 0.4316666666666667 0.017708333333333333 0.043333333333333335
1 0.1140625 0.5491666666666667 0.036458333333333336 0.045000000000000005
1 0.11770833333333333 0.5475 0.03333333333333333 0.045000000000000005
1 0.19479166666666667 0.5525 0.05 0.095
4 0.20729166666666665 0.4416666666666667 0.01875 0.03333333333333333
4 0.20781249999999998 0.43583333333333335 0.015625 0.035
1 0.24427083333333333 0.5516666666666667 0.042708333333333334 0.043333333333333335
10 0.3067708333333333 0.5108333333333334 0.08854166666666667 0.16833333333333333
1 0.36875 0.5758333333333334 0.09375 0.10166666666666667
2 0.7026041666666667 0.5191666666666667 0.030208333333333334 0.17500000000000002
1 0.7479166666666667 0.5158333333333334 0.041666666666666664 0.14166666666666666
2 0.75 0.5175000000000001 0.03958333333333333 0.13833333333333334
1 0.859375 0.5225000000000001 0.11666666666666667 0.07833333333333334