1 0.0693359375 0.5810546875 0.13671875 0.3603515625
1 0.1552734375 0.53125 0.0439453125 0.08203125
1 0.1982421875 0.5263671875 0.046875 0.056640625
1 0.2392578125 0.517578125 0.0302734375 0.0546875
1 0.26953125 0.5166015625 0.0263671875 0.0400390625
1 0.291015625 0.515625 0.0185546875 0.03515625
1 0.3916015625 0.548828125 0.1201171875 0.1650390625
1 0.50390625 0.5 0.0400390625 0.0966796875
1 0.509765625 0.5087890625 0.025390625 0.080078125
1 0.537109375 0.51953125 0.03125 0.08203125
1 0.6962890625 0.5078125 0.29296875 0.1884765625