1 0.0302734375 0.5615234375 0.060546875 0.0537109375
1 0.0771484375 0.5537109375 0.0439453125 0.046875
1 0.0791015625 0.5537109375 0.0380859375 0.0654296875
1 0.3935546875 0.55078125 0.095703125 0.134765625
1 0.5126953125 0.5390625 0.0478515625 0.087890625
1 0.51953125 0.5380859375 0.060546875 0.0869140625
1 0.54296875 0.5673828125 0.041015625 0.1220703125
1 0.544921875 0.5595703125 0.037109375 0.0966796875
1 0.6142578125 0.541015625 0.1181640625 0.1748046875
1 0.5908203125 0.5478515625 0.0595703125 0.134765625
1 0.6650390625 0.56640625 0.115234375 0.1767578125
1 0.64453125 0.5693359375 0.0634765625 0.14453125
1 0.8291015625 0.5849609375 0.3349609375 0.236328125
1 0.830078125 0.5947265625 0.3154296875 0.23046875
2 0.828125 0.4521484375 0.0205078125 0.0537109375