1 0.904296875 0.5283203125 0.1875 0.115234375
1 0.201171875 0.580078125 0.095703125 0.1103515625
4 0.1982421875 0.4208984375 0.0224609375 0.0517578125
4 0.1982421875 0.421875 0.0185546875 0.056640625
1 0.2861328125 0.56640625 0.0439453125 0.056640625
1 0.33984375 0.5634765625 0.0673828125 0.0869140625
1 0.447265625 0.5732421875 0.1318359375 0.1962890625
1 0.5185546875 0.5390625 0.01953125 0.0478515625
4 0.603515625 0.3974609375 0.0205078125 0.0751953125
2 0.6171875 0.5244140625 0.021484375 0.08203125
2 0.638671875 0.5146484375 0.0146484375 0.0830078125
2 0.6494140625 0.51953125 0.0263671875 0.09375
2 0.650390625 0.5263671875 0.015625 0.080078125
2 0.685546875 0.5146484375 0.017578125 0.08984375
2 0.7021484375 0.51953125 0.0126953125 0.08203125
2 0.9072265625 0.4716796875 0.025390625 0.0498046875
2 0.95703125 0.458984375 0.0146484375 0.03515625