1 0.12239583333333333 0.5158333333333334 0.10104166666666667 0.13166666666666668
10 0.12239583333333333 0.515 0.08645833333333333 0.11333333333333334
10 0.18125 0.5075000000000001 0.04791666666666666 0.04166666666666667
1 0.18229166666666666 0.505 0.03958333333333333 0.04666666666666667
1 0.2265625 0.5233333333333333 0.04895833333333333 0.05666666666666667
1 0.23020833333333332 0.5283333333333333 0.04583333333333333 0.05
1 0.29270833333333335 0.5366666666666667 0.07708333333333334 0.08
1 0.33958333333333335 0.5083333333333334 0.03333333333333333 0.03666666666666667
1 0.3833333333333333 0.5133333333333334 0.03125 0.05
1 0.38125 0.5108333333333334 0.025 0.03833333333333334
3 0.3958333333333333 0.41833333333333333 0.014583333333333334 0.03666666666666667
4 0.43124999999999997 0.4266666666666667 0.01875 0.030000000000000002
4 0.49114583333333334 0.4633333333333334 0.013541666666666667 0.03333333333333333
4 0.5083333333333333 0.45833333333333337 0.0125 0.030000000000000002
1 0.5489583333333333 0.49083333333333334 0.05625 0.035
1 0.5848958333333333 0.4916666666666667 0.021875 0.030000000000000002