1 0.2708333333333333 0.5175000000000001 0.11458333333333333 0.08833333333333333
2 0.2520833333333333 0.47250000000000003 0.025 0.058333333333333334
1 0.3536458333333333 0.5058333333333334 0.071875 0.08833333333333333
1 0.3567708333333333 0.5091666666666667 0.065625 0.08166666666666667
1 0.3963541666666667 0.4916666666666667 0.04479166666666667 0.08666666666666667
1 0.4270833333333333 0.5 0.03125 0.060000000000000005
1 0.4557291666666667 0.49500000000000005 0.04479166666666667 0.060000000000000005
1 0.48541666666666666 0.49500000000000005 0.03125 0.060000000000000005
1 0.5088541666666666 0.4891666666666667 0.030208333333333334 0.04833333333333334
1 0.7411458333333333 0.5083333333333334 0.059375 0.06333333333333334
1 0.81875 0.5233333333333333 0.0875 0.10333333333333335
1 0.9041666666666667 0.5325000000000001 0.11875 0.12833333333333335
1 0.9520833333333333 0.5341666666666667 0.08541666666666667 0.195