1 0.103515625 0.515625 0.16796875 0.091796875
7 0.248046875 0.4248046875 0.015625 0.046875
7 0.251953125 0.427734375 0.013671875 0.0419921875
2 0.2705078125 0.5068359375 0.021484375 0.06640625
1 0.3408203125 0.49609375 0.0712890625 0.068359375
1 0.3916015625 0.48828125 0.0419921875 0.046875
1 0.3974609375 0.5078125 0.0498046875 0.05859375
1 0.3974609375 0.5068359375 0.0458984375 0.04296875
10 0.4580078125 0.462890625 0.0712890625 0.1201171875
2 0.494140625 0.5244140625 0.0625 0.181640625
2 0.55078125 0.51953125 0.03515625 0.1728515625
7 0.5576171875 0.34765625 0.017578125 0.0546875
2 0.587890625 0.525390625 0.041015625 0.19140625
6 0.6181640625 0.3447265625 0.0185546875 0.0498046875
1 0.708984375 0.509765625 0.0947265625 0.056640625
6 0.724609375 0.4228515625 0.017578125 0.0546875
1 0.88671875 0.5078125 0.10546875 0.0517578125
2 0.8544921875 0.5419921875 0.0380859375 0.1796875
6 0.8759765625 0.23828125 0.05078125 0.123046875
6 0.8720703125 0.2265625 0.0380859375 0.1533203125