2 0.0126953125 0.5341796875 0.0185546875 0.068359375
2 0.0146484375 0.53125 0.0146484375 0.0732421875
2 0.0380859375 0.5302734375 0.0166015625 0.0830078125
2 0.0419921875 0.5322265625 0.015625 0.078125
1 0.2490234375 0.6640625 0.35546875 0.3984375
6 0.162109375 0.3994140625 0.013671875 0.044921875
1 0.4345703125 0.529296875 0.046875 0.068359375
6 0.51171875 0.3681640625 0.0166015625 0.056640625
2 0.6044921875 0.537109375 0.0693359375 0.2451171875
2 0.6318359375 0.5341796875 0.0322265625 0.21484375
2 0.9013671875 0.525390625 0.0341796875 0.171875
2 0.904296875 0.525390625 0.033203125 0.1748046875