10 0.0595703125 0.43359375 0.119140625 0.25
2 0.2763671875 0.5322265625 0.015625 0.05859375
2 0.2783203125 0.529296875 0.013671875 0.0654296875
2 0.294921875 0.5283203125 0.015625 0.06640625
2 0.298828125 0.53125 0.0166015625 0.0712890625
2 0.328125 0.5224609375 0.0146484375 0.0478515625
0 0.4091796875 0.51953125 0.017578125 0.046875
0 0.4091796875 0.525390625 0.0166015625 0.046875
0 0.4794921875 0.5185546875 0.02734375 0.0966796875
1 0.5380859375 0.515625 0.0498046875 0.05859375
2 0.6103515625 0.51171875 0.01171875 0.0400390625
2 0.6123046875 0.5126953125 0.009765625 0.0380859375
2 0.7021484375 0.5166015625 0.0263671875 0.126953125