6 0.08984375 0.3115234375 0.0224609375 0.0830078125
2 0.0947265625 0.4970703125 0.021484375 0.0771484375
1 0.4794921875 0.490234375 0.0263671875 0.04296875
1 0.54296875 0.4931640625 0.041015625 0.080078125
1 0.5380859375 0.4912109375 0.017578125 0.056640625
1 0.5732421875 0.5126953125 0.0458984375 0.078125
1 0.5703125 0.5 0.0361328125 0.046875
1 0.6123046875 0.5078125 0.0654296875 0.0751953125
6 0.6162109375 0.2783203125 0.0244140625 0.0869140625
2 0.62109375 0.5205078125 0.0283203125 0.1015625
2 0.9169921875 0.484375 0.03515625 0.1552734375
2 0.9296875 0.4970703125 0.0380859375 0.1552734375