1 0.1201171875 0.4990234375 0.0830078125 0.1083984375
1 0.126953125 0.4921875 0.091796875 0.091796875
1 0.255859375 0.517578125 0.1943359375 0.21484375
1 0.357421875 0.4990234375 0.05859375 0.0849609375
1 0.3642578125 0.505859375 0.0380859375 0.1083984375
5 0.4306640625 0.35546875 0.015625 0.03125
4 0.4326171875 0.3544921875 0.0126953125 0.03515625
4 0.5009765625 0.33984375 0.0166015625 0.0498046875
4 0.501953125 0.34375 0.013671875 0.0380859375
3 0.6083984375 0.412109375 0.0146484375 0.0380859375
4 0.6103515625 0.416015625 0.0185546875 0.0380859375
3 0.9287109375 0.2509765625 0.0361328125 0.1083984375