1 0.7630208333333334 0.5079166666666667 0.47291666666666665 0.3375
1 0.0609375 0.47000000000000003 0.051041666666666666 0.060000000000000005
1 0.1203125 0.47500000000000003 0.034375 0.05
1 0.14322916666666666 0.4766666666666667 0.03229166666666666 0.03666666666666667
1 0.14791666666666667 0.48250000000000004 0.03125 0.04166666666666667
1 0.2296875 0.48500000000000004 0.051041666666666666 0.05
1 0.2328125 0.48500000000000004 0.042708333333333334 0.05
4 0.23020833333333332 0.1325 0.029166666666666667 0.095
1 0.2890625 0.48833333333333334 0.053125 0.05666666666666667
1 0.2890625 0.48583333333333334 0.04479166666666667 0.04166666666666667
4 0.45677083333333335 0.3125 0.026041666666666668 0.08833333333333333