10 0.0625 0.48046875 0.125 0.171875
1 0.1162109375 0.5595703125 0.0966796875 0.103515625
1 0.181640625 0.4873046875 0.138671875 0.134765625
1 0.283203125 0.6240234375 0.2744140625 0.33203125
1 0.3837890625 0.4970703125 0.1572265625 0.26171875
1 0.43359375 0.51953125 0.0771484375 0.259765625
1 0.5166015625 0.54296875 0.06640625 0.078125
1 0.53125 0.533203125 0.029296875 0.1103515625
1 0.58203125 0.529296875 0.0986328125 0.14453125
1 0.6533203125 0.556640625 0.1708984375 0.1728515625
10 0.75 0.482421875 0.1103515625 0.1982421875
1 0.751953125 0.4794921875 0.099609375 0.16796875