3 0.07135416666666666 0.085 0.109375 0.15666666666666668
1 0.17291666666666666 0.5175000000000001 0.08958333333333333 0.095
1 0.16822916666666665 0.5141666666666667 0.065625 0.08833333333333333
1 0.2421875 0.5308333333333334 0.12604166666666666 0.11833333333333335
1 0.2421875 0.5258333333333334 0.121875 0.09833333333333334
1 0.3328125 0.49500000000000005 0.057291666666666664 0.060000000000000005
1 0.38385416666666666 0.49833333333333335 0.084375 0.09000000000000001
1 0.45260416666666664 0.49333333333333335 0.05520833333333333 0.05333333333333334
3 0.5703125 0.028333333333333335 0.026041666666666668 0.05666666666666667
3 0.565625 0.36083333333333334 0.0125 0.05166666666666667
3 0.6526041666666667 0.35500000000000004 0.015625 0.04
4 0.7255208333333333 0.4108333333333334 0.015625 0.045000000000000005
3 0.8010416666666667 0.07333333333333333 0.025 0.09000000000000001
2 0.7958333333333333 0.48250000000000004 0.014583333333333334 0.05166666666666667
0 0.8666666666666667 0.48750000000000004 0.022916666666666665 0.09833333333333334
2 0.9015624999999999 0.48500000000000004 0.02395833333333333 0.07
2 0.9 0.4816666666666667 0.020833333333333332 0.05333333333333334
2 0.9203125 0.4966666666666667 0.019791666666666666 0.09000000000000001
2 0.9192708333333334 0.4966666666666667 0.011458333333333333 0.08333333333333334