6 0.08958333333333333 0.3916666666666667 0.01875 0.03666666666666667
1 0.12395833333333334 0.4866666666666667 0.04375 0.04
6 0.13541666666666666 0.39 0.01875 0.03333333333333333
1 0.20520833333333333 0.4783333333333334 0.04791666666666666 0.05666666666666667
1 0.20781249999999998 0.48000000000000004 0.04479166666666667 0.05
6 0.19166666666666665 0.4316666666666667 0.010416666666666666 0.030000000000000002
1 0.24479166666666666 0.4758333333333334 0.05416666666666667 0.03833333333333334
1 0.24687499999999998 0.4758333333333334 0.04791666666666666 0.05166666666666667
1 0.28802083333333334 0.47500000000000003 0.042708333333333334 0.05333333333333334
1 0.29322916666666665 0.4808333333333334 0.04895833333333333 0.04833333333333334
1 0.3223958333333333 0.4733333333333334 0.028125 0.043333333333333335
1 0.34791666666666665 0.47500000000000003 0.029166666666666667 0.05666666666666667
1 0.39166666666666666 0.47500000000000003 0.06041666666666667 0.07666666666666667
1 0.45208333333333334 0.4783333333333334 0.04791666666666666 0.06333333333333334
1 0.4552083333333333 0.47500000000000003 0.052083333333333336 0.07
1 0.4875 0.48250000000000004 0.04583333333333333 0.07833333333333334
1 0.4953125 0.48333333333333334 0.04895833333333333 0.06333333333333334
1 0.5348958333333333 0.48250000000000004 0.06979166666666667 0.06833333333333334
1 0.534375 0.4841666666666667 0.04375 0.06166666666666667
1 0.5828125 0.49333333333333335 0.046875 0.09000000000000001
1 0.6677083333333333 0.4841666666666667 0.13333333333333333 0.125