1 0.04583333333333333 0.5516666666666667 0.090625 0.10166666666666667
4 0.15260416666666665 0.28583333333333333 0.030208333333333334 0.09166666666666667
4 0.15416666666666667 0.30583333333333335 0.03125 0.035
1 0.24427083333333333 0.555 0.10520833333333333 0.11
1 0.328125 0.545 0.04375 0.05
1 0.38958333333333334 0.5416666666666667 0.035416666666666666 0.05
4 0.39947916666666666 0.2341666666666667 0.030208333333333334 0.07833333333333334
4 0.39791666666666664 0.2525 0.022916666666666665 0.04833333333333334
4 0.575 0.3816666666666667 0.027083333333333334 0.060000000000000005
4 0.5760416666666667 0.39583333333333337 0.01875 0.04166666666666667
6 0.7546875 0.42083333333333334 0.026041666666666668 0.03833333333333334