1 0.021875 0.6012500000000001 0.042708333333333334 0.18083333333333335
1 0.8942708333333333 0.7329166666666667 0.21041666666666667 0.5125000000000001
1 0.1671875 0.5791666666666667 0.10104166666666667 0.09833333333333334
1 0.24583333333333332 0.5608333333333334 0.06458333333333333 0.07500000000000001
1 0.290625 0.5458333333333334 0.041666666666666664 0.058333333333333334
1 0.315625 0.54 0.027083333333333334 0.05333333333333334
1 0.3203125 0.5416666666666667 0.02395833333333333 0.060000000000000005
1 0.3375 0.535 0.03333333333333333 0.05333333333333334
1 0.38645833333333335 0.5366666666666667 0.03958333333333333 0.05
1 0.5072916666666667 0.5341666666666667 0.020833333333333332 0.05166666666666667
1 0.5291666666666667 0.5475 0.05 0.09166666666666667
1 0.5765625 0.5466666666666667 0.059375 0.21000000000000002
1 0.7067708333333333 0.5858333333333333 0.265625 0.2916666666666667