2 0.029296875 0.6025390625 0.056640625 0.35546875
2 0.0458984375 0.5537109375 0.05078125 0.1298828125
2 0.0576171875 0.548828125 0.0361328125 0.1318359375
2 0.0673828125 0.55859375 0.0185546875 0.099609375
1 0.16796875 0.5380859375 0.0654296875 0.0830078125
1 0.16796875 0.537109375 0.0576171875 0.068359375
1 0.2060546875 0.5205078125 0.03125 0.0712890625
1 0.251953125 0.517578125 0.060546875 0.087890625
1 0.2529296875 0.51953125 0.0458984375 0.080078125
2 0.310546875 0.6015625 0.05859375 0.5068359375
1 0.4033203125 0.517578125 0.2001953125 0.1220703125
2 0.4130859375 0.6103515625 0.0751953125 0.544921875
2 0.48828125 0.595703125 0.0732421875 0.478515625
2 0.5205078125 0.587890625 0.130859375 0.4853515625
6 0.5263671875 0.345703125 0.0283203125 0.08203125
2 0.69140625 0.595703125 0.078125 0.4453125
1 0.8525390625 0.5185546875 0.2568359375 0.1396484375
2 0.85546875 0.576171875 0.0947265625 0.498046875