1 0.8583984375 0.4892578125 0.076171875 0.0458984375
3 0.060546875 0.072265625 0.0986328125 0.1435546875
1 0.4501953125 0.5029296875 0.0205078125 0.046875
1 0.474609375 0.5029296875 0.0341796875 0.0478515625
1 0.5634765625 0.4853515625 0.0244140625 0.0380859375
6 0.564453125 0.3642578125 0.0166015625 0.0478515625
3 0.5712890625 0.0263671875 0.02734375 0.0517578125
1 0.6845703125 0.4912109375 0.1201171875 0.068359375
6 0.65234375 0.3583984375 0.015625 0.056640625
6 0.728515625 0.4140625 0.017578125 0.0517578125
6 0.80078125 0.078125 0.029296875 0.1103515625
1 0.9130859375 0.4833984375 0.08984375 0.0595703125
1 0.9208984375 0.486328125 0.103515625 0.056640625
1 0.978515625 0.4765625 0.033203125 0.0498046875