5 0.024479166666666666 0.36000000000000004 0.028125 0.08666666666666667
1 0.265625 0.515 0.09583333333333333 0.10666666666666667
1 0.3859375 0.5008333333333334 0.08229166666666667 0.10166666666666667
1 0.428125 0.49583333333333335 0.027083333333333334 0.06166666666666667
1 0.4302083333333333 0.4941666666666667 0.029166666666666667 0.07166666666666667
1 0.4947916666666667 0.48500000000000004 0.08333333333333333 0.09666666666666668
1 0.4921875 0.49250000000000005 0.07604166666666666 0.10500000000000001
3 0.5625 0.1875 0.029166666666666667 0.10833333333333334
1 0.571875 0.48500000000000004 0.04791666666666666 0.07
1 0.6161458333333333 0.4758333333333334 0.042708333333333334 0.055
1 0.8401041666666667 0.5325000000000001 0.3052083333333333 0.32833333333333337