1 0.04010416666666666 0.5720833333333334 0.07916666666666666 0.14750000000000002
1 0.8822916666666667 0.6270833333333333 0.234375 0.33416666666666667
1 0.1125 0.5716666666666667 0.07916666666666666 0.1
1 0.1703125 0.5675 0.057291666666666664 0.07500000000000001
1 0.17552083333333332 0.5583333333333333 0.051041666666666666 0.08333333333333334
1 0.22395833333333334 0.5516666666666667 0.04583333333333333 0.07666666666666667
1 0.2546875 0.55 0.036458333333333336 0.05666666666666667
1 0.3921875 0.5325000000000001 0.03854166666666667 0.04166666666666667
1 0.5822916666666667 0.5425 0.052083333333333336 0.125
1 0.6265625 0.5708333333333334 0.053125 0.15833333333333335
1 0.70625 0.545 0.1375 0.27