4 0.388671875 0.3564453125 0.0322265625 0.1064453125
4 0.3876953125 0.3525390625 0.021484375 0.068359375
4 0.5068359375 0.4716796875 0.0224609375 0.0771484375
4 0.5107421875 0.462890625 0.013671875 0.044921875
2 0.6142578125 0.56640625 0.021484375 0.0830078125
2 0.705078125 0.5595703125 0.044921875 0.11328125
2 0.69921875 0.5595703125 0.0244140625 0.0849609375
1 0.8564453125 0.544921875 0.107421875 0.099609375
1 0.947265625 0.5244140625 0.103515625 0.1279296875
0 0.9619140625 0.66015625 0.0751953125 0.6298828125
0 0.96484375 0.6845703125 0.0634765625 0.5869140625