1 0.06458333333333333 0.5525 0.04791666666666666 0.06833333333333334
1 0.065625 0.5525 0.04791666666666666 0.07833333333333334
1 0.1265625 0.5433333333333333 0.11562499999999999 0.12666666666666668
2 0.11979166666666667 0.5583333333333333 0.0375 0.15000000000000002
1 0.18385416666666665 0.53 0.02395833333333333 0.04
1 0.2755208333333333 0.5183333333333333 0.03854166666666667 0.060000000000000005
1 0.275 0.5216666666666667 0.035416666666666666 0.04666666666666667
1 0.3609375 0.535 0.08645833333333333 0.11
6 0.45468749999999997 0.35250000000000004 0.021875 0.085
2 0.6171875 0.5316666666666667 0.02395833333333333 0.15333333333333335
2 0.709375 0.5183333333333333 0.035416666666666666 0.13333333333333333
2 0.7130208333333333 0.48333333333333334 0.028125 0.06333333333333334
2 0.9140625 0.515 0.034375 0.15000000000000002