1 0.9541015625 0.796875 0.087890625 0.359375
1 0.056640625 0.5751953125 0.111328125 0.1728515625
1 0.1376953125 0.5576171875 0.0947265625 0.1279296875
2 0.1826171875 0.5341796875 0.013671875 0.03125
1 0.3759765625 0.548828125 0.0771484375 0.091796875
1 0.49609375 0.5322265625 0.0615234375 0.0712890625
2 0.5771484375 0.5263671875 0.0205078125 0.033203125
1 0.7353515625 0.583984375 0.25 0.2314453125
2 0.62890625 0.4833984375 0.015625 0.0302734375
2 0.7177734375 0.46875 0.0146484375 0.0185546875
2 0.751953125 0.4580078125 0.021484375 0.0498046875
2 0.796875 0.4599609375 0.03125 0.056640625