1 0.071875 0.5616666666666666 0.12291666666666666 0.06333333333333334
5 0.21770833333333334 0.4808333333333334 0.025 0.058333333333333334
1 0.259375 0.5533333333333333 0.10625 0.10666666666666667
1 0.2661458333333333 0.5525 0.09479166666666666 0.08833333333333333
1 0.3833333333333333 0.5558333333333334 0.11458333333333333 0.16833333333333333
5 0.44427083333333334 0.4716666666666667 0.011458333333333333 0.043333333333333335
1 0.4921875 0.525 0.030208333333333334 0.043333333333333335
1 0.49374999999999997 0.525 0.03125 0.05
4 0.6104166666666666 0.3516666666666667 0.020833333333333332 0.05
4 0.6078125 0.35833333333333334 0.011458333333333333 0.04
4 0.7171875 0.44833333333333336 0.011458333333333333 0.03333333333333333
1 0.8322916666666667 0.5291666666666667 0.12083333333333333 0.10500000000000001