1 0.2841796875 0.55078125 0.0869140625 0.091796875
10 0.318359375 0.4931640625 0.0908203125 0.1533203125
1 0.3818359375 0.5126953125 0.0302734375 0.0517578125
1 0.4306640625 0.51953125 0.06640625 0.08984375
6 0.458984375 0.3955078125 0.0107421875 0.03125
10 0.53515625 0.4853515625 0.0986328125 0.1669921875
1 0.5908203125 0.54296875 0.1083984375 0.1162109375
1 0.70703125 0.490234375 0.0966796875 0.0771484375
2 0.6669921875 0.498046875 0.013671875 0.0537109375
1 0.7080078125 0.4765625 0.087890625 0.080078125
2 0.6787109375 0.5009765625 0.015625 0.0517578125
2 0.69140625 0.501953125 0.013671875 0.046875
1 0.8779296875 0.5390625 0.2412109375 0.544921875