1 0.0595703125 0.580078125 0.1171875 0.1162109375
1 0.259765625 0.578125 0.1943359375 0.212890625
7 0.212890625 0.4306640625 0.015625 0.0478515625
7 0.212890625 0.4228515625 0.013671875 0.033203125
1 0.3642578125 0.5595703125 0.08984375 0.11328125
7 0.4912109375 0.326171875 0.015625 0.0478515625
7 0.4912109375 0.3271484375 0.015625 0.0478515625
1 0.52734375 0.541015625 0.0751953125 0.091796875
4 0.57421875 0.3212890625 0.013671875 0.0478515625
1 0.650390625 0.501953125 0.05078125 0.0498046875
1 0.666015625 0.54296875 0.044921875 0.13671875
1 0.755859375 0.5537109375 0.2021484375 0.251953125
4 0.7021484375 0.4189453125 0.013671875 0.044921875
3 0.853515625 0.3046875 0.0263671875 0.103515625
2 0.8681640625 0.5234375 0.025390625 0.1201171875
2 0.87109375 0.525390625 0.0283203125 0.126953125
2 0.8896484375 0.525390625 0.0146484375 0.11328125
2 0.9052734375 0.513671875 0.0244140625 0.123046875
2 0.9287109375 0.5126953125 0.0302734375 0.1318359375