10 0.0986328125 0.5302734375 0.197265625 0.220703125
1 0.103515625 0.53125 0.19921875 0.236328125
1 0.2099609375 0.58203125 0.0439453125 0.103515625
1 0.2724609375 0.5654296875 0.0595703125 0.0712890625
1 0.34765625 0.5498046875 0.041015625 0.08984375
1 0.39453125 0.57421875 0.091796875 0.115234375
10 0.4375 0.5400390625 0.068359375 0.099609375
1 0.4404296875 0.541015625 0.0654296875 0.1279296875
1 0.5029296875 0.5615234375 0.0341796875 0.0771484375
1 0.54296875 0.5673828125 0.078125 0.1015625
1 0.5927734375 0.556640625 0.056640625 0.1630859375
1 0.7080078125 0.5654296875 0.2119140625 0.2587890625
1 0.861328125 0.6650390625 0.2724609375 0.443359375
10 0.9072265625 0.421875 0.1572265625 0.09375
1 0.9072265625 0.4169921875 0.154296875 0.103515625