1 0.18802083333333333 0.5208333333333334 0.04895833333333333 0.09166666666666667
1 0.2671875 0.5241666666666667 0.15520833333333334 0.14166666666666666
1 0.35052083333333334 0.48333333333333334 0.034375 0.060000000000000005
4 0.3927083333333333 0.44083333333333335 0.0125 0.03166666666666667
4 0.396875 0.43833333333333335 0.014583333333333334 0.03333333333333333
1 0.43906249999999997 0.4733333333333334 0.02395833333333333 0.043333333333333335
1 0.503125 0.5033333333333334 0.12708333333333333 0.18000000000000002
4 0.50625 0.39416666666666667 0.01875 0.03166666666666667
4 0.5083333333333333 0.3891666666666667 0.0125 0.03166666666666667
4 0.5572916666666666 0.43500000000000005 0.016666666666666666 0.02666666666666667
4 0.5567708333333333 0.4366666666666667 0.011458333333333333 0.030000000000000002
1 0.56875 0.48583333333333334 0.03125 0.07166666666666667
4 0.5692708333333333 0.4191666666666667 0.017708333333333333 0.03833333333333334
4 0.5682291666666667 0.4291666666666667 0.009375 0.025
1 0.6375 0.4991666666666667 0.09583333333333333 0.11166666666666668
1 0.8036458333333333 0.5625 0.271875 0.275