1 0.0302734375 0.5947265625 0.0595703125 0.1865234375
1 0.9228515625 0.6220703125 0.150390625 0.349609375
1 0.1796875 0.5595703125 0.1513671875 0.158203125
1 0.1787109375 0.548828125 0.1279296875 0.1318359375
1 0.33203125 0.525390625 0.060546875 0.0771484375
1 0.3369140625 0.517578125 0.06640625 0.091796875
1 0.37109375 0.5166015625 0.0400390625 0.0771484375
1 0.3681640625 0.5185546875 0.025390625 0.0732421875
1 0.4638671875 0.5185546875 0.033203125 0.0537109375
1 0.4990234375 0.5146484375 0.03125 0.044921875
1 0.6044921875 0.5234375 0.048828125 0.0771484375
1 0.6005859375 0.525390625 0.0361328125 0.0732421875
1 0.6357421875 0.52734375 0.0439453125 0.125
1 0.6982421875 0.5517578125 0.107421875 0.1298828125