2 0.0296875 0.65125 0.058333333333333334 0.5708333333333334
1 0.12708333333333333 0.5554166666666667 0.078125 0.07583333333333334
2 0.9104166666666667 0.5054166666666667 0.178125 0.9875
1 0.22708333333333333 0.545 0.08333333333333333 0.09333333333333334
1 0.28229166666666666 0.5291666666666667 0.03125 0.065
1 0.30572916666666666 0.5175000000000001 0.030208333333333334 0.065
1 0.35520833333333335 0.515 0.03333333333333333 0.04666666666666667
1 0.4354166666666667 0.5216666666666667 0.04791666666666666 0.05333333333333334
3 0.5817708333333333 0.31333333333333335 0.026041666666666668 0.09666666666666668
1 0.6942708333333333 0.5408333333333334 0.21562499999999998 0.2316666666666667
2 0.9854166666666666 0.47500000000000003 0.025 0.15000000000000002