2 0.3115234375 0.53125 0.052734375 0.150390625
2 0.26171875 0.5400390625 0.029296875 0.142578125
2 0.0732421875 0.541015625 0.0283203125 0.115234375
2 0.076171875 0.5400390625 0.021484375 0.09375
1 0.123046875 0.5537109375 0.0791015625 0.103515625
2 0.216796875 0.5400390625 0.029296875 0.1298828125
2 0.216796875 0.546875 0.0263671875 0.126953125
2 0.216796875 0.5341796875 0.01953125 0.1220703125
1 0.599609375 0.572265625 0.44921875 0.271484375
2 0.5244140625 0.498046875 0.025390625 0.0830078125
3 0.58203125 0.3076171875 0.0283203125 0.091796875
2 0.8662109375 0.490234375 0.02734375 0.1298828125
2 0.8681640625 0.4921875 0.0126953125 0.1416015625
2 0.8798828125 0.4873046875 0.021484375 0.125
2 0.900390625 0.4716796875 0.025390625 0.13671875
2 0.8994140625 0.478515625 0.0244140625 0.1396484375
2 0.919921875 0.48046875 0.021484375 0.1396484375
2 0.919921875 0.4853515625 0.0185546875 0.125
2 0.9560546875 0.474609375 0.01953125 0.14453125
2 0.982421875 0.4716796875 0.0166015625 0.1396484375