1 0.24583333333333332 0.5216666666666667 0.06875 0.08666666666666667
1 0.2817708333333333 0.5183333333333333 0.036458333333333336 0.05333333333333334
1 0.28072916666666664 0.5241666666666667 0.015625 0.05166666666666667
1 0.30104166666666665 0.5108333333333334 0.03333333333333333 0.04833333333333334
1 0.30104166666666665 0.5141666666666667 0.020833333333333332 0.05166666666666667
1 0.315625 0.5033333333333334 0.03958333333333333 0.05333333333333334
1 0.3223958333333333 0.5041666666666667 0.017708333333333333 0.045000000000000005
1 0.5848958333333333 0.4841666666666667 0.046875 0.04166666666666667
1 0.5848958333333333 0.48583333333333334 0.040625 0.035
1 0.6505208333333333 0.4766666666666667 0.03854166666666667 0.043333333333333335
1 0.6479166666666667 0.4683333333333334 0.029166666666666667 0.030000000000000002
1 0.7182291666666667 0.4666666666666667 0.028125 0.013333333333333334
1 0.9015624999999999 0.5025000000000001 0.14895833333333333 0.14500000000000002
1 0.8651041666666667 0.44583333333333336 0.07395833333333333 0.045000000000000005
1 0.8640625 0.4516666666666667 0.059375 0.03333333333333333