0 0.3619791666666667 0.4779166666666667 0.010416666666666666 0.04083333333333333
1 0.1109375 0.48333333333333334 0.09895833333333333 0.060000000000000005
7 0.2817708333333333 0.41000000000000003 0.015625 0.043333333333333335
1 0.39375 0.47250000000000003 0.03958333333333333 0.05166666666666667
1 0.4270833333333333 0.4758333333333334 0.022916666666666665 0.04166666666666667
1 0.4578125 0.4733333333333334 0.03854166666666667 0.05666666666666667
6 0.4979166666666667 0.33666666666666667 0.0125 0.04
6 0.49947916666666664 0.3408333333333334 0.011458333333333333 0.03166666666666667
6 0.55 0.3358333333333334 0.014583333333333334 0.03833333333333334
6 0.5536458333333333 0.33916666666666667 0.015625 0.04166666666666667
6 0.60625 0.3458333333333334 0.016666666666666666 0.03833333333333334
6 0.6072916666666667 0.3466666666666667 0.014583333333333334 0.04
6 0.7072916666666667 0.40750000000000003 0.016666666666666666 0.04166666666666667
6 0.7078125 0.4058333333333334 0.013541666666666667 0.03833333333333334
1 0.7890625 0.4733333333333334 0.08854166666666667 0.05333333333333334
6 0.7921875 0.3641666666666667 0.015625 0.055
6 0.7916666666666666 0.36583333333333334 0.014583333333333334 0.055
1 0.9578125 0.46416666666666667 0.08229166666666667 0.065