1 0.216796875 0.7021484375 0.4326171875 0.4814453125
2 0.126953125 0.416015625 0.0146484375 0.03125
6 0.1494140625 0.3984375 0.0166015625 0.0537109375
1 0.3857421875 0.5302734375 0.03125 0.0400390625
1 0.388671875 0.5283203125 0.03125 0.04296875
1 0.4482421875 0.53125 0.03125 0.0419921875
6 0.5263671875 0.37109375 0.01953125 0.068359375
2 0.6357421875 0.52734375 0.0166015625 0.0751953125
2 0.65234375 0.5244140625 0.0205078125 0.0751953125
2 0.6728515625 0.5341796875 0.0263671875 0.0947265625
2 0.83984375 0.5283203125 0.0439453125 0.240234375
2 0.8955078125 0.5263671875 0.0478515625 0.240234375
2 0.9794921875 0.5537109375 0.037109375 0.2265625