2 0.666015625 0.48046875 0.025390625 0.0576171875
6 0.048828125 0.44921875 0.0185546875 0.0419921875
1 0.095703125 0.51953125 0.072265625 0.0634765625
1 0.1435546875 0.5048828125 0.0341796875 0.0498046875
6 0.1826171875 0.3662109375 0.0185546875 0.037109375
7 0.185546875 0.3662109375 0.0185546875 0.04296875
1 0.22265625 0.4970703125 0.0400390625 0.0537109375
6 0.244140625 0.37109375 0.0185546875 0.0380859375
6 0.24609375 0.3681640625 0.0185546875 0.033203125
1 0.2724609375 0.5029296875 0.0595703125 0.0771484375
1 0.2763671875 0.5 0.0625 0.0634765625
6 0.3251953125 0.4384765625 0.0146484375 0.0498046875
6 0.328125 0.4287109375 0.0146484375 0.0302734375
1 0.3564453125 0.4931640625 0.041015625 0.0966796875
1 0.4248046875 0.5048828125 0.1572265625 0.23046875
6 0.509765625 0.38671875 0.033203125 0.0595703125
1 0.54296875 0.5146484375 0.09765625 0.115234375
1 0.65625 0.55078125 0.1103515625 0.158203125
1 0.8515625 0.5390625 0.291015625 0.2880859375
1 0.8388671875 0.5517578125 0.2626953125 0.349609375