1 0.06458333333333333 0.555 0.12916666666666665 0.14
1 0.26510416666666664 0.5325000000000001 0.057291666666666664 0.06166666666666667
1 0.2640625 0.5333333333333333 0.053125 0.06333333333333334
1 0.346875 0.5283333333333333 0.052083333333333336 0.07
1 0.34739583333333335 0.5308333333333334 0.04895833333333333 0.058333333333333334
1 0.39010416666666664 0.5208333333333334 0.02395833333333333 0.03833333333333334
1 0.4322916666666667 0.5241666666666667 0.05625 0.07166666666666667
1 0.4317708333333333 0.5283333333333333 0.046875 0.06666666666666667
1 0.5088541666666666 0.5166666666666667 0.046875 0.06666666666666667
1 0.5239583333333333 0.5208333333333334 0.03125 0.085
1 0.5598958333333334 0.5225000000000001 0.065625 0.10166666666666667
1 0.5484375 0.5258333333333334 0.042708333333333334 0.09833333333333334
1 0.628125 0.5516666666666667 0.12916666666666665 0.15333333333333335
1 0.6302083333333334 0.5475 0.13333333333333333 0.12833333333333335