1 0.93359375 0.5419921875 0.12890625 0.111328125
1 0.2646484375 0.611328125 0.349609375 0.5029296875
4 0.4345703125 0.4638671875 0.013671875 0.03515625
1 0.455078125 0.5654296875 0.041015625 0.1630859375
1 0.51171875 0.5087890625 0.0322265625 0.0498046875
4 0.5771484375 0.375 0.0205078125 0.0498046875
4 0.5751953125 0.373046875 0.013671875 0.0498046875
1 0.607421875 0.513671875 0.0224609375 0.037109375
4 0.671875 0.4404296875 0.0146484375 0.037109375
4 0.6708984375 0.4521484375 0.01171875 0.037109375
4 0.9423828125 0.365234375 0.015625 0.046875
4 0.94140625 0.3779296875 0.01171875 0.0498046875