7 0.3046875 0.3116666666666667 0.019791666666666666 0.060000000000000005
7 0.3052083333333333 0.3041666666666667 0.0125 0.04166666666666667
1 0.39166666666666666 0.5650000000000001 0.14791666666666667 0.19
6 0.4 0.3091666666666667 0.016666666666666666 0.045000000000000005
2 0.546875 0.5141666666666667 0.027083333333333334 0.07500000000000001
6 0.5453125 0.41000000000000003 0.013541666666666667 0.04
2 0.55 0.515 0.014583333333333334 0.06666666666666667
0 0.6375 0.5133333333333334 0.029166666666666667 0.08333333333333334
0 0.6390625 0.5116666666666667 0.019791666666666666 0.06666666666666667
0 0.7161458333333334 0.5083333333333334 0.051041666666666666 0.09333333333333334
0 0.725 0.5075000000000001 0.025 0.07500000000000001
6 0.7453125 0.19166666666666668 0.046875 0.14666666666666667
6 0.7458333333333333 0.18000000000000002 0.027083333333333334 0.11666666666666667
1 0.7927083333333333 0.5083333333333334 0.12083333333333333 0.07333333333333333
2 0.8390624999999999 0.5241666666666667 0.040625 0.155
2 0.8458333333333333 0.5233333333333333 0.03125 0.14
1 0.9140625 0.49750000000000005 0.08645833333333333 0.07166666666666667