2 0.01875 0.5491666666666667 0.016666666666666666 0.07166666666666667
2 0.029166666666666667 0.54 0.010416666666666666 0.06666666666666667
7 0.05416666666666667 0.43750000000000006 0.01875 0.05166666666666667
0 0.06979166666666667 0.535 0.04791666666666666 0.08
2 0.071875 0.54 0.016666666666666666 0.08
2 0.08072916666666667 0.5383333333333333 0.02395833333333333 0.08
0 0.0875 0.5375000000000001 0.03125 0.07166666666666667
2 0.084375 0.5383333333333333 0.014583333333333334 0.07666666666666667
0 0.08229166666666667 0.5375000000000001 0.010416666666666666 0.06833333333333334
0 0.09895833333333333 0.5383333333333333 0.016666666666666666 0.06666666666666667
2 0.1265625 0.5283333333333333 0.017708333333333333 0.06333333333333334
1 0.171875 0.525 0.0875 0.07333333333333333
10 0.1734375 0.5216666666666667 0.08229166666666667 0.08333333333333334
10 0.23958333333333334 0.5116666666666667 0.05625 0.05666666666666667
1 0.24479166666666666 0.5158333333333334 0.0625 0.058333333333333334
1 0.24739583333333334 0.5325000000000001 0.057291666666666664 0.04833333333333334
2 0.28489583333333335 0.5133333333333334 0.02395833333333333 0.07333333333333333
10 0.328125 0.4816666666666667 0.1 0.14666666666666667
1 0.3958333333333333 0.5133333333333334 0.03125 0.03333333333333333
7 0.4484375 0.32083333333333336 0.019791666666666666 0.055
1 0.5171875 0.515 0.03229166666666666 0.043333333333333335
1 0.5177083333333333 0.5116666666666667 0.03125 0.03666666666666667
6 0.5192708333333333 0.3241666666666667 0.021875 0.06833333333333334
1 0.6234375 0.5125000000000001 0.11562499999999999 0.095
2 0.7010416666666667 0.5991666666666667 0.14791666666666667 0.42500000000000004
2 0.7052083333333333 0.5983333333333334 0.15 0.43333333333333335
6 0.65625 0.4083333333333334 0.020833333333333332 0.06333333333333334