2 0.888671875 0.509765625 0.0283203125 0.083984375
4 0.3076171875 0.3818359375 0.0224609375 0.0771484375
4 0.3095703125 0.3994140625 0.0205078125 0.068359375
1 0.412109375 0.52734375 0.0498046875 0.068359375
1 0.4599609375 0.525390625 0.015625 0.025390625
1 0.478515625 0.51953125 0.0322265625 0.0380859375
1 0.513671875 0.5166015625 0.0625 0.0830078125
3 0.509765625 0.2412109375 0.0224609375 0.0751953125
4 0.51171875 0.2373046875 0.025390625 0.0712890625
3 0.6376953125 0.21875 0.021484375 0.06640625
4 0.6416015625 0.2197265625 0.021484375 0.06640625
1 0.8896484375 0.6826171875 0.2099609375 0.615234375