1 0.1171875 0.5066666666666667 0.042708333333333334 0.05
1 0.16666666666666666 0.5058333333333334 0.0375 0.03833333333333334
1 0.1859375 0.5008333333333334 0.030208333333333334 0.04833333333333334
1 0.19791666666666666 0.5033333333333334 0.0375 0.04
1 0.21875 0.49083333333333334 0.05 0.04833333333333334
1 0.22760416666666666 0.5016666666666667 0.028125 0.04
1 0.27708333333333335 0.49583333333333335 0.07083333333333333 0.09166666666666667
1 0.43072916666666666 0.48583333333333334 0.030208333333333334 0.058333333333333334
1 0.471875 0.49000000000000005 0.029166666666666667 0.04
1 0.5046875 0.49500000000000005 0.040625 0.05333333333333334
1 0.5880208333333333 0.48833333333333334 0.036458333333333336 0.11
1 0.603125 0.47750000000000004 0.0625 0.11166666666666668
1 0.6338541666666666 0.49583333333333335 0.07604166666666666 0.10166666666666667
1 0.6838541666666667 0.49000000000000005 0.051041666666666666 0.05666666666666667
1 0.8166666666666667 0.4783333333333334 0.0875 0.05666666666666667
1 0.8239583333333333 0.4816666666666667 0.08958333333333333 0.060000000000000005
1 0.8963541666666667 0.4766666666666667 0.06770833333333333 0.060000000000000005