1 0.125 0.5517578125 0.25 0.330078125
1 0.2822265625 0.4931640625 0.04296875 0.037109375
1 0.287109375 0.490234375 0.0458984375 0.046875
1 0.3271484375 0.5009765625 0.0361328125 0.0380859375
1 0.3251953125 0.5029296875 0.029296875 0.04296875
1 0.3798828125 0.4892578125 0.025390625 0.0419921875
1 0.41796875 0.4951171875 0.0576171875 0.0771484375
1 0.451171875 0.4853515625 0.03515625 0.0498046875
1 0.50390625 0.4853515625 0.0205078125 0.021484375
1 0.564453125 0.4912109375 0.04296875 0.056640625
1 0.60546875 0.5087890625 0.0751953125 0.0771484375
1 0.7333984375 0.4912109375 0.107421875 0.0546875