1 0.07604166666666666 0.455 0.15208333333333332 0.2966666666666667
10 0.2265625 0.4341666666666667 0.16354166666666667 0.17833333333333334
1 0.30572916666666666 0.4841666666666667 0.019791666666666666 0.055
1 0.33541666666666664 0.47250000000000003 0.06666666666666667 0.08833333333333333
6 0.33541666666666664 0.3916666666666667 0.01875 0.03333333333333333
6 0.334375 0.39666666666666667 0.014583333333333334 0.02666666666666667
6 0.365625 0.3916666666666667 0.014583333333333334 0.02666666666666667
6 0.3697916666666667 0.39416666666666667 0.0125 0.028333333333333335
1 0.40572916666666664 0.48500000000000004 0.040625 0.060000000000000005
6 0.41041666666666665 0.39 0.014583333333333334 0.030000000000000002
6 0.4145833333333333 0.3891666666666667 0.014583333333333334 0.028333333333333335
6 0.44479166666666664 0.3916666666666667 0.014583333333333334 0.03666666666666667
6 0.44635416666666666 0.39333333333333337 0.013541666666666667 0.030000000000000002
1 0.46875 0.4866666666666667 0.05625 0.06333333333333334
6 0.515625 0.42500000000000004 0.0125 0.02666666666666667
1 0.565625 0.4716666666666667 0.07708333333333334 0.04666666666666667
1 0.5677083333333334 0.4733333333333334 0.07708333333333334 0.04
1 0.73125 0.46416666666666667 0.05416666666666667 0.04833333333333334
1 0.9291666666666667 0.45333333333333337 0.06458333333333333 0.043333333333333335