1 0.09791666666666667 0.5225000000000001 0.06875 0.09833333333333334
1 0.4036458333333333 0.54 0.121875 0.17
6 0.390625 0.4733333333333334 0.0125 0.02666666666666667
1 0.45625 0.5333333333333333 0.05625 0.08
6 0.5098958333333333 0.4683333333333334 0.015625 0.03333333333333333
1 0.5473958333333333 0.5316666666666667 0.034375 0.09333333333333334
1 0.5651041666666666 0.5416666666666667 0.034375 0.09333333333333334
1 0.5880208333333333 0.5458333333333334 0.03854166666666667 0.10833333333333334
1 0.6234375 0.5591666666666667 0.06354166666666666 0.10833333333333334
1 0.7010416666666667 0.5633333333333334 0.12708333333333333 0.20333333333333334
1 0.8661458333333333 0.5883333333333334 0.265625 0.3666666666666667