1 0.1123046875 0.587890625 0.220703125 0.224609375
1 0.2451171875 0.517578125 0.09765625 0.0654296875
1 0.302734375 0.5068359375 0.025390625 0.056640625
1 0.4208984375 0.537109375 0.1005859375 0.125
2 0.4921875 0.5146484375 0.013671875 0.078125
2 0.5107421875 0.5166015625 0.0146484375 0.0732421875
2 0.583984375 0.509765625 0.01953125 0.056640625
2 0.6044921875 0.5068359375 0.0146484375 0.08984375
2 0.623046875 0.513671875 0.01171875 0.0869140625
2 0.6357421875 0.51171875 0.013671875 0.0830078125
1 0.8447265625 0.568359375 0.306640625 0.353515625