1 0.159375 0.5333333333333333 0.06875 0.05666666666666667
1 0.159375 0.53 0.06666666666666667 0.07
1 0.23854166666666665 0.5291666666666667 0.07291666666666667 0.07833333333333334
1 0.24114583333333334 0.5241666666666667 0.065625 0.07500000000000001
1 0.3151041666666667 0.5233333333333333 0.051041666666666666 0.05333333333333334
1 0.3145833333333333 0.5191666666666667 0.0375 0.03833333333333334
1 0.36354166666666665 0.5158333333333334 0.022916666666666665 0.03166666666666667
10 0.40572916666666664 0.5008333333333334 0.053125 0.10833333333333334
1 0.4380208333333333 0.5125000000000001 0.026041666666666668 0.058333333333333334
1 0.4375 0.5133333333333334 0.016666666666666666 0.043333333333333335
1 0.4822916666666667 0.5108333333333334 0.01875 0.03166666666666667