6 0.1435546875 0.412109375 0.0185546875 0.0498046875
7 0.1435546875 0.412109375 0.015625 0.0380859375
1 0.162109375 0.5087890625 0.0361328125 0.037109375
4 0.189453125 0.4228515625 0.0146484375 0.037109375
4 0.19140625 0.416015625 0.0166015625 0.03515625
4 0.26171875 0.4716796875 0.0146484375 0.0400390625
1 0.2998046875 0.5 0.0458984375 0.0732421875
1 0.3095703125 0.5087890625 0.046875 0.0478515625
1 0.3544921875 0.5087890625 0.046875 0.0712890625
4 0.46484375 0.4423828125 0.0185546875 0.0380859375
4 0.46484375 0.439453125 0.01171875 0.0283203125
1 0.5390625 0.5078125 0.083984375 0.0947265625
1 0.630859375 0.5302734375 0.11328125 0.1337890625
1 0.638671875 0.5419921875 0.1123046875 0.0830078125
1 0.88671875 0.6318359375 0.2255859375 0.2890625
1 0.732421875 0.5703125 0.10546875 0.2265625