7 0.298828125 0.0673828125 0.0283203125 0.1025390625
4 0.5224609375 0.0478515625 0.0283203125 0.0947265625
4 0.861328125 0.302734375 0.0341796875 0.09375
1 0.0244140625 0.5478515625 0.0478515625 0.04296875
1 0.111328125 0.5654296875 0.099609375 0.087890625
1 0.1904296875 0.5712890625 0.1337890625 0.1279296875
1 0.28515625 0.5537109375 0.0810546875 0.0947265625
1 0.3359375 0.5556640625 0.0595703125 0.0712890625
10 0.5068359375 0.5224609375 0.056640625 0.111328125
1 0.560546875 0.53125 0.0439453125 0.05859375
0 0.6494140625 0.5439453125 0.025390625 0.0986328125