3 0.064453125 0.06640625 0.078125 0.126953125
1 0.1669921875 0.5048828125 0.083984375 0.0595703125
1 0.212890625 0.5146484375 0.064453125 0.080078125
1 0.263671875 0.5234375 0.1083984375 0.0771484375
1 0.3388671875 0.5126953125 0.0810546875 0.087890625
1 0.4296875 0.5068359375 0.103515625 0.0595703125
1 0.4736328125 0.494140625 0.0419921875 0.0517578125
1 0.474609375 0.4951171875 0.02734375 0.037109375
3 0.572265625 0.029296875 0.0283203125 0.0546875
6 0.5654296875 0.36328125 0.0146484375 0.04296875
6 0.6533203125 0.3583984375 0.0166015625 0.0498046875
6 0.65234375 0.357421875 0.009765625 0.0380859375
6 0.728515625 0.4189453125 0.013671875 0.0478515625
6 0.80078125 0.076171875 0.029296875 0.091796875
1 0.8212890625 0.490234375 0.0517578125 0.04296875
1 0.8623046875 0.4912109375 0.072265625 0.0546875
1 0.9208984375 0.486328125 0.103515625 0.056640625