1 0.076171875 0.5703125 0.1513671875 0.177734375
1 0.20703125 0.5537109375 0.1337890625 0.1533203125
1 0.2080078125 0.54296875 0.11328125 0.134765625
1 0.2744140625 0.517578125 0.0849609375 0.125
1 0.2900390625 0.525390625 0.0556640625 0.126953125
1 0.326171875 0.517578125 0.0595703125 0.0986328125
1 0.3349609375 0.509765625 0.0400390625 0.099609375
1 0.3642578125 0.51171875 0.0517578125 0.08984375
1 0.365234375 0.51171875 0.037109375 0.0732421875
1 0.5986328125 0.474609375 0.068359375 0.13671875
1 0.6103515625 0.513671875 0.0615234375 0.09375
1 0.6181640625 0.517578125 0.068359375 0.087890625
1 0.673828125 0.5234375 0.0908203125 0.1298828125
1 0.837890625 0.509765625 0.2724609375 0.283203125