1 0.134765625 0.4833984375 0.267578125 0.626953125
10 0.1298828125 0.484375 0.2548828125 0.6181640625
1 0.34765625 0.49609375 0.0458984375 0.0654296875
1 0.5 0.62109375 0.3251953125 0.431640625
7 0.3515625 0.30078125 0.01953125 0.0712890625
7 0.353515625 0.2841796875 0.015625 0.0380859375
6 0.4736328125 0.2412109375 0.01953125 0.068359375
1 0.71875 0.482421875 0.181640625 0.10546875
1 0.72265625 0.490234375 0.177734375 0.1162109375
6 0.6455078125 0.365234375 0.01953125 0.04296875
1 0.8623046875 0.58984375 0.271484375 0.3466796875
6 0.9853515625 0.2294921875 0.0263671875 0.0849609375
6 0.98828125 0.2041015625 0.021484375 0.0419921875