1 0.1298828125 0.5791015625 0.2587890625 0.27734375
10 0.3212890625 0.4853515625 0.04296875 0.0537109375
4 0.4423828125 0.39453125 0.0185546875 0.033203125
1 0.4765625 0.4931640625 0.0302734375 0.0400390625
4 0.474609375 0.3984375 0.0146484375 0.0302734375
1 0.5224609375 0.5126953125 0.0830078125 0.10546875
1 0.56640625 0.4912109375 0.037109375 0.0546875
1 0.5732421875 0.5 0.0439453125 0.056640625
4 0.58203125 0.4365234375 0.0146484375 0.0302734375
1 0.787109375 0.5029296875 0.1787109375 0.111328125
1 0.94140625 0.462890625 0.10546875 0.0849609375