1 0.0869140625 0.60546875 0.173828125 0.3486328125
1 0.2685546875 0.5546875 0.0537109375 0.0595703125
3 0.310546875 0.32421875 0.013671875 0.0478515625
1 0.3271484375 0.5537109375 0.017578125 0.0234375
1 0.3447265625 0.552734375 0.013671875 0.025390625
1 0.36328125 0.55078125 0.0341796875 0.087890625
1 0.3662109375 0.5498046875 0.0341796875 0.0771484375
1 0.4208984375 0.55078125 0.109375 0.138671875
3 0.4208984375 0.3212890625 0.0166015625 0.0546875
1 0.474609375 0.556640625 0.037109375 0.1064453125
3 0.509765625 0.3203125 0.0166015625 0.046875
1 0.552734375 0.52734375 0.05859375 0.1015625
1 0.5537109375 0.525390625 0.0498046875 0.0771484375
1 0.64453125 0.560546875 0.0693359375 0.1220703125
1 0.802734375 0.6337890625 0.35546875 0.3115234375
4 0.7197265625 0.4248046875 0.0283203125 0.0703125
3 0.720703125 0.4228515625 0.0205078125 0.056640625
1 0.958984375 0.54296875 0.0732421875 0.078125