1 0.2236328125 0.546875 0.0341796875 0.037109375
7 0.216796875 0.333984375 0.0146484375 0.044921875
7 0.2177734375 0.337890625 0.017578125 0.0498046875
1 0.2294921875 0.54296875 0.0302734375 0.0400390625
1 0.298828125 0.5302734375 0.0283203125 0.033203125
1 0.2998046875 0.5283203125 0.021484375 0.0263671875
1 0.3173828125 0.525390625 0.01953125 0.0234375
1 0.3212890625 0.52734375 0.021484375 0.03125
4 0.3291015625 0.31640625 0.015625 0.0537109375
4 0.3310546875 0.3212890625 0.0146484375 0.0546875
1 0.369140625 0.517578125 0.0341796875 0.0517578125
1 0.39453125 0.51171875 0.0263671875 0.033203125
1 0.41796875 0.537109375 0.052734375 0.068359375
4 0.5146484375 0.4140625 0.0166015625 0.0419921875
4 0.515625 0.423828125 0.0107421875 0.044921875
1 0.716796875 0.505859375 0.1494140625 0.1015625
1 0.7197265625 0.50390625 0.142578125 0.087890625
1 0.8310546875 0.5 0.154296875 0.09375
1 0.8369140625 0.50390625 0.1494140625 0.08203125