1 0.375 0.48500000000000004 0.029166666666666667 0.03666666666666667
8 0.44166666666666665 0.39083333333333337 0.01875 0.03166666666666667
1 0.4927083333333333 0.49583333333333335 0.052083333333333336 0.065
1 0.5619791666666667 0.48583333333333334 0.06145833333333333 0.07166666666666667
1 0.5645833333333333 0.4866666666666667 0.06041666666666667 0.07666666666666667
1 0.6677083333333333 0.4666666666666667 0.06041666666666667 0.05333333333333334
1 0.671875 0.4683333333333334 0.05416666666666667 0.06333333333333334
1 0.7390625 0.48333333333333334 0.06145833333333333 0.05
1 0.7619791666666667 0.4733333333333334 0.09895833333333333 0.05333333333333334
1 0.8161458333333333 0.4783333333333334 0.09479166666666666 0.05666666666666667
1 0.7984375 0.4841666666666667 0.04479166666666667 0.028333333333333335
1 0.85625 0.47250000000000003 0.10208333333333333 0.06166666666666667
1 0.8385416666666666 0.4866666666666667 0.03958333333333333 0.05