1 0.0328125 0.5358333333333334 0.065625 0.065
1 0.084375 0.5241666666666667 0.04375 0.07500000000000001
1 0.19635416666666666 0.5091666666666667 0.06354166666666666 0.04833333333333334
1 0.19322916666666667 0.5125000000000001 0.05520833333333333 0.04166666666666667
1 0.4119791666666667 0.5208333333333334 0.103125 0.12833333333333335
1 0.45625 0.5166666666666667 0.022916666666666665 0.07
1 0.4583333333333333 0.5091666666666667 0.025 0.07500000000000001
1 0.5973958333333333 0.5241666666666667 0.08229166666666667 0.11166666666666668
1 0.5864583333333333 0.5275000000000001 0.06041666666666667 0.10166666666666667
1 0.665625 0.5233333333333333 0.10416666666666667 0.21000000000000002
1 0.7078125 0.5341666666666667 0.18229166666666666 0.225
1 0.8536458333333333 0.5966666666666667 0.28854166666666664 0.26