1 0.0595703125 0.5029296875 0.119140625 0.0849609375
1 0.0615234375 0.494140625 0.12109375 0.10546875
7 0.1513671875 0.40625 0.0224609375 0.056640625
1 0.3740234375 0.490234375 0.11328125 0.1435546875
3 0.4091796875 0.36328125 0.015625 0.037109375
1 0.4453125 0.490234375 0.0380859375 0.0634765625
1 0.4423828125 0.484375 0.029296875 0.0419921875
1 0.4970703125 0.5087890625 0.0888671875 0.1220703125
6 0.4873046875 0.32421875 0.013671875 0.0517578125
1 0.6064453125 0.5107421875 0.0625 0.1015625
1 0.615234375 0.5087890625 0.06640625 0.0849609375
6 0.6005859375 0.4111328125 0.017578125 0.0419921875
1 0.7021484375 0.5283203125 0.1357421875 0.15625
6 0.71484375 0.3779296875 0.0224609375 0.05859375
6 0.716796875 0.3623046875 0.021484375 0.0419921875
2 0.826171875 0.4951171875 0.03125 0.08984375
2 0.830078125 0.4990234375 0.029296875 0.08203125
1 0.8818359375 0.4912109375 0.0751953125 0.0712890625