2 0.175 0.49500000000000005 0.022916666666666665 0.07333333333333333
2 0.17708333333333334 0.49750000000000005 0.014583333333333334 0.08166666666666667
1 0.21875 0.49000000000000005 0.06041666666666667 0.03666666666666667
1 0.2895833333333333 0.48500000000000004 0.07291666666666667 0.06666666666666667
1 0.2984375 0.48583333333333334 0.07604166666666666 0.055
2 0.28489583333333335 0.49000000000000005 0.017708333333333333 0.060000000000000005
1 0.2828125 0.49000000000000005 0.009375 0.05333333333333334
2 0.29635416666666664 0.48333333333333334 0.015625 0.05333333333333334
7 0.7119791666666666 0.3591666666666667 0.013541666666666667 0.03166666666666667
4 0.765625 0.36500000000000005 0.01875 0.04
4 0.7651041666666667 0.3691666666666667 0.013541666666666667 0.03166666666666667