10 0.08645833333333333 0.4866666666666667 0.05416666666666667 0.10333333333333335
10 0.11145833333333333 0.49083333333333334 0.07916666666666666 0.095
1 0.12291666666666666 0.5141666666666667 0.029166666666666667 0.065
1 0.15833333333333333 0.5108333333333334 0.0625 0.04166666666666667
1 0.23177083333333334 0.49833333333333335 0.06354166666666666 0.06333333333333334
1 0.23177083333333334 0.49750000000000005 0.053125 0.055
1 0.2947916666666667 0.49583333333333335 0.04791666666666666 0.055
1 0.3598958333333333 0.4916666666666667 0.036458333333333336 0.05666666666666667
6 0.41562499999999997 0.44583333333333336 0.014583333333333334 0.03166666666666667
4 0.4661458333333333 0.40166666666666667 0.015625 0.03333333333333333
1 0.5192708333333333 0.49833333333333335 0.03229166666666666 0.043333333333333335
1 0.5234375 0.4941666666666667 0.028125 0.035
4 0.546875 0.45 0.010416666666666666 0.03666666666666667
4 0.5552083333333333 0.4491666666666667 0.010416666666666666 0.028333333333333335
1 0.5859375 0.51 0.053125 0.07666666666666667
10 0.6151041666666667 0.4525 0.05520833333333333 0.06166666666666667