3 0.5203125 0.31083333333333335 0.03229166666666666 0.09166666666666667
2 0.42109375 0.5320833333333334 0.033854166666666664 0.12250000000000001
2 0.6276041666666666 0.6379166666666667 0.14166666666666666 0.7141666666666667
3 0.0171875 0.35000000000000003 0.03333333333333333 0.08666666666666667
2 0.06145833333333333 0.5700000000000001 0.04791666666666666 0.11666666666666667
2 0.090625 0.55 0.0875 0.1366666666666667
2 0.09322916666666667 0.5575 0.084375 0.13166666666666668
2 0.0765625 0.5591666666666667 0.026041666666666668 0.09166666666666667
2 0.11562499999999999 0.5366666666666667 0.022916666666666665 0.11
2 0.1171875 0.5516666666666667 0.026041666666666668 0.12000000000000001
2 0.15520833333333334 0.5483333333333333 0.0375 0.13333333333333333
2 0.19479166666666667 0.5491666666666667 0.04375 0.12166666666666667
1 0.28020833333333334 0.5408333333333334 0.05 0.07166666666666667
1 0.2817708333333333 0.5366666666666667 0.04479166666666667 0.060000000000000005
2 0.6723958333333333 0.35500000000000004 0.03854166666666667 0.14666666666666667
2 0.7723958333333333 0.545 0.23229166666666667 0.89
1 0.9234375 0.5091666666666667 0.059375 0.1716666666666667
2 0.9609375 0.5758333333333334 0.07395833333333333 0.515