1 0.0359375 0.5483333333333333 0.06770833333333333 0.07333333333333333
7 0.022395833333333334 0.4491666666666667 0.017708333333333333 0.055
7 0.022916666666666665 0.45083333333333336 0.0125 0.04833333333333334
1 0.23541666666666666 0.5225000000000001 0.04791666666666666 0.06166666666666667
7 0.22760416666666666 0.31333333333333335 0.019791666666666666 0.05666666666666667
1 0.3229166666666667 0.5141666666666667 0.03125 0.04833333333333334
4 0.31927083333333334 0.3175 0.019791666666666666 0.058333333333333334
1 0.3546875 0.5108333333333334 0.034375 0.055
4 0.45260416666666664 0.4133333333333334 0.015625 0.05
1 0.7052083333333333 0.5025000000000001 0.16666666666666666 0.15166666666666667
1 0.7807291666666667 0.47250000000000003 0.06145833333333333 0.065
3 0.825 0.24833333333333335 0.03125 0.11