2 0.9684895833333333 0.4733333333333334 0.03177083333333333 0.11833333333333335
2 0.08854166666666667 0.555 0.05 0.14333333333333334
1 0.121875 0.5516666666666667 0.09791666666666667 0.10666666666666667
2 0.08958333333333333 0.55 0.025 0.13
1 0.12239583333333333 0.5566666666666668 0.07604166666666666 0.08333333333333334
1 0.22708333333333333 0.54 0.08541666666666667 0.1
1 0.2864583333333333 0.5275000000000001 0.027083333333333334 0.04833333333333334
1 0.4322916666666667 0.5191666666666667 0.05625 0.06833333333333334
1 0.4359375 0.5191666666666667 0.046875 0.058333333333333334
2 0.5395833333333333 0.5125000000000001 0.025 0.125
2 0.5625 0.5308333333333334 0.020833333333333332 0.11833333333333335
3 0.5828125 0.30833333333333335 0.028125 0.09000000000000001
2 0.5848958333333333 0.5191666666666667 0.019791666666666666 0.125
2 0.6192708333333333 0.5033333333333334 0.028125 0.13