2 0.6005859375 0.5244140625 0.0185546875 0.08203125
2 0.017578125 0.5478515625 0.021484375 0.0849609375
2 0.0205078125 0.5546875 0.017578125 0.0732421875
2 0.0341796875 0.5546875 0.017578125 0.0537109375
2 0.0859375 0.5458984375 0.072265625 0.1787109375
2 0.0654296875 0.5302734375 0.0205078125 0.056640625
1 0.181640625 0.546875 0.15625 0.099609375
2 0.1669921875 0.5380859375 0.064453125 0.1796875
6 0.1748046875 0.412109375 0.0146484375 0.0400390625
1 0.31640625 0.603515625 0.1982421875 0.240234375
1 0.408203125 0.525390625 0.0537109375 0.080078125
1 0.41015625 0.5224609375 0.0556640625 0.0712890625
6 0.4873046875 0.384765625 0.0166015625 0.056640625
2 0.556640625 0.5400390625 0.0302734375 0.16015625
2 0.67578125 0.537109375 0.0361328125 0.1533203125
2 0.701171875 0.51953125 0.046875 0.1748046875
2 0.697265625 0.5205078125 0.033203125 0.171875