1 0.2177734375 0.70703125 0.435546875 0.4921875
2 0.126953125 0.416015625 0.0146484375 0.03125
6 0.150390625 0.3984375 0.0166015625 0.0537109375
1 0.4453125 0.53125 0.0322265625 0.046875
6 0.5263671875 0.37109375 0.01953125 0.068359375
2 0.619140625 0.5302734375 0.017578125 0.0771484375
2 0.640625 0.5244140625 0.0205078125 0.0751953125
2 0.6708984375 0.5341796875 0.0263671875 0.0947265625
1 0.8388671875 0.54296875 0.2568359375 0.1435546875
2 0.8388671875 0.5283203125 0.0439453125 0.240234375
2 0.8916015625 0.525390625 0.0478515625 0.240234375
2 0.9814453125 0.5458984375 0.033203125 0.2216796875