1 0.1265625 0.49500000000000005 0.253125 0.6766666666666667
10 0.12864583333333332 0.4841666666666667 0.25104166666666666 0.6183333333333334
1 0.33177083333333335 0.49583333333333335 0.04895833333333333 0.065
1 0.4979166666666667 0.6266666666666667 0.33125 0.43333333333333335
7 0.35104166666666664 0.30083333333333334 0.01875 0.07166666666666667
6 0.47291666666666665 0.24083333333333334 0.020833333333333332 0.06833333333333334
0 0.6520833333333333 0.49000000000000005 0.03333333333333333 0.09000000000000001
6 0.6463541666666667 0.3691666666666667 0.019791666666666666 0.045000000000000005
1 0.7385416666666667 0.4891666666666667 0.08541666666666667 0.058333333333333334
1 0.8588541666666667 0.5900000000000001 0.278125 0.3466666666666667
6 0.9854166666666666 0.23 0.025 0.09333333333333334