1 0.09375 0.5654296875 0.1474609375 0.1484375
1 0.326171875 0.5810546875 0.2353515625 0.33203125
6 0.4345703125 0.470703125 0.013671875 0.03515625
1 0.4521484375 0.572265625 0.03125 0.1552734375
1 0.494140625 0.5146484375 0.021484375 0.021484375
1 0.5234375 0.5166015625 0.0322265625 0.0498046875
4 0.572265625 0.376953125 0.0205078125 0.0498046875
4 0.5732421875 0.384765625 0.0126953125 0.04296875
1 0.6064453125 0.5146484375 0.0224609375 0.037109375
4 0.6611328125 0.4482421875 0.0146484375 0.037109375
4 0.662109375 0.462890625 0.01171875 0.033203125
4 0.8974609375 0.384765625 0.015625 0.046875
4 0.8984375 0.400390625 0.01171875 0.0478515625
1 0.9462890625 0.498046875 0.1064453125 0.08984375
1 0.9443359375 0.4970703125 0.1044921875 0.06640625