1 0.025390625 0.634765625 0.048828125 0.4365234375
1 0.0205078125 0.642578125 0.0400390625 0.3818359375
1 0.109375 0.5087890625 0.060546875 0.0703125
1 0.107421875 0.5087890625 0.046875 0.0478515625
7 0.099609375 0.3271484375 0.0185546875 0.0498046875
7 0.1025390625 0.3212890625 0.015625 0.0380859375
1 0.1865234375 0.5 0.0537109375 0.0732421875
4 0.193359375 0.330078125 0.015625 0.04296875
4 0.1923828125 0.341796875 0.0146484375 0.037109375
1 0.2275390625 0.5078125 0.037109375 0.0546875
1 0.259765625 0.5048828125 0.0361328125 0.0634765625
4 0.3232421875 0.427734375 0.013671875 0.03125
4 0.328125 0.4384765625 0.0146484375 0.0400390625
1 0.697265625 0.4716796875 0.1005859375 0.0771484375
1 0.6982421875 0.4765625 0.0986328125 0.0634765625
4 0.7431640625 0.2744140625 0.021484375 0.087890625
4 0.74609375 0.306640625 0.0185546875 0.037109375
1 0.791015625 0.4697265625 0.09765625 0.056640625
1 0.798828125 0.474609375 0.0810546875 0.0751953125