1 0.1890625 0.5308333333333334 0.04895833333333333 0.055
1 0.3578125 0.6000000000000001 0.25104166666666666 0.2833333333333333
7 0.2911458333333333 0.2866666666666667 0.019791666666666666 0.060000000000000005
7 0.290625 0.2833333333333333 0.016666666666666666 0.04
6 0.3953125 0.29250000000000004 0.015625 0.04833333333333334
6 0.5583333333333333 0.4083333333333334 0.016666666666666666 0.043333333333333335
2 0.5635416666666666 0.5108333333333334 0.027083333333333334 0.07500000000000001
2 0.5614583333333333 0.5133333333333334 0.01875 0.07
0 0.6588541666666666 0.5166666666666667 0.040625 0.08333333333333334
0 0.6614583333333334 0.5191666666666667 0.022916666666666665 0.08166666666666667
0 0.7609375 0.515 0.07604166666666666 0.09000000000000001
0 0.7598958333333333 0.515 0.051041666666666666 0.08
1 0.865625 0.5116666666666667 0.16666666666666666 0.07333333333333333
6 0.9197916666666667 0.09166666666666667 0.05416666666666667 0.18333333333333335
6 0.9130208333333333 0.060000000000000005 0.03229166666666666 0.12000000000000001
1 0.9640624999999999 0.5008333333333334 0.06979166666666667 0.07166666666666667
2 0.9666666666666667 0.5391666666666667 0.041666666666666664 0.24166666666666667