10 0.0595703125 0.5078125 0.0693359375 0.0712890625
1 0.1240234375 0.50390625 0.0537109375 0.091796875
1 0.142578125 0.5048828125 0.0849609375 0.0830078125
1 0.2177734375 0.537109375 0.16015625 0.193359375
3 0.212890625 0.10546875 0.03515625 0.1396484375
4 0.2119140625 0.0927734375 0.029296875 0.111328125
1 0.330078125 0.50390625 0.0673828125 0.0712890625
1 0.328125 0.5107421875 0.056640625 0.0751953125
3 0.419921875 0.115234375 0.03515625 0.123046875
1 0.47265625 0.533203125 0.10546875 0.1630859375
1 0.533203125 0.505859375 0.0439453125 0.068359375
4 0.7509765625 0.3203125 0.0439453125 0.0966796875
4 0.7509765625 0.2998046875 0.0400390625 0.0830078125