1 0.0263671875 0.666015625 0.0517578125 0.115234375
1 0.0263671875 0.6630859375 0.052734375 0.103515625
1 0.06640625 0.65625 0.0458984375 0.0703125
1 0.068359375 0.65625 0.044921875 0.0869140625
1 0.1435546875 0.658203125 0.0791015625 0.0703125
1 0.1943359375 0.6533203125 0.0439453125 0.06640625
1 0.1962890625 0.650390625 0.0302734375 0.0634765625
1 0.529296875 0.642578125 0.03515625 0.0517578125
1 0.5302734375 0.6455078125 0.0341796875 0.0546875
1 0.5556640625 0.6484375 0.0224609375 0.06640625
1 0.5849609375 0.658203125 0.0595703125 0.0703125
1 0.58984375 0.6572265625 0.064453125 0.0849609375
1 0.6630859375 0.6728515625 0.1123046875 0.10546875
1 0.7802734375 0.6787109375 0.1044921875 0.111328125
1 0.8896484375 0.6826171875 0.1181640625 0.0986328125
1 0.974609375 0.6875 0.0478515625 0.087890625