2 0.09296875 0.5716666666666667 0.04739583333333333 0.19166666666666668
1 0.05520833333333333 0.5833333333333334 0.109375 0.17
1 0.1390625 0.5566666666666668 0.051041666666666666 0.12000000000000001
1 0.16770833333333332 0.555 0.058333333333333334 0.07666666666666667
1 0.18229166666666666 0.5483333333333333 0.052083333333333336 0.08333333333333334
1 0.21979166666666666 0.5416666666666667 0.03958333333333333 0.08333333333333334
1 0.3145833333333333 0.5375000000000001 0.058333333333333334 0.08833333333333333
1 0.42916666666666664 0.5275000000000001 0.07916666666666666 0.058333333333333334
1 0.5036458333333333 0.54 0.040625 0.14666666666666667
1 0.53125 0.5433333333333333 0.08125 0.21333333333333335
1 0.6838541666666667 0.6000000000000001 0.253125 0.2833333333333333
1 0.9145833333333333 0.4733333333333334 0.16875 0.11