2 0.052734375 0.5732421875 0.0263671875 0.103515625
2 0.0703125 0.5595703125 0.0361328125 0.126953125
2 0.1044921875 0.572265625 0.01953125 0.091796875
2 0.16015625 0.5625 0.0283203125 0.10546875
2 0.267578125 0.541015625 0.01953125 0.0517578125
2 0.2880859375 0.5400390625 0.0166015625 0.0498046875
4 0.2958984375 0.455078125 0.015625 0.0400390625
1 0.345703125 0.544921875 0.02734375 0.0498046875
1 0.4130859375 0.5625 0.142578125 0.2080078125
1 0.5 0.5400390625 0.1064453125 0.0771484375
1 0.55859375 0.5556640625 0.052734375 0.1279296875
4 0.5517578125 0.4404296875 0.0185546875 0.0419921875
1 0.62890625 0.58203125 0.1416015625 0.18359375
1 0.6103515625 0.5771484375 0.099609375 0.181640625
1 0.7705078125 0.634765625 0.310546875 0.2802734375
1 0.7490234375 0.6396484375 0.259765625 0.2783203125
2 0.8603515625 0.4931640625 0.0634765625 0.16015625
2 0.857421875 0.478515625 0.0498046875 0.1103515625