1 0.065625 0.56 0.06041666666666667 0.043333333333333335
1 0.07135416666666666 0.56 0.05520833333333333 0.060000000000000005
1 0.16041666666666665 0.5566666666666668 0.027083333333333334 0.043333333333333335
1 0.228125 0.5508333333333334 0.04375 0.058333333333333334
1 0.23072916666666665 0.5558333333333334 0.03854166666666667 0.05166666666666667
1 0.265625 0.5525 0.06041666666666667 0.09833333333333334
1 0.3828125 0.5850000000000001 0.11770833333333333 0.17
7 0.3625 0.29000000000000004 0.027083333333333334 0.07666666666666667
4 0.4927083333333333 0.3141666666666667 0.027083333333333334 0.07500000000000001
1 0.5583333333333333 0.5575 0.08958333333333333 0.195
1 0.6776041666666667 0.5966666666666667 0.203125 0.2366666666666667
4 0.6052083333333333 0.3441666666666667 0.03125 0.07500000000000001
4 0.609375 0.3383333333333334 0.020833333333333332 0.05666666666666667
4 0.7416666666666667 0.44333333333333336 0.022916666666666665 0.05
1 0.7791666666666667 0.5416666666666667 0.0625 0.05666666666666667
1 0.7817708333333333 0.55 0.057291666666666664 0.06333333333333334
1 0.8614583333333333 0.5616666666666666 0.15208333333333332 0.08333333333333334
1 0.9359375 0.8183333333333334 0.12395833333333334 0.36000000000000004
1 0.9385416666666666 0.5291666666666667 0.07291666666666667 0.05166666666666667