1 0.0859375 0.5408333333333334 0.03229166666666666 0.03166666666666667
1 0.11145833333333333 0.5233333333333333 0.022916666666666665 0.02666666666666667
1 0.22760416666666666 0.535 0.057291666666666664 0.07
1 0.26458333333333334 0.48500000000000004 0.016666666666666666 0.023333333333333334
3 0.27239583333333334 0.3516666666666667 0.026041666666666668 0.06666666666666667
7 0.2755208333333333 0.35083333333333333 0.017708333333333333 0.05166666666666667
1 0.2859375 0.5083333333333334 0.019791666666666666 0.02666666666666667
1 0.34010416666666665 0.5316666666666667 0.017708333333333333 0.05666666666666667
1 0.3385416666666667 0.5275000000000001 0.0125 0.05166666666666667
10 0.3671875 0.5075000000000001 0.053125 0.10833333333333334
4 0.37916666666666665 0.33166666666666667 0.016666666666666666 0.05
4 0.46041666666666664 0.3325 0.014583333333333334 0.05166666666666667
1 0.8932291666666666 0.5216666666666667 0.11979166666666667 0.08333333333333334