2 0.986328125 0.630859375 0.0263671875 0.40234375
0 0.0322265625 0.5400390625 0.0478515625 0.080078125
2 0.02734375 0.546875 0.0166015625 0.080078125
0 0.041015625 0.5439453125 0.03125 0.0712890625
2 0.0419921875 0.537109375 0.0146484375 0.0771484375
7 0.0537109375 0.4375 0.01953125 0.0517578125
2 0.0810546875 0.5380859375 0.0244140625 0.080078125
0 0.08203125 0.537109375 0.0107421875 0.068359375
0 0.095703125 0.5390625 0.025390625 0.068359375
0 0.0947265625 0.5380859375 0.0166015625 0.06640625
1 0.171875 0.525390625 0.087890625 0.0732421875
10 0.173828125 0.521484375 0.08203125 0.0830078125
10 0.2392578125 0.51171875 0.056640625 0.056640625
1 0.2451171875 0.515625 0.0625 0.05859375
1 0.2470703125 0.5322265625 0.0576171875 0.0478515625
2 0.28515625 0.513671875 0.0244140625 0.0732421875
10 0.328125 0.4814453125 0.099609375 0.146484375
1 0.4140625 0.51953125 0.0244140625 0.033203125
7 0.4482421875 0.3212890625 0.01953125 0.056640625
1 0.46484375 0.513671875 0.0283203125 0.0400390625
6 0.5185546875 0.3251953125 0.0224609375 0.06640625
1 0.5654296875 0.5078125 0.0888671875 0.091796875
6 0.6552734375 0.408203125 0.021484375 0.0634765625