1 0.13229166666666667 0.5583333333333333 0.05 0.06333333333333334
1 0.13229166666666667 0.5533333333333333 0.04583333333333333 0.043333333333333335
1 0.2375 0.5375000000000001 0.035416666666666666 0.04833333333333334
6 0.29583333333333334 0.4 0.014583333333333334 0.043333333333333335
7 0.3 0.4008333333333334 0.016666666666666666 0.055
1 0.35572916666666665 0.5375000000000001 0.034375 0.045000000000000005
4 0.3598958333333333 0.4041666666666667 0.019791666666666666 0.05166666666666667
4 0.3614583333333333 0.4116666666666667 0.014583333333333334 0.03666666666666667
1 0.4015625 0.5291666666666667 0.036458333333333336 0.04166666666666667
4 0.4140625 0.4108333333333334 0.017708333333333333 0.04833333333333334
4 0.4145833333333333 0.42000000000000004 0.01875 0.04
1 0.47760416666666666 0.535 0.034375 0.060000000000000005
1 0.5354166666666667 0.55 0.1 0.10333333333333335
1 0.521875 0.4716666666666667 0.020833333333333332 0.04666666666666667
4 0.521875 0.4766666666666667 0.014583333333333334 0.03666666666666667
1 0.646875 0.5416666666666667 0.07708333333333334 0.07666666666666667
4 0.6291666666666667 0.43833333333333335 0.016666666666666666 0.04666666666666667
1 0.8416666666666667 0.5700000000000001 0.19583333333333333 0.1366666666666667