1 0.08541666666666667 0.5525 0.04791666666666666 0.07833333333333334
1 0.09114583333333333 0.55 0.04895833333333333 0.06333333333333334
2 0.11302083333333333 0.5650000000000001 0.034375 0.14333333333333334
1 0.16145833333333334 0.5458333333333334 0.1 0.125
1 0.209375 0.5308333333333334 0.022916666666666665 0.04166666666666667
1 0.2953125 0.5233333333333333 0.03854166666666667 0.060000000000000005
1 0.2953125 0.5233333333333333 0.036458333333333336 0.05333333333333334
1 0.37395833333333334 0.535 0.07083333333333333 0.11
6 0.47239583333333335 0.35250000000000004 0.021875 0.085
2 0.6223958333333334 0.5275000000000001 0.036458333333333336 0.14166666666666666
2 0.7276041666666666 0.5129166666666667 0.026041666666666668 0.1125
2 0.9494791666666667 0.505 0.034375 0.15000000000000002