1 0.177734375 0.490234375 0.056640625 0.0771484375
1 0.2080078125 0.51171875 0.0634765625 0.046875
1 0.2080078125 0.513671875 0.0634765625 0.04296875
1 0.2587890625 0.5126953125 0.068359375 0.091796875
1 0.2578125 0.51171875 0.0673828125 0.080078125
1 0.3037109375 0.5087890625 0.025390625 0.06640625
4 0.365234375 0.447265625 0.0126953125 0.03125
4 0.3662109375 0.447265625 0.0126953125 0.03125
1 0.4248046875 0.4970703125 0.03515625 0.0537109375
1 0.5263671875 0.5234375 0.126953125 0.1796875
4 0.505859375 0.3857421875 0.0185546875 0.03125
4 0.5087890625 0.3857421875 0.0126953125 0.03125
4 0.5712890625 0.4462890625 0.0166015625 0.0263671875
4 0.572265625 0.4482421875 0.01171875 0.0302734375
1 0.59765625 0.5185546875 0.0478515625 0.0703125
4 0.58984375 0.4248046875 0.01953125 0.0498046875
4 0.58984375 0.4287109375 0.0126953125 0.021484375