1 0.025390625 0.568359375 0.05078125 0.0703125
1 0.171875 0.564453125 0.09375 0.111328125
1 0.2294921875 0.55859375 0.0498046875 0.0703125
1 0.2880859375 0.537109375 0.037109375 0.0498046875
1 0.3505859375 0.5341796875 0.087890625 0.0654296875
1 0.419921875 0.515625 0.02734375 0.03515625
1 0.50390625 0.541015625 0.0302734375 0.0751953125
2 0.6240234375 0.509765625 0.02734375 0.09375
2 0.6259765625 0.51953125 0.03125 0.10546875
2 0.720703125 0.537109375 0.04296875 0.1533203125
2 0.92578125 0.6396484375 0.1455078125 0.6787109375
2 0.9267578125 0.6435546875 0.142578125 0.669921875