1 0.0498046875 0.5009765625 0.099609375 0.111328125
1 0.14453125 0.5146484375 0.103515625 0.05859375
4 0.3017578125 0.4052734375 0.0146484375 0.0595703125
4 0.3037109375 0.416015625 0.0185546875 0.0380859375
1 0.4287109375 0.4912109375 0.03515625 0.0517578125
1 0.509765625 0.486328125 0.03125 0.04296875
4 0.548828125 0.314453125 0.017578125 0.0478515625
4 0.5498046875 0.3271484375 0.0185546875 0.03125
1 0.6044921875 0.4892578125 0.0478515625 0.0712890625
1 0.7421875 0.5595703125 0.2255859375 0.306640625
4 0.6552734375 0.400390625 0.0126953125 0.0419921875
4 0.74609375 0.3359375 0.0263671875 0.0751953125
4 0.74609375 0.35546875 0.017578125 0.04296875