1 0.0556640625 0.5615234375 0.064453125 0.0537109375
1 0.10546875 0.5537109375 0.0400390625 0.0478515625
1 0.3955078125 0.55078125 0.095703125 0.134765625
1 0.5068359375 0.53125 0.0400390625 0.0869140625
1 0.5166015625 0.5341796875 0.0537109375 0.078125
1 0.5322265625 0.5546875 0.0380859375 0.0732421875
1 0.57421875 0.5390625 0.10546875 0.1279296875
1 0.5595703125 0.546875 0.037109375 0.13671875
1 0.6083984375 0.55078125 0.0732421875 0.1083984375
1 0.59765625 0.5732421875 0.041015625 0.146484375
1 0.728515625 0.5703125 0.2490234375 0.169921875
1 0.7353515625 0.5732421875 0.24609375 0.1630859375
2 0.7880859375 0.4716796875 0.0205078125 0.0537109375