1 0.1220703125 0.5048828125 0.056640625 0.04296875
1 0.4501953125 0.5087890625 0.0205078125 0.046875
1 0.4736328125 0.5078125 0.0341796875 0.0478515625
1 0.5380859375 0.486328125 0.0283203125 0.037109375
6 0.564453125 0.3642578125 0.0166015625 0.0478515625
5 0.5712890625 0.0263671875 0.029296875 0.052734375
6 0.6513671875 0.3603515625 0.013671875 0.0517578125
6 0.728515625 0.412109375 0.0185546875 0.0546875
6 0.80078125 0.0810546875 0.029296875 0.115234375
1 0.8466796875 0.4912109375 0.05859375 0.0546875
1 0.91796875 0.48828125 0.0830078125 0.0634765625
1 0.978515625 0.4873046875 0.037109375 0.0478515625