1 0.080078125 0.6025390625 0.1591796875 0.248046875
6 0.15234375 0.4443359375 0.017578125 0.0419921875
1 0.2021484375 0.544921875 0.076171875 0.080078125
1 0.19921875 0.5 0.0556640625 0.056640625
1 0.2080078125 0.5419921875 0.0732421875 0.0703125
1 0.2861328125 0.537109375 0.0830078125 0.103515625
1 0.287109375 0.537109375 0.0849609375 0.0966796875
7 0.361328125 0.3779296875 0.015625 0.0478515625
6 0.36328125 0.3720703125 0.0146484375 0.037109375
4 0.4287109375 0.3759765625 0.0205078125 0.0478515625
4 0.4306640625 0.388671875 0.0185546875 0.0302734375
4 0.529296875 0.4462890625 0.0244140625 0.0498046875
4 0.53125 0.4580078125 0.0146484375 0.033203125
4 0.6044921875 0.400390625 0.01953125 0.0546875
4 0.603515625 0.4130859375 0.0146484375 0.0302734375
1 0.6513671875 0.50390625 0.08203125 0.0517578125
1 0.6494140625 0.5009765625 0.0751953125 0.05859375
1 0.7080078125 0.5029296875 0.0380859375 0.046875
1 0.712890625 0.498046875 0.044921875 0.037109375
1 0.7685546875 0.5029296875 0.044921875 0.0537109375
1 0.7880859375 0.4931640625 0.068359375 0.0498046875
1 0.8291015625 0.5 0.0908203125 0.0537109375
1 0.833984375 0.49609375 0.0849609375 0.0419921875
1 0.904296875 0.4921875 0.052734375 0.044921875