2 0.0419921875 0.5458984375 0.0283203125 0.111328125
1 0.1875 0.5478515625 0.1123046875 0.10546875
3 0.1474609375 0.3984375 0.0166015625 0.0537109375
1 0.30078125 0.6357421875 0.2646484375 0.3154296875
1 0.453125 0.5283203125 0.0185546875 0.033203125
3 0.52734375 0.3720703125 0.01953125 0.068359375
2 0.662109375 0.52734375 0.0166015625 0.0751953125
2 0.6748046875 0.5390625 0.0263671875 0.0947265625
2 0.6884765625 0.5224609375 0.0205078125 0.0751953125
2 0.78515625 0.5419921875 0.0517578125 0.236328125
2 0.845703125 0.5380859375 0.0478515625 0.240234375
2 0.8935546875 0.5419921875 0.0498046875 0.212890625
2 0.9638671875 0.546875 0.04296875 0.2236328125