5 0.7607421875 0.306640625 0.029296875 0.0888671875
1 0.9833984375 0.5126953125 0.03125 0.0595703125
1 0.9287109375 0.5009765625 0.033203125 0.041015625
1 0.8916015625 0.4873046875 0.03125 0.037109375
1 0.849609375 0.5 0.0390625 0.0419921875
1 0.228515625 0.548828125 0.142578125 0.1220703125
1 0.3408203125 0.53515625 0.0625 0.0830078125
10 0.4609375 0.4892578125 0.228515625 0.2021484375
1 0.5185546875 0.5263671875 0.12890625 0.146484375
1 0.58984375 0.5146484375 0.06640625 0.099609375
1 0.634765625 0.5126953125 0.0693359375 0.0947265625