1 0.8955729166666666 0.7283333333333334 0.20781249999999998 0.45833333333333337
1 0.12447916666666667 0.5608333333333334 0.14270833333333333 0.14500000000000002
1 0.21354166666666666 0.5466666666666667 0.06875 0.12000000000000001
1 0.209375 0.5516666666666667 0.06041666666666667 0.10333333333333335
1 0.2708333333333333 0.5433333333333333 0.05416666666666667 0.09666666666666668
1 0.3104166666666667 0.5366666666666667 0.03958333333333333 0.07
1 0.42083333333333334 0.5525 0.08333333333333333 0.10500000000000001
1 0.47760416666666666 0.5241666666666667 0.06354166666666666 0.115
10 0.47552083333333334 0.5283333333333333 0.059375 0.08333333333333334
1 0.6458333333333334 0.5775 0.16666666666666666 0.18500000000000003
1 0.6489583333333333 0.5800000000000001 0.16666666666666666 0.16333333333333333
1 0.7333333333333333 0.51 0.07083333333333333 0.09000000000000001
1 0.8463541666666666 0.515 0.11562499999999999 0.14333333333333334