10 0.06354166666666666 0.48250000000000004 0.12708333333333333 0.18166666666666667
1 0.11458333333333333 0.5625 0.10625 0.11166666666666668
1 0.17864583333333334 0.48000000000000004 0.13020833333333334 0.13
1 0.28489583333333335 0.6241666666666668 0.290625 0.34500000000000003
1 0.38385416666666666 0.49750000000000005 0.15729166666666666 0.26166666666666666
1 0.43333333333333335 0.52 0.07708333333333334 0.26
1 0.5114583333333333 0.54 0.06041666666666667 0.08333333333333334
1 0.53125 0.5333333333333333 0.029166666666666667 0.11
1 0.5744791666666667 0.5266666666666667 0.08854166666666667 0.16
1 0.6541666666666667 0.5575 0.175 0.18166666666666667
10 0.7479166666666667 0.47750000000000004 0.11041666666666666 0.19833333333333333
1 0.7536458333333333 0.4816666666666667 0.10729166666666666 0.18000000000000002