10 0.0673828125 0.5380859375 0.134765625 0.177734375
1 0.14453125 0.5888671875 0.0810546875 0.0654296875
1 0.2041015625 0.58203125 0.0478515625 0.0634765625
1 0.2373046875 0.576171875 0.03125 0.0546875
1 0.291015625 0.57421875 0.03125 0.0380859375
3 0.3251953125 0.2529296875 0.0244140625 0.0771484375
1 0.3876953125 0.5947265625 0.134765625 0.1796875
4 0.46484375 0.2880859375 0.0224609375 0.0703125
1 0.4755859375 0.5556640625 0.03125 0.0478515625
1 0.7509765625 0.58203125 0.3408203125 0.33984375
4 0.6552734375 0.4130859375 0.0224609375 0.06640625