1 0.1875 0.4912109375 0.03515625 0.078125
1 0.240234375 0.498046875 0.0771484375 0.0634765625
1 0.2333984375 0.5 0.0634765625 0.046875
1 0.2880859375 0.5029296875 0.0625 0.0654296875
1 0.287109375 0.5029296875 0.05859375 0.09375
1 0.3330078125 0.5029296875 0.025390625 0.06640625
4 0.3720703125 0.447265625 0.0126953125 0.03125
4 0.373046875 0.4443359375 0.0126953125 0.03125
1 0.427734375 0.48828125 0.03515625 0.0537109375
1 0.5263671875 0.5048828125 0.126953125 0.1796875
4 0.505859375 0.3876953125 0.0185546875 0.03125
4 0.5087890625 0.380859375 0.0126953125 0.03125
4 0.564453125 0.44140625 0.01171875 0.0302734375
4 0.5673828125 0.4404296875 0.0166015625 0.0263671875
1 0.58984375 0.5068359375 0.0478515625 0.0703125
4 0.5830078125 0.4169921875 0.0166015625 0.046875
4 0.58203125 0.427734375 0.0126953125 0.021484375
1 0.853515625 0.587890625 0.2880859375 0.39453125