5 0.06770833333333333 0.44083333333333335 0.014583333333333334 0.03833333333333334
1 0.17239583333333333 0.49833333333333335 0.057291666666666664 0.05666666666666667
1 0.23697916666666666 0.49833333333333335 0.046875 0.05333333333333334
1 0.28854166666666664 0.49750000000000005 0.052083333333333336 0.058333333333333334
1 0.2953125 0.49833333333333335 0.04895833333333333 0.05666666666666667
1 0.3203125 0.48750000000000004 0.03229166666666666 0.045000000000000005
5 0.3364583333333333 0.3458333333333334 0.01875 0.045000000000000005
5 0.33958333333333335 0.33916666666666667 0.014583333333333334 0.04833333333333334
1 0.3848958333333333 0.5 0.042708333333333334 0.05333333333333334
4 0.40781249999999997 0.35083333333333333 0.017708333333333333 0.04166666666666667
4 0.409375 0.34500000000000003 0.0125 0.043333333333333335
1 0.43124999999999997 0.49750000000000005 0.03958333333333333 0.05166666666666667
1 0.44635416666666666 0.4916666666666667 0.030208333333333334 0.043333333333333335
1 0.49635416666666665 0.49500000000000005 0.030208333333333334 0.04666666666666667
4 0.5958333333333333 0.42833333333333334 0.014583333333333334 0.03333333333333333
4 0.5994791666666667 0.42833333333333334 0.013541666666666667 0.04
2 0.678125 0.5075000000000001 0.027083333333333334 0.07166666666666667
4 0.7161458333333334 0.3591666666666667 0.021875 0.08166666666666667
4 0.7203125 0.35833333333333334 0.028125 0.07333333333333333