1 0.9463541666666666 0.7000000000000001 0.10625 0.4066666666666667
1 0.259375 0.4633333333333334 0.08958333333333333 0.1366666666666667
10 0.25885416666666666 0.4741666666666667 0.08854166666666667 0.13166666666666668
1 0.340625 0.4891666666666667 0.1 0.135
7 0.36666666666666664 0.39416666666666667 0.014583333333333334 0.035
1 0.3927083333333333 0.4966666666666667 0.03125 0.06666666666666667
4 0.41302083333333334 0.3975 0.015625 0.035
1 0.47239583333333335 0.5091666666666667 0.09270833333333334 0.12166666666666667
4 0.4479166666666667 0.3983333333333334 0.014583333333333334 0.03666666666666667
0 0.5369791666666667 0.48333333333333334 0.026041666666666668 0.06333333333333334
4 0.5348958333333333 0.45 0.013541666666666667 0.030000000000000002
4 0.5489583333333333 0.4341666666666667 0.016666666666666666 0.04166666666666667
1 0.7411458333333333 0.48250000000000004 0.046875 0.058333333333333334
1 0.8781249999999999 0.49833333333333335 0.13125 0.10666666666666667