10 0.06302083333333333 0.4808333333333334 0.12604166666666666 0.17500000000000002
1 0.11510416666666666 0.56 0.10104166666666667 0.10666666666666667
1 0.18020833333333333 0.4841666666666667 0.13541666666666666 0.13166666666666668
1 0.2833333333333333 0.6233333333333334 0.28125 0.33666666666666667
1 0.38385416666666666 0.49750000000000005 0.15729166666666666 0.26166666666666666
1 0.43333333333333335 0.52 0.07708333333333334 0.26
1 0.5140625 0.5408333333333334 0.06354166666666666 0.08166666666666667
1 0.53125 0.5333333333333333 0.029166666666666667 0.11
1 0.5786458333333333 0.5275000000000001 0.09479166666666666 0.15166666666666667
1 0.653125 0.5566666666666668 0.17291666666666666 0.17666666666666667
10 0.7489583333333333 0.48000000000000004 0.11041666666666666 0.19666666666666668
1 0.7526041666666666 0.48000000000000004 0.103125 0.17333333333333334