1 0.037109375 0.5751953125 0.0517578125 0.0537109375
1 0.197265625 0.5615234375 0.1005859375 0.1103515625
3 0.2626953125 0.2763671875 0.0322265625 0.0830078125
7 0.263671875 0.2734375 0.025390625 0.0771484375
1 0.306640625 0.48828125 0.0146484375 0.01953125
1 0.3115234375 0.513671875 0.01953125 0.0263671875
1 0.369140625 0.5361328125 0.0185546875 0.0546875
1 0.3701171875 0.537109375 0.0185546875 0.0498046875
10 0.400390625 0.5283203125 0.056640625 0.1103515625
4 0.4228515625 0.2470703125 0.025390625 0.0771484375
4 0.5458984375 0.2529296875 0.0224609375 0.08203125