1 0.0712890625 0.51953125 0.037109375 0.0400390625
1 0.080078125 0.5205078125 0.044921875 0.0478515625
1 0.1220703125 0.4794921875 0.0244140625 0.03515625
5 0.177734375 0.4775390625 0.0244140625 0.068359375
10 0.232421875 0.5029296875 0.1025390625 0.1796875
7 0.3056640625 0.4423828125 0.0185546875 0.0478515625
5 0.3046875 0.4375 0.01171875 0.0419921875
1 0.31640625 0.46875 0.021484375 0.0234375
1 0.357421875 0.5029296875 0.0478515625 0.0869140625
1 0.3662109375 0.4658203125 0.02734375 0.021484375
1 0.3662109375 0.4521484375 0.0185546875 0.01953125
1 0.4169921875 0.533203125 0.09375 0.1396484375
1 0.4345703125 0.462890625 0.0185546875 0.0234375
1 0.458984375 0.4677734375 0.0283203125 0.0380859375
1 0.458984375 0.4658203125 0.029296875 0.03515625
4 0.474609375 0.333984375 0.0166015625 0.0478515625
4 0.474609375 0.3349609375 0.013671875 0.046875
1 0.4892578125 0.4794921875 0.0322265625 0.03125
1 0.529296875 0.4853515625 0.0439453125 0.046875
4 0.5771484375 0.4140625 0.0126953125 0.03515625
1 0.6884765625 0.4921875 0.0908203125 0.0517578125