1 0.033203125 0.529296875 0.064453125 0.076171875
1 0.1015625 0.51953125 0.0615234375 0.0419921875
1 0.1103515625 0.5185546875 0.0693359375 0.0703125
4 0.16015625 0.3828125 0.0224609375 0.0615234375
4 0.1591796875 0.380859375 0.0146484375 0.044921875
6 0.1826171875 0.3759765625 0.0185546875 0.0546875
1 0.2587890625 0.51953125 0.05078125 0.0849609375
1 0.2509765625 0.51953125 0.0341796875 0.0751953125
1 0.2744140625 0.521484375 0.0615234375 0.0732421875
1 0.2841796875 0.521484375 0.0654296875 0.08984375
1 0.3828125 0.5419921875 0.1826171875 0.2529296875
3 0.3837890625 0.2978515625 0.0263671875 0.0732421875
6 0.380859375 0.2958984375 0.0166015625 0.0478515625
10 0.599609375 0.4521484375 0.197265625 0.3203125