1 0.1390625 0.5608333333333334 0.15729166666666666 0.18166666666666667
1 0.13541666666666666 0.56 0.14375 0.17
1 0.22343749999999998 0.5625 0.042708333333333334 0.08833333333333333
1 0.2296875 0.5491666666666667 0.03229166666666666 0.08166666666666667
1 0.2526041666666667 0.5650000000000001 0.03229166666666666 0.08
1 0.28072916666666664 0.545 0.051041666666666666 0.09000000000000001
1 0.35 0.5375000000000001 0.03333333333333333 0.07166666666666667
1 0.3770833333333333 0.5341666666666667 0.022916666666666665 0.04833333333333334
1 0.4515625 0.5333333333333333 0.046875 0.05
10 0.5072916666666667 0.5183333333333333 0.052083333333333336 0.10333333333333335
1 0.5354166666666667 0.5466666666666667 0.04583333333333333 0.09333333333333334
1 0.5916666666666667 0.5366666666666667 0.1125 0.18000000000000002
1 0.590625 0.5383333333333333 0.10625 0.18666666666666668
1 0.6770833333333334 0.5833333333333334 0.17291666666666666 0.18666666666666668