1 0.03229166666666666 0.6033333333333334 0.06458333333333333 0.08
1 0.06875 0.5900000000000001 0.08333333333333333 0.11
1 0.084375 0.5941666666666667 0.05 0.09833333333333334
1 0.1296875 0.5991666666666667 0.046875 0.08833333333333333
1 0.16197916666666667 0.5325000000000001 0.08229166666666667 0.065
1 0.16510416666666666 0.6000000000000001 0.03229166666666666 0.060000000000000005
1 0.21822916666666667 0.5533333333333333 0.078125 0.05666666666666667
1 0.21354166666666666 0.5833333333333334 0.041666666666666664 0.08333333333333334
10 0.38958333333333334 0.44833333333333336 0.2916666666666667 0.61
2 0.5505208333333333 0.5691666666666667 0.02395833333333333 0.12166666666666667
2 0.5630208333333333 0.5775 0.017708333333333333 0.115
2 0.7651041666666667 0.5291666666666667 0.040625 0.06166666666666667
2 0.9557291666666666 0.5533333333333333 0.046875 0.10666666666666667
2 0.953125 0.5583333333333333 0.025 0.12000000000000001
2 0.9854166666666666 0.555 0.025 0.17