10 0.0615234375 0.486328125 0.123046875 0.1796875
10 0.05859375 0.4921875 0.1162109375 0.1845703125
1 0.1748046875 0.46875 0.115234375 0.1201171875
10 0.1845703125 0.478515625 0.12890625 0.1162109375
1 0.1884765625 0.5556640625 0.095703125 0.1416015625
1 0.302734375 0.6044921875 0.2275390625 0.2880859375
10 0.40234375 0.52734375 0.12890625 0.19140625
1 0.43359375 0.51953125 0.0771484375 0.259765625
1 0.5087890625 0.537109375 0.056640625 0.0771484375
1 0.53125 0.533203125 0.029296875 0.1103515625
1 0.5859375 0.53125 0.107421875 0.1513671875
1 0.654296875 0.5595703125 0.171875 0.171875
10 0.755859375 0.490234375 0.1044921875 0.1865234375