1 0.10182291666666667 0.5595833333333333 0.18072916666666666 0.15583333333333335
1 0.315625 0.5275000000000001 0.07708333333333334 0.08833333333333333
7 0.3 0.24083333333333334 0.027083333333333334 0.095
1 0.39947916666666666 0.5308333333333334 0.06354166666666666 0.09166666666666667
1 0.490625 0.5425 0.14583333333333334 0.18166666666666667
3 0.4817708333333333 0.15166666666666667 0.030208333333333334 0.09333333333333334
1 0.6729166666666666 0.5408333333333334 0.12708333333333333 0.15166666666666667
3 0.7385416666666667 0.3416666666666667 0.027083333333333334 0.06333333333333334
0 0.75 0.5133333333333334 0.035416666666666666 0.11333333333333334
1 0.7869791666666667 0.5108333333333334 0.057291666666666664 0.058333333333333334
1 0.8348958333333333 0.52 0.11354166666666667 0.08