2 0.03515625 0.5283203125 0.0244140625 0.0732421875
2 0.0322265625 0.52734375 0.015625 0.0712890625
2 0.0458984375 0.53125 0.037109375 0.134765625
2 0.0625 0.52734375 0.0185546875 0.05859375
2 0.072265625 0.53515625 0.017578125 0.0537109375
2 0.1201171875 0.5234375 0.0146484375 0.056640625
2 0.134765625 0.5185546875 0.0166015625 0.0634765625
2 0.1591796875 0.5146484375 0.0126953125 0.0546875
6 0.193359375 0.412109375 0.0146484375 0.0400390625
1 0.255859375 0.52734375 0.0419921875 0.0546875
1 0.259765625 0.5283203125 0.037109375 0.0537109375
1 0.3369140625 0.5595703125 0.142578125 0.1748046875
2 0.3779296875 0.4775390625 0.0146484375 0.021484375
1 0.421875 0.5048828125 0.068359375 0.0732421875
2 0.4716796875 0.5341796875 0.0341796875 0.111328125
6 0.4697265625 0.38671875 0.015625 0.0537109375
2 0.5048828125 0.5107421875 0.03515625 0.125
2 0.505859375 0.5185546875 0.037109375 0.126953125
2 0.5712890625 0.5068359375 0.0166015625 0.0732421875
2 0.6015625 0.5263671875 0.01953125 0.0830078125
2 0.80859375 0.455078125 0.025390625 0.09375
2 0.8212890625 0.4697265625 0.0341796875 0.11328125
2 0.86328125 0.44921875 0.02734375 0.1181640625