1 0.13333333333333333 0.5783333333333334 0.26666666666666666 0.2733333333333334
1 0.2625 0.49583333333333335 0.12083333333333333 0.07166666666666667
1 0.2625 0.5 0.1 0.05666666666666667
1 0.4947916666666667 0.5083333333333334 0.05625 0.07666666666666667
1 0.5296875 0.5066666666666667 0.028125 0.06333333333333334
1 0.5625 0.5033333333333334 0.04375 0.05
1 0.5885416666666666 0.5016666666666667 0.025 0.043333333333333335
1 0.6203125 0.5016666666666667 0.051041666666666666 0.06333333333333334
1 0.621875 0.49583333333333335 0.0375 0.04166666666666667
1 0.7494791666666667 0.5108333333333334 0.030208333333333334 0.065
1 0.79375 0.5183333333333333 0.06666666666666667 0.08
1 0.7989583333333333 0.5216666666666667 0.07708333333333334 0.07333333333333333
1 0.8859374999999999 0.5425 0.146875 0.14166666666666666
1 0.9010416666666666 0.5408333333333334 0.16041666666666665 0.16166666666666668