10 0.0640625 0.4841666666666667 0.128125 0.18500000000000003
1 0.1140625 0.5633333333333334 0.109375 0.11333333333333334
1 0.178125 0.47750000000000004 0.12708333333333333 0.12833333333333335
1 0.2864583333333333 0.6241666666666668 0.29791666666666666 0.3516666666666667
1 0.38385416666666666 0.49750000000000005 0.15729166666666666 0.26166666666666666
1 0.43333333333333335 0.52 0.07708333333333334 0.26
1 0.509375 0.5383333333333333 0.058333333333333334 0.08666666666666667
1 0.53125 0.5333333333333333 0.029166666666666667 0.11
1 0.571875 0.5266666666666667 0.08333333333333333 0.16666666666666669
1 0.6546875 0.5575 0.17604166666666665 0.18500000000000003
10 0.7479166666666667 0.47500000000000003 0.11041666666666666 0.19666666666666668
1 0.7546875 0.4841666666666667 0.109375 0.18500000000000003