1 0.5088541666666666 0.5383333333333333 0.040625 0.05
1 0.18541666666666667 0.6383333333333334 0.3697916666666667 0.63
1 0.3953125 0.5758333333333334 0.14479166666666665 0.21500000000000002
7 0.346875 0.4366666666666667 0.01875 0.05666666666666667
4 0.4744791666666667 0.35750000000000004 0.015625 0.055
3 0.5244791666666666 0.43250000000000005 0.017708333333333333 0.05166666666666667
3 0.7041666666666666 0.31333333333333335 0.041666666666666664 0.12000000000000001
2 0.7109375 0.5266666666666667 0.021875 0.06333333333333334
2 0.7307291666666667 0.5283333333333333 0.021875 0.07666666666666667
1 0.9020833333333333 0.535 0.11041666666666666 0.11
1 0.9406249999999999 0.5441666666666667 0.10833333333333334 0.11166666666666668
1 0.9729166666666667 0.5341666666666667 0.052083333333333336 0.10166666666666667