1 0.0576171875 0.66015625 0.11328125 0.3271484375
1 0.408203125 0.5537109375 0.09375 0.1103515625
4 0.396484375 0.435546875 0.0107421875 0.03125
4 0.3974609375 0.43359375 0.01171875 0.0234375
4 0.4384765625 0.4404296875 0.009765625 0.0234375
4 0.439453125 0.443359375 0.0107421875 0.0263671875
4 0.4814453125 0.4853515625 0.0126953125 0.0302734375
4 0.4912109375 0.47265625 0.009765625 0.03515625
4 0.4921875 0.4716796875 0.009765625 0.033203125
2 0.505859375 0.53515625 0.0126953125 0.0634765625
2 0.5048828125 0.5390625 0.0107421875 0.0654296875
2 0.5166015625 0.541015625 0.0126953125 0.0654296875
2 0.5185546875 0.5361328125 0.009765625 0.0654296875
2 0.5283203125 0.5341796875 0.0126953125 0.05859375
2 0.5302734375 0.5380859375 0.0126953125 0.06640625
2 0.5419921875 0.53125 0.0146484375 0.0615234375
2 0.5419921875 0.537109375 0.01171875 0.06640625