2 0.16015625 0.5439453125 0.01171875 0.044921875
1 0.2822265625 0.5390625 0.0537109375 0.03515625
1 0.2822265625 0.537109375 0.0498046875 0.0400390625
10 0.2861328125 0.51953125 0.0419921875 0.0498046875
10 0.2890625 0.5224609375 0.0283203125 0.0546875
1 0.388671875 0.5341796875 0.0419921875 0.0517578125
1 0.3916015625 0.53125 0.029296875 0.03125
1 0.4296875 0.5380859375 0.0556640625 0.0537109375
1 0.4658203125 0.525390625 0.029296875 0.0517578125
1 0.4892578125 0.53125 0.041015625 0.056640625
1 0.5244140625 0.53125 0.0595703125 0.0634765625