2 0.9153645833333334 0.52125 0.0171875 0.06583333333333334
1 0.1796875 0.5258333333333334 0.040625 0.03833333333333334
1 0.25104166666666666 0.5216666666666667 0.05625 0.060000000000000005
1 0.3177083333333333 0.5233333333333333 0.04791666666666666 0.043333333333333335
1 0.31927083333333334 0.5166666666666667 0.04895833333333333 0.04666666666666667
6 0.31875 0.4733333333333334 0.025 0.05
3 0.315625 0.4808333333333334 0.016666666666666666 0.05166666666666667
1 0.3880208333333333 0.5091666666666667 0.05520833333333333 0.04166666666666667
1 0.4276041666666667 0.5183333333333333 0.021875 0.043333333333333335
6 0.43333333333333335 0.3375 0.016666666666666666 0.035
1 0.4671875 0.5325000000000001 0.06354166666666666 0.09166666666666667
6 0.5078125 0.4366666666666667 0.015625 0.04
6 0.5125 0.3591666666666667 0.016666666666666666 0.04166666666666667
1 0.5317708333333333 0.5275000000000001 0.046875 0.095
1 0.5213541666666667 0.53 0.019791666666666666 0.06333333333333334
1 0.5536458333333333 0.5375000000000001 0.04479166666666667 0.07166666666666667
1 0.5463541666666667 0.5391666666666667 0.021875 0.06166666666666667
6 0.5520833333333334 0.4758333333333334 0.010416666666666666 0.028333333333333335
1 0.5822916666666667 0.5508333333333334 0.058333333333333334 0.08833333333333333
1 0.5739583333333333 0.5491666666666667 0.027083333333333334 0.085
1 0.6484375 0.5625 0.12395833333333334 0.11833333333333335
6 0.6130208333333333 0.44083333333333335 0.015625 0.04166666666666667
6 0.6479166666666667 0.42083333333333334 0.016666666666666666 0.035
2 0.9921875 0.5108333333333334 0.013541666666666667 0.07833333333333334