1 0.06822916666666666 0.56125 0.13541666666666666 0.15916666666666668
1 0.17760416666666667 0.5558333333333334 0.10520833333333333 0.11833333333333335
1 0.17447916666666666 0.5466666666666667 0.09479166666666666 0.09333333333333334
1 0.26875 0.5316666666666667 0.08541666666666667 0.1
1 0.26510416666666664 0.52 0.06979166666666667 0.09000000000000001
1 0.31354166666666666 0.525 0.0375 0.07333333333333333
1 0.31979166666666664 0.5233333333333333 0.03333333333333333 0.07666666666666667
1 0.34791666666666665 0.51 0.05 0.060000000000000005
1 0.3536458333333333 0.515 0.040625 0.06666666666666667
1 0.4895833333333333 0.51 0.04791666666666666 0.09000000000000001
1 0.5473958333333333 0.5175000000000001 0.021875 0.058333333333333334
1 0.5802083333333333 0.5166666666666667 0.07291666666666667 0.08