1 0.0830078125 0.6162109375 0.166015625 0.21875
1 0.2080078125 0.599609375 0.099609375 0.1318359375
2 0.2861328125 0.55078125 0.0166015625 0.0712890625
2 0.30078125 0.552734375 0.015625 0.068359375
2 0.3603515625 0.5498046875 0.017578125 0.0732421875
2 0.365234375 0.55078125 0.017578125 0.0712890625
1 0.40234375 0.5595703125 0.0458984375 0.0634765625
1 0.4306640625 0.55078125 0.025390625 0.05859375
1 0.55859375 0.5419921875 0.05078125 0.080078125
1 0.59765625 0.529296875 0.0244140625 0.044921875
1 0.642578125 0.5439453125 0.041015625 0.068359375
1 0.6748046875 0.5634765625 0.0322265625 0.1162109375
1 0.7001953125 0.5693359375 0.04296875 0.134765625
1 0.7646484375 0.587890625 0.1201171875 0.21484375
1 0.8935546875 0.642578125 0.205078125 0.3818359375