1 0.0859375 0.4970703125 0.041015625 0.05859375
1 0.1513671875 0.4970703125 0.0595703125 0.0634765625
1 0.1533203125 0.4990234375 0.0478515625 0.0478515625
1 0.21875 0.4873046875 0.0732421875 0.08203125
1 0.224609375 0.48828125 0.068359375 0.0732421875
3 0.2333984375 0.2412109375 0.01953125 0.0546875
1 0.2646484375 0.4912109375 0.0224609375 0.056640625
1 0.2939453125 0.490234375 0.044921875 0.0498046875
1 0.2958984375 0.490234375 0.0419921875 0.04296875
1 0.341796875 0.4892578125 0.015625 0.021484375
4 0.3466796875 0.244140625 0.0185546875 0.0517578125
4 0.34765625 0.2451171875 0.0205078125 0.0537109375
1 0.357421875 0.4853515625 0.0244140625 0.037109375
4 0.4345703125 0.2626953125 0.017578125 0.05859375
4 0.4345703125 0.2666015625 0.0166015625 0.0595703125
1 0.5244140625 0.4853515625 0.03125 0.0498046875
1 0.59765625 0.4853515625 0.03125 0.056640625
4 0.61328125 0.3671875 0.01953125 0.05859375
4 0.6171875 0.3740234375 0.01953125 0.0546875
1 0.6650390625 0.4736328125 0.0869140625 0.0498046875