1 0.015625 0.53 0.029166666666666667 0.04666666666666667
6 0.06041666666666667 0.4525 0.020833333333333332 0.04166666666666667
7 0.0625 0.4658333333333334 0.016666666666666666 0.04833333333333334
1 0.1265625 0.5241666666666667 0.034375 0.045000000000000005
1 0.1609375 0.5241666666666667 0.03854166666666667 0.045000000000000005
1 0.1890625 0.515 0.021875 0.043333333333333335
1 0.22083333333333333 0.5133333333333334 0.04583333333333333 0.05333333333333334
7 0.21458333333333332 0.3725 0.01875 0.055
1 0.26666666666666666 0.51 0.035416666666666666 0.09000000000000001
1 0.43645833333333334 0.5750000000000001 0.33541666666666664 0.47000000000000003
4 0.2859375 0.36583333333333334 0.017708333333333333 0.045000000000000005
3 0.5895833333333333 0.38333333333333336 0.03333333333333333 0.060000000000000005
3 0.5890625 0.37583333333333335 0.026041666666666668 0.085
1 0.6072916666666667 0.4816666666666667 0.04375 0.06333333333333334
1 0.6588541666666666 0.5333333333333333 0.11979166666666667 0.10333333333333335
2 0.671875 0.4791666666666667 0.03333333333333333 0.055
1 0.9385416666666666 0.6683333333333333 0.12083333333333333 0.31