6 0.05859375 0.4384765625 0.0185546875 0.04296875
7 0.05859375 0.447265625 0.0166015625 0.0478515625
1 0.1337890625 0.5029296875 0.10546875 0.103515625
3 0.20703125 0.3515625 0.0185546875 0.037109375
1 0.27734375 0.5087890625 0.07421875 0.091796875
1 0.2802734375 0.5087890625 0.076171875 0.1162109375
6 0.2763671875 0.3564453125 0.0185546875 0.033203125
1 0.4326171875 0.552734375 0.2919921875 0.41796875
6 0.5654296875 0.3779296875 0.0263671875 0.0849609375
6 0.572265625 0.361328125 0.033203125 0.0595703125
1 0.625 0.5263671875 0.1142578125 0.126953125
2 0.7568359375 0.5029296875 0.0517578125 0.13671875
2 0.763671875 0.517578125 0.03515625 0.14453125
1 0.876953125 0.6181640625 0.2451171875 0.283203125