1 0.0283203125 0.4404296875 0.052734375 0.0478515625
1 0.0400390625 0.4423828125 0.0537109375 0.044921875
1 0.111328125 0.4521484375 0.064453125 0.0634765625
1 0.158203125 0.451171875 0.0439453125 0.0517578125
1 0.197265625 0.4609375 0.048828125 0.068359375
1 0.236328125 0.474609375 0.0625 0.0517578125
1 0.2373046875 0.470703125 0.05078125 0.0478515625
1 0.3095703125 0.466796875 0.0458984375 0.0498046875
1 0.3134765625 0.4638671875 0.041015625 0.0517578125
6 0.4248046875 0.4365234375 0.0126953125 0.0234375
1 0.4775390625 0.5146484375 0.107421875 0.169921875
8 0.49609375 0.412109375 0.01171875 0.0302734375
1 0.6005859375 0.5029296875 0.0439453125 0.0537109375
1 0.642578125 0.5146484375 0.052734375 0.056640625
1 0.6787109375 0.5048828125 0.0400390625 0.046875
1 0.7490234375 0.517578125 0.068359375 0.078125
1 0.7421875 0.5146484375 0.0556640625 0.0634765625
1 0.8251953125 0.5341796875 0.10546875 0.0751953125
1 0.828125 0.546875 0.09375 0.1103515625
1 0.900390625 0.53515625 0.0771484375 0.0634765625
1 0.953125 0.533203125 0.037109375 0.0732421875