1 0.064453125 0.6337890625 0.1279296875 0.328125
10 0.07421875 0.4970703125 0.14453125 0.134765625
2 0.1396484375 0.5341796875 0.0263671875 0.0947265625
1 0.154296875 0.560546875 0.052734375 0.0654296875
1 0.2978515625 0.6572265625 0.330078125 0.421875
2 0.142578125 0.5380859375 0.01953125 0.1103515625
7 0.337890625 0.2490234375 0.021484375 0.068359375
10 0.4658203125 0.5087890625 0.0361328125 0.068359375
6 0.46484375 0.279296875 0.021484375 0.0654296875
2 0.6025390625 0.5283203125 0.017578125 0.0830078125
2 0.6240234375 0.5224609375 0.033203125 0.091796875
6 0.6416015625 0.396484375 0.0224609375 0.0634765625
1 0.8818359375 0.5595703125 0.234375 0.66796875