1 0.0125 0.5308333333333334 0.025 0.085
1 0.011458333333333333 0.5375000000000001 0.022916666666666665 0.07500000000000001
1 0.1390625 0.56 0.065625 0.11
1 0.15052083333333333 0.5641666666666667 0.08229166666666667 0.12833333333333335
1 0.2916666666666667 0.5566666666666668 0.26666666666666666 0.17333333333333334
2 0.5208333333333334 0.5408333333333334 0.04375 0.15833333333333335
2 0.5223958333333333 0.5458333333333334 0.034375 0.165
2 0.5958333333333333 0.5641666666666667 0.05625 0.30833333333333335
2 0.5963541666666666 0.5666666666666667 0.053125 0.32333333333333336
2 0.6244791666666667 0.5633333333333334 0.034375 0.2733333333333334
2 0.6255208333333333 0.56 0.03229166666666666 0.26
2 0.6895833333333333 0.49083333333333334 0.04375 0.2016666666666667
2 0.6947916666666667 0.49500000000000005 0.04583333333333333 0.2