1 0.0927734375 0.58203125 0.18359375 0.25
1 0.28515625 0.5390625 0.0439453125 0.0419921875
1 0.2900390625 0.5380859375 0.03515625 0.046875
1 0.3251953125 0.5458984375 0.0556640625 0.0849609375
1 0.3271484375 0.5439453125 0.0556640625 0.068359375
10 0.4052734375 0.509765625 0.099609375 0.216796875
1 0.5126953125 0.5361328125 0.0498046875 0.068359375
1 0.62890625 0.51953125 0.0361328125 0.0517578125
4 0.654296875 0.3935546875 0.0322265625 0.0703125
4 0.6591796875 0.3974609375 0.0302734375 0.0712890625
1 0.6826171875 0.5146484375 0.0693359375 0.0615234375
1 0.8134765625 0.509765625 0.099609375 0.0595703125