1 0.3720703125 0.50390625 0.041015625 0.033203125
1 0.232421875 0.5478515625 0.078125 0.08203125
1 0.23046875 0.5498046875 0.07421875 0.080078125
1 0.3125 0.5244140625 0.0400390625 0.0419921875
1 0.3115234375 0.5263671875 0.0302734375 0.0400390625
1 0.4208984375 0.5078125 0.0380859375 0.0517578125
1 0.4228515625 0.5068359375 0.0322265625 0.0400390625
0 0.4599609375 0.5146484375 0.0205078125 0.0595703125
0 0.4599609375 0.515625 0.0166015625 0.0654296875
1 0.5068359375 0.5068359375 0.03125 0.0595703125
1 0.5458984375 0.5146484375 0.056640625 0.0595703125
1 0.662109375 0.5 0.1259765625 0.0830078125
1 0.7724609375 0.5009765625 0.1669921875 0.111328125
1 0.8349609375 0.5048828125 0.1474609375 0.1201171875