1 0.8713541666666667 0.5954166666666667 0.25625 0.2541666666666667
1 0.050520833333333334 0.5225000000000001 0.1 0.09166666666666667
1 0.196875 0.49750000000000005 0.10625 0.125
1 0.19739583333333333 0.505 0.096875 0.10666666666666667
1 0.303125 0.5041666666666667 0.0375 0.04833333333333334
1 0.3052083333333333 0.5058333333333334 0.03125 0.04166666666666667
1 0.3651041666666667 0.5033333333333334 0.08645833333333333 0.11666666666666667
1 0.4348958333333333 0.5 0.040625 0.06333333333333334
1 0.4890625 0.4941666666666667 0.021875 0.03833333333333334
1 0.5838541666666667 0.5108333333333334 0.06354166666666666 0.07500000000000001
1 0.5838541666666667 0.5108333333333334 0.051041666666666666 0.065
1 0.6411458333333333 0.5325000000000001 0.051041666666666666 0.165
1 0.6651041666666666 0.5341666666666667 0.09479166666666666 0.13166666666666668
1 0.7052083333333333 0.5583333333333333 0.08541666666666667 0.19333333333333336
1 0.7385416666666667 0.5558333333333334 0.14791666666666667 0.165