10 0.0224609375 0.4951171875 0.0439453125 0.1064453125
1 0.1240234375 0.5048828125 0.0908203125 0.08984375
3 0.1435546875 0.232421875 0.0205078125 0.0654296875
1 0.388671875 0.66796875 0.4814453125 0.525390625
1 0.1982421875 0.5068359375 0.0634765625 0.0595703125
1 0.23046875 0.4892578125 0.0556640625 0.078125
6 0.3095703125 0.2236328125 0.021484375 0.0703125
3 0.4501953125 0.2353515625 0.0244140625 0.08203125
6 0.6689453125 0.36328125 0.0263671875 0.0595703125
6 0.6689453125 0.3505859375 0.013671875 0.0380859375
6 0.9560546875 0.078125 0.07421875 0.150390625
6 0.9521484375 0.0654296875 0.0419921875 0.1298828125