1 0.087890625 0.537109375 0.0380859375 0.0537109375
1 0.193359375 0.5166015625 0.0458984375 0.0537109375
7 0.1884765625 0.35546875 0.0185546875 0.0546875
1 0.25390625 0.5166015625 0.0400390625 0.0498046875
4 0.2646484375 0.3564453125 0.017578125 0.0498046875
1 0.2919921875 0.5146484375 0.0380859375 0.0654296875
1 0.4013671875 0.525390625 0.1162109375 0.18359375
4 0.37109375 0.4404296875 0.0166015625 0.0478515625
1 0.4951171875 0.5146484375 0.1005859375 0.0966796875
1 0.5947265625 0.5537109375 0.1318359375 0.0986328125
1 0.60546875 0.4814453125 0.0830078125 0.046875
3 0.6181640625 0.3525390625 0.0263671875 0.0849609375
1 0.7822265625 0.58203125 0.27734375 0.2080078125
2 0.669921875 0.498046875 0.0263671875 0.0732421875