1 0.13854166666666667 0.5541666666666667 0.04583333333333333 0.03833333333333334
1 0.21666666666666667 0.5508333333333334 0.052083333333333336 0.058333333333333334
1 0.21770833333333334 0.5508333333333334 0.05416666666666667 0.05166666666666667
1 0.2994791666666667 0.5358333333333334 0.046875 0.055
1 0.2994791666666667 0.5408333333333334 0.040625 0.058333333333333334
1 0.43906249999999997 0.5291666666666667 0.042708333333333334 0.06166666666666667
1 0.4921875 0.5533333333333333 0.103125 0.1366666666666667
10 0.5635416666666666 0.5216666666666667 0.035416666666666666 0.05666666666666667
1 0.5697916666666667 0.5175000000000001 0.041666666666666664 0.06833333333333334
1 0.659375 0.545 0.0625 0.07
1 0.7276041666666666 0.54 0.08020833333333333 0.06666666666666667
1 0.7270833333333333 0.5366666666666667 0.07916666666666666 0.05666666666666667
2 0.7671875 0.5433333333333333 0.021875 0.09333333333333334
1 0.7708333333333334 0.5416666666666667 0.020833333333333332 0.07666666666666667
2 0.7869791666666667 0.54 0.017708333333333333 0.07666666666666667
2 0.8046875 0.5341666666666667 0.021875 0.085
2 0.8036458333333333 0.535 0.019791666666666666 0.08