3 0.0830078125 0.0791015625 0.166015625 0.158203125
1 0.087890625 0.5234375 0.037109375 0.0537109375
1 0.09375 0.4990234375 0.0419921875 0.03125
1 0.1708984375 0.5029296875 0.1025390625 0.0634765625
1 0.2216796875 0.513671875 0.0576171875 0.0732421875
1 0.271484375 0.5205078125 0.1005859375 0.0849609375
1 0.3427734375 0.51953125 0.072265625 0.0751953125
1 0.404296875 0.494140625 0.0283203125 0.03515625
1 0.4326171875 0.5009765625 0.025390625 0.0478515625
1 0.47265625 0.49609375 0.0322265625 0.0419921875
1 0.529296875 0.4931640625 0.0166015625 0.0400390625
1 0.546875 0.4833984375 0.02734375 0.046875
3 0.568359375 0.3603515625 0.0244140625 0.0615234375
6 0.80078125 0.0771484375 0.0498046875 0.1162109375
1 0.828125 0.4873046875 0.060546875 0.05859375
1 0.8759765625 0.4912109375 0.0849609375 0.0546875
2 0.958984375 0.4970703125 0.0224609375 0.099609375