1 0.057291666666666664 0.6441666666666667 0.11458333333333333 0.195
2 0.184375 0.555 0.022916666666666665 0.07333333333333333
2 0.21041666666666667 0.5541666666666667 0.01875 0.07166666666666667
1 0.33177083333333335 0.5508333333333334 0.057291666666666664 0.07500000000000001
1 0.36302083333333335 0.5425 0.028125 0.05166666666666667
1 0.4401041666666667 0.53 0.03229166666666666 0.03666666666666667
1 0.5098958333333333 0.5383333333333333 0.03854166666666667 0.09333333333333334
1 0.515625 0.54 0.03958333333333333 0.07666666666666667
1 0.5369791666666667 0.5475 0.040625 0.13166666666666668
1 0.5536458333333333 0.5616666666666666 0.057291666666666664 0.19666666666666668
1 0.6489583333333333 0.5733333333333334 0.19375 0.3166666666666667
1 0.8348958333333333 0.6900000000000001 0.328125 0.6133333333333334