1 0.12708333333333333 0.49500000000000005 0.25416666666666665 0.6766666666666667
10 0.12864583333333332 0.4841666666666667 0.25104166666666666 0.6183333333333334
1 0.33229166666666665 0.49500000000000005 0.04791666666666666 0.06333333333333334
1 0.4984375 0.6275000000000001 0.3302083333333333 0.43500000000000005
7 0.35104166666666664 0.30083333333333334 0.01875 0.07166666666666667
6 0.47291666666666665 0.24083333333333334 0.020833333333333332 0.06833333333333334
1 0.6692708333333334 0.5 0.11562499999999999 0.08
1 0.6770833333333334 0.5 0.08958333333333333 0.09000000000000001
6 0.6453125 0.36833333333333335 0.019791666666666666 0.043333333333333335
0 0.6505208333333333 0.48833333333333334 0.030208333333333334 0.09333333333333334
1 0.7520833333333333 0.49000000000000005 0.07291666666666667 0.060000000000000005
1 0.859375 0.5900000000000001 0.27708333333333335 0.3466666666666667
6 0.9848958333333333 0.23 0.026041666666666668 0.09000000000000001