1 0.072265625 0.5634765625 0.1435546875 0.1455078125
1 0.1875 0.568359375 0.2001953125 0.142578125
1 0.3291015625 0.51953125 0.12890625 0.138671875
1 0.42578125 0.515625 0.0791015625 0.087890625
1 0.509765625 0.5009765625 0.0986328125 0.0986328125
1 0.560546875 0.4990234375 0.052734375 0.068359375
1 0.6533203125 0.4755859375 0.0693359375 0.08203125
10 0.654296875 0.4755859375 0.068359375 0.0849609375
2 0.7353515625 0.4853515625 0.0244140625 0.0595703125
2 0.8330078125 0.470703125 0.0166015625 0.0712890625
2 0.8349609375 0.46875 0.0068359375 0.06640625
2 0.8642578125 0.46875 0.0244140625 0.06640625