1 0.020833333333333332 0.5791666666666667 0.041666666666666664 0.13166666666666668
1 0.024479166666666666 0.5716666666666667 0.034375 0.18333333333333335
1 0.09114583333333333 0.5808333333333334 0.128125 0.17500000000000002
10 0.08385416666666666 0.48500000000000004 0.11145833333333333 0.08
1 0.28489583333333335 0.5900000000000001 0.328125 0.42000000000000004
3 0.3171875 0.32833333333333337 0.017708333333333333 0.05333333333333334
6 0.4140625 0.32583333333333336 0.019791666666666666 0.04833333333333334
1 0.46510416666666665 0.5175000000000001 0.04895833333333333 0.055
1 0.4973958333333333 0.5333333333333333 0.09479166666666666 0.08
6 0.49166666666666664 0.32666666666666666 0.01875 0.05666666666666667
2 0.6114583333333333 0.5183333333333333 0.014583333333333334 0.04
1 0.6911458333333333 0.5633333333333334 0.146875 0.17
6 0.6791666666666667 0.4166666666666667 0.016666666666666666 0.04666666666666667
10 0.7973958333333333 0.4808333333333334 0.084375 0.115
1 0.8770833333333333 0.4816666666666667 0.23333333333333334 0.16333333333333333
1 0.8927083333333333 0.7150000000000001 0.20416666666666666 0.56
6 0.9296875 0.25583333333333336 0.051041666666666666 0.155