1 0.0478515625 0.54296875 0.0947265625 0.11328125
0 0.1064453125 0.552734375 0.2021484375 0.3115234375
0 0.11328125 0.556640625 0.20703125 0.3203125
1 0.451171875 0.5029296875 0.0673828125 0.0595703125
1 0.5498046875 0.4814453125 0.0615234375 0.0595703125
7 0.5595703125 0.2451171875 0.0244140625 0.0732421875
1 0.6220703125 0.5029296875 0.0927734375 0.1015625
1 0.6220703125 0.4970703125 0.0830078125 0.10546875
6 0.6767578125 0.2490234375 0.0283203125 0.0849609375
1 0.859375 0.49609375 0.0439453125 0.0478515625
6 0.9794921875 0.3818359375 0.0302734375 0.06640625