10 0.058333333333333334 0.47750000000000004 0.11666666666666667 0.10500000000000001
1 0.08697916666666666 0.5358333333333334 0.11770833333333333 0.07166666666666667
1 0.08541666666666667 0.5366666666666667 0.11458333333333333 0.06666666666666667
1 0.21354166666666666 0.5258333333333334 0.07916666666666666 0.045000000000000005
1 0.2375 0.5391666666666667 0.0875 0.06166666666666667
7 0.2953125 0.4341666666666667 0.015625 0.04833333333333334
7 0.2953125 0.42833333333333334 0.013541666666666667 0.03333333333333333
1 0.36875 0.5416666666666667 0.10833333333333334 0.12666666666666668
1 0.4276041666666667 0.5316666666666667 0.06354166666666666 0.07333333333333333
1 0.4927083333333333 0.5458333333333334 0.08958333333333333 0.12166666666666667
7 0.5291666666666667 0.33666666666666667 0.016666666666666666 0.043333333333333335
7 0.5270833333333333 0.33666666666666667 0.0125 0.04
1 0.6088541666666667 0.5033333333333334 0.04895833333333333 0.05
4 0.5958333333333333 0.33 0.014583333333333334 0.04
1 0.6578125 0.53 0.11770833333333333 0.16333333333333333
4 0.7057291666666666 0.4083333333333334 0.011458333333333333 0.03666666666666667
3 0.7552083333333334 0.35833333333333334 0.022916666666666665 0.07666666666666667
2 0.7734375 0.5058333333333334 0.015625 0.07500000000000001
2 0.7859375 0.5025000000000001 0.019791666666666666 0.085
2 0.7859375 0.49333333333333335 0.015625 0.08333333333333334
2 0.8197916666666667 0.4916666666666667 0.014583333333333334 0.09000000000000001
1 0.8619791666666666 0.505 0.028125 0.05