1 0.1337890625 0.5537109375 0.1533203125 0.1162109375
1 0.3330078125 0.533203125 0.1240234375 0.09375
7 0.4228515625 0.3193359375 0.01953125 0.0615234375
6 0.498046875 0.3173828125 0.0244140625 0.0654296875
1 0.525390625 0.5263671875 0.0458984375 0.0634765625
10 0.5341796875 0.48046875 0.0439453125 0.0830078125
10 0.53515625 0.482421875 0.04296875 0.0849609375
6 0.64453125 0.4130859375 0.0263671875 0.0703125
0 0.8154296875 0.5146484375 0.0537109375 0.08203125
0 0.8134765625 0.5126953125 0.04296875 0.0849609375
1 0.9423828125 0.712890625 0.109375 0.5087890625
1 0.9453125 0.5166015625 0.08203125 0.0830078125