1 0.01614583333333333 0.5816666666666667 0.03229166666666666 0.14666666666666667
10 0.07604166666666666 0.5016666666666667 0.10833333333333334 0.08666666666666667
1 0.09375 0.5758333333333334 0.13958333333333334 0.17833333333333334
1 0.28541666666666665 0.5925 0.3229166666666667 0.42500000000000004
7 0.3182291666666667 0.33166666666666667 0.017708333333333333 0.05
6 0.4145833333333333 0.325 0.014583333333333334 0.04
6 0.4927083333333333 0.32666666666666666 0.014583333333333334 0.04666666666666667
1 0.5901041666666667 0.5325000000000001 0.11145833333333333 0.065
1 0.7135416666666666 0.5716666666666667 0.175 0.17666666666666667
6 0.6802083333333333 0.41500000000000004 0.014583333333333334 0.043333333333333335
1 0.8067708333333333 0.52 0.084375 0.07333333333333333
6 0.93125 0.24666666666666667 0.03958333333333333 0.12333333333333334
2 0.9645833333333333 0.54 0.035416666666666666 0.11666666666666667