2 0.9560546875 0.4609375 0.02734375 0.099609375
1 0.1220703125 0.5517578125 0.09765625 0.1064453125
1 0.1220703125 0.556640625 0.076171875 0.0830078125
2 0.130859375 0.546875 0.052734375 0.1396484375
2 0.1337890625 0.546875 0.025390625 0.1298828125
1 0.2275390625 0.5400390625 0.0849609375 0.099609375
1 0.2861328125 0.5263671875 0.029296875 0.0537109375
1 0.3134765625 0.515625 0.0302734375 0.044921875
1 0.4326171875 0.51953125 0.056640625 0.068359375
1 0.435546875 0.51953125 0.046875 0.05859375
2 0.5029296875 0.51953125 0.025390625 0.125
2 0.525390625 0.525390625 0.0205078125 0.1181640625
2 0.564453125 0.5205078125 0.01953125 0.125
3 0.5830078125 0.30859375 0.0283203125 0.08984375
2 0.619140625 0.5029296875 0.0283203125 0.1298828125
1 0.9345703125 0.5361328125 0.1259765625 0.162109375