0 0.05078125 0.609375 0.076171875 0.1279296875
2 0.091796875 0.5751953125 0.0263671875 0.103515625
2 0.1181640625 0.5791015625 0.0341796875 0.1083984375
2 0.1396484375 0.5712890625 0.0146484375 0.078125
2 0.1806640625 0.5673828125 0.0224609375 0.0986328125
2 0.2861328125 0.5478515625 0.01953125 0.0517578125
4 0.302734375 0.46484375 0.015625 0.0400390625
1 0.4033203125 0.5693359375 0.142578125 0.2080078125
1 0.3369140625 0.552734375 0.009765625 0.0419921875
4 0.54296875 0.4560546875 0.0185546875 0.0419921875
1 0.5595703125 0.576171875 0.048828125 0.138671875
1 0.5859375 0.5771484375 0.0927734375 0.1396484375
1 0.630859375 0.599609375 0.1376953125 0.2021484375
1 0.619140625 0.6142578125 0.1083984375 0.1953125
1 0.8134765625 0.66015625 0.326171875 0.41015625
2 0.7880859375 0.462890625 0.041015625 0.0478515625
2 0.7861328125 0.45703125 0.0185546875 0.033203125