1 0.0244140625 0.6083984375 0.046875 0.4365234375
1 0.0185546875 0.609375 0.0361328125 0.3154296875
7 0.095703125 0.275390625 0.0244140625 0.0615234375
7 0.095703125 0.2685546875 0.0185546875 0.0498046875
1 0.14453125 0.533203125 0.0537109375 0.0732421875
1 0.2197265625 0.529296875 0.05078125 0.0546875
1 0.21875 0.53125 0.037109375 0.0546875
4 0.224609375 0.287109375 0.0244140625 0.056640625
4 0.228515625 0.2978515625 0.0185546875 0.044921875
1 0.2548828125 0.5341796875 0.025390625 0.0712890625
1 0.2861328125 0.5302734375 0.0341796875 0.0771484375
1 0.2861328125 0.525390625 0.03125 0.0634765625
1 0.3271484375 0.53125 0.06640625 0.0732421875
4 0.4130859375 0.4189453125 0.0185546875 0.0419921875
4 0.4130859375 0.427734375 0.0185546875 0.0380859375