1 0.0703125 0.5126953125 0.04296875 0.0478515625
1 0.15234375 0.5029296875 0.056640625 0.0595703125
1 0.154296875 0.50390625 0.0302734375 0.0517578125
1 0.2080078125 0.5 0.046875 0.0537109375
1 0.19921875 0.5 0.0224609375 0.037109375
1 0.3095703125 0.5078125 0.06640625 0.087890625
4 0.328125 0.330078125 0.0185546875 0.0537109375
4 0.328125 0.3349609375 0.0185546875 0.0498046875
4 0.4033203125 0.3330078125 0.017578125 0.04296875
4 0.4052734375 0.33203125 0.017578125 0.0419921875
1 0.478515625 0.48046875 0.0673828125 0.0400390625
4 0.4658203125 0.3466796875 0.0185546875 0.046875
4 0.466796875 0.34375 0.0146484375 0.0615234375
4 0.591796875 0.416015625 0.0166015625 0.044921875
4 0.595703125 0.412109375 0.021484375 0.0537109375
3 0.6376953125 0.3837890625 0.02734375 0.080078125
4 0.6376953125 0.3837890625 0.01953125 0.044921875