1 0.12083333333333333 0.5429166666666667 0.071875 0.07583333333333334
1 0.019791666666666666 0.6941666666666667 0.0375 0.24500000000000002
1 0.1765625 0.5391666666666667 0.051041666666666666 0.058333333333333334
1 0.3255208333333333 0.6558333333333334 0.321875 0.4116666666666667
7 0.2791666666666667 0.28 0.025 0.06666666666666667
6 0.39010416666666664 0.28583333333333333 0.02395833333333333 0.07500000000000001
2 0.4953125 0.5266666666666667 0.02395833333333333 0.07
2 0.534375 0.5225000000000001 0.0125 0.07166666666666667
2 0.5442708333333334 0.52 0.019791666666666666 0.08333333333333334
6 0.5635416666666666 0.4133333333333334 0.027083333333333334 0.07333333333333333
2 0.5666666666666667 0.5175000000000001 0.016666666666666666 0.07833333333333334
2 0.5901041666666667 0.515 0.026041666666666668 0.08333333333333334
0 0.628125 0.5275000000000001 0.03333333333333333 0.09166666666666667
0 0.6552083333333333 0.5258333333333334 0.03333333333333333 0.08833333333333333
2 0.6869791666666667 0.5275000000000001 0.021875 0.08166666666666667
2 0.7026041666666667 0.525 0.021875 0.08666666666666667
2 0.7244791666666667 0.5216666666666667 0.019791666666666666 0.08666666666666667
2 0.88125 0.52 0.035416666666666666 0.15000000000000002
2 0.8984375 0.5083333333333334 0.017708333333333333 0.07666666666666667
2 0.9 0.5158333333333334 0.020833333333333332 0.08166666666666667
1 0.9541666666666666 0.5216666666666667 0.08541666666666667 0.08666666666666667