10 0.036458333333333336 0.5650000000000001 0.07291666666666667 0.10666666666666667
1 0.03229166666666666 0.5691666666666667 0.06458333333333333 0.11166666666666668
10 0.059895833333333336 0.5533333333333333 0.08020833333333333 0.09666666666666668
1 0.06354166666666666 0.5466666666666667 0.07916666666666666 0.08333333333333334
10 0.13645833333333332 0.5458333333333334 0.08541666666666667 0.035
1 0.134375 0.5791666666666667 0.08125 0.06166666666666667
1 0.22552083333333334 0.5950000000000001 0.11562499999999999 0.12333333333333334
1 0.29270833333333335 0.5808333333333334 0.05 0.085
1 0.4036458333333333 0.5533333333333333 0.021875 0.02666666666666667
1 0.4822916666666667 0.5750000000000001 0.01875 0.07
1 0.49947916666666664 0.5833333333333334 0.034375 0.07666666666666667
1 0.5010416666666666 0.5716666666666667 0.035416666666666666 0.08
1 0.5395833333333333 0.5908333333333333 0.08125 0.09166666666666667
3 0.6645833333333333 0.34500000000000003 0.03333333333333333 0.11