2 0.9229166666666666 0.48583333333333334 0.03854166666666667 0.14833333333333334
2 0.8877604166666666 0.48750000000000004 0.0265625 0.14333333333333334
2 0.0765625 0.5208333333333334 0.013541666666666667 0.045000000000000005
2 0.08854166666666667 0.5233333333333333 0.01875 0.05
1 0.10989583333333333 0.5283333333333333 0.03854166666666667 0.06333333333333334
1 0.11510416666666666 0.5258333333333334 0.04479166666666667 0.04833333333333334
1 0.38229166666666664 0.535 0.10208333333333333 0.14666666666666667
1 0.4890625 0.4991666666666667 0.053125 0.04166666666666667
1 0.5375 0.5141666666666667 0.027083333333333334 0.058333333333333334
1 0.5713541666666666 0.5125000000000001 0.057291666666666664 0.07166666666666667
2 0.575 0.5158333333333334 0.05625 0.07833333333333334
1 0.6786458333333333 0.51 0.15520833333333334 0.12666666666666668