1 0.13671875 0.546875 0.0712890625 0.0537109375
1 0.328125 0.548828125 0.0771484375 0.078125
1 0.3740234375 0.5419921875 0.044921875 0.0595703125
1 0.3779296875 0.5419921875 0.046875 0.06640625
7 0.392578125 0.2412109375 0.0224609375 0.0634765625
7 0.3935546875 0.2265625 0.0166015625 0.046875
1 0.4140625 0.544921875 0.041015625 0.04296875
1 0.5068359375 0.5146484375 0.0673828125 0.1201171875
10 0.5048828125 0.515625 0.056640625 0.111328125
4 0.529296875 0.228515625 0.029296875 0.0869140625
4 0.525390625 0.2265625 0.021484375 0.0771484375
1 0.548828125 0.529296875 0.0439453125 0.05859375
1 0.6435546875 0.5205078125 0.037109375 0.044921875
0 0.646484375 0.537109375 0.0263671875 0.078125
4 0.7373046875 0.390625 0.021484375 0.0712890625
4 0.736328125 0.3916015625 0.0166015625 0.0498046875
1 0.90234375 0.5419921875 0.193359375 0.1103515625