1 0.07135416666666666 0.5650000000000001 0.14270833333333333 0.16
1 0.15677083333333333 0.5516666666666667 0.028125 0.1366666666666667
1 0.19791666666666666 0.5433333333333333 0.09583333333333333 0.1
1 0.18697916666666667 0.5758333333333334 0.030208333333333334 0.07166666666666667
1 0.21510416666666665 0.5608333333333334 0.03229166666666666 0.085
1 0.2526041666666667 0.5366666666666667 0.053125 0.07333333333333333
1 0.24166666666666667 0.5458333333333334 0.027083333333333334 0.08833333333333333
1 0.2661458333333333 0.5458333333333334 0.03229166666666666 0.07833333333333334
1 0.45677083333333335 0.5483333333333333 0.08229166666666667 0.11
10 0.5885416666666666 0.48500000000000004 0.3 0.1366666666666667
10 0.58125 0.4691666666666667 0.2708333333333333 0.11166666666666668
1 0.8802083333333334 0.5241666666666667 0.07291666666666667 0.04833333333333334