3 0.0712890625 0.0849609375 0.109375 0.15625
1 0.1884765625 0.5234375 0.15234375 0.1162109375
1 0.1865234375 0.5224609375 0.1494140625 0.1083984375
1 0.314453125 0.4921875 0.056640625 0.08203125
1 0.3544921875 0.5087890625 0.091796875 0.099609375
1 0.4404296875 0.4970703125 0.0556640625 0.0537109375
1 0.4755859375 0.4951171875 0.0263671875 0.0498046875
3 0.5703125 0.0283203125 0.0263671875 0.056640625
3 0.56640625 0.3603515625 0.013671875 0.0517578125
3 0.65234375 0.35546875 0.015625 0.0400390625
4 0.7255859375 0.4111328125 0.015625 0.044921875
3 0.80078125 0.0732421875 0.025390625 0.08984375
2 0.7978515625 0.482421875 0.0146484375 0.0517578125
0 0.8486328125 0.4912109375 0.0224609375 0.0986328125
2 0.904296875 0.4814453125 0.0205078125 0.0537109375
2 0.908203125 0.4853515625 0.01953125 0.08984375
2 0.912109375 0.498046875 0.01171875 0.0830078125
2 0.9189453125 0.4912109375 0.0244140625 0.0703125