1 0.087890625 0.4990234375 0.138671875 0.0947265625
1 0.08984375 0.4921875 0.123046875 0.078125
1 0.314453125 0.4873046875 0.0205078125 0.0478515625
1 0.35546875 0.51171875 0.0751953125 0.09375
1 0.4013671875 0.50390625 0.0419921875 0.0615234375
1 0.443359375 0.5 0.0439453125 0.0498046875
1 0.49609375 0.5029296875 0.05078125 0.0634765625
1 0.498046875 0.5 0.0439453125 0.0537109375
1 0.666015625 0.5048828125 0.048828125 0.0634765625
1 0.6630859375 0.5087890625 0.0419921875 0.0634765625
1 0.7255859375 0.525390625 0.0966796875 0.1064453125
1 0.72265625 0.5234375 0.0771484375 0.0732421875
1 0.89453125 0.568359375 0.208984375 0.26953125
1 0.89453125 0.5537109375 0.20703125 0.1982421875