1 0.2171875 0.7066666666666667 0.434375 0.49000000000000005
2 0.12708333333333333 0.41583333333333333 0.014583333333333334 0.03166666666666667
6 0.15 0.3983333333333334 0.016666666666666666 0.05333333333333334
1 0.4453125 0.5316666666666667 0.03229166666666666 0.04666666666666667
6 0.5265625 0.37083333333333335 0.019791666666666666 0.06833333333333334
2 0.6192708333333333 0.53 0.017708333333333333 0.07666666666666667
2 0.640625 0.5241666666666667 0.020833333333333332 0.07500000000000001
2 0.6713541666666667 0.5341666666666667 0.026041666666666668 0.095
1 0.8390624999999999 0.5433333333333333 0.25729166666666664 0.14333333333333334
2 0.8385416666666666 0.5283333333333333 0.04375 0.24000000000000002
2 0.8916666666666666 0.525 0.04791666666666666 0.24000000000000002
2 0.98125 0.5458333333333334 0.03333333333333333 0.22166666666666668