1 0.029166666666666667 0.52625 0.057291666666666664 0.060833333333333336
1 0.08177083333333333 0.5345833333333334 0.071875 0.060833333333333336
1 0.13697916666666665 0.5283333333333333 0.04895833333333333 0.05
1 0.14010416666666667 0.5266666666666667 0.046875 0.06333333333333334
1 0.1671875 0.52 0.042708333333333334 0.03333333333333333
1 0.17395833333333333 0.5216666666666667 0.035416666666666666 0.02666666666666667
1 0.21197916666666666 0.5208333333333334 0.03229166666666666 0.04166666666666667
1 0.21510416666666665 0.5183333333333333 0.03229166666666666 0.03666666666666667
1 0.30104166666666665 0.5108333333333334 0.03333333333333333 0.045000000000000005
1 0.43333333333333335 0.5025000000000001 0.04375 0.04166666666666667
4 0.428125 0.41833333333333333 0.01875 0.03333333333333333
1 0.4966145833333333 0.5375000000000001 0.09114583333333333 0.12833333333333335
4 0.45989583333333334 0.42000000000000004 0.011458333333333333 0.030000000000000002
4 0.5442708333333334 0.45333333333333337 0.013541666666666667 0.030000000000000002