1 0.8505859375 0.5244140625 0.228515625 0.162109375
1 0.9208984375 0.53515625 0.15625 0.1396484375
1 0.0244140625 0.5654296875 0.0341796875 0.056640625
1 0.10546875 0.5810546875 0.1552734375 0.2119140625
1 0.345703125 0.53515625 0.04296875 0.0732421875
1 0.37890625 0.541015625 0.0361328125 0.068359375
1 0.40625 0.537109375 0.05859375 0.0732421875
1 0.4931640625 0.53125 0.1416015625 0.09375
1 0.62109375 0.5234375 0.068359375 0.0703125
1 0.6728515625 0.5361328125 0.142578125 0.1083984375
1 0.724609375 0.525390625 0.083984375 0.1083984375