1 0.2171875 0.7041666666666667 0.4322916666666667 0.48500000000000004
2 0.12708333333333333 0.41583333333333333 0.014583333333333334 0.03166666666666667
6 0.15 0.3983333333333334 0.016666666666666666 0.05333333333333334
1 0.3828125 0.5316666666666667 0.028125 0.03333333333333333
1 0.384375 0.5291666666666667 0.022916666666666665 0.045000000000000005
1 0.4473958333333333 0.5316666666666667 0.03229166666666666 0.04666666666666667
6 0.5265625 0.37083333333333335 0.019791666666666666 0.06833333333333334
2 0.6291666666666667 0.5275000000000001 0.016666666666666666 0.07500000000000001
2 0.646875 0.5258333333333334 0.020833333333333332 0.07500000000000001
2 0.6723958333333333 0.5358333333333334 0.026041666666666668 0.095
2 0.8395833333333333 0.5283333333333333 0.04375 0.24000000000000002
2 0.8937499999999999 0.525 0.04791666666666666 0.24000000000000002
2 0.9802083333333333 0.55 0.035416666666666666 0.22333333333333336