1 0.009765625 0.505859375 0.01953125 0.0615234375
1 0.0830078125 0.490234375 0.0908203125 0.0830078125
1 0.16796875 0.486328125 0.05859375 0.0595703125
1 0.2451171875 0.48046875 0.0263671875 0.025390625
7 0.3818359375 0.2822265625 0.0244140625 0.08203125
7 0.38671875 0.275390625 0.017578125 0.0615234375
1 0.5126953125 0.587890625 0.2666015625 0.3232421875
6 0.509765625 0.26953125 0.021484375 0.0615234375
6 0.6416015625 0.2978515625 0.0263671875 0.0732421875
1 0.7333984375 0.4677734375 0.0537109375 0.0380859375
6 0.7490234375 0.3779296875 0.0244140625 0.0703125
1 0.8671875 0.5576171875 0.259765625 0.388671875
6 0.751953125 0.3779296875 0.0166015625 0.0498046875