1 0.03229166666666666 0.57125 0.06354166666666666 0.09916666666666667
1 0.8807291666666667 0.6525000000000001 0.2375 0.34
1 0.1046875 0.5591666666666667 0.08229166666666667 0.10166666666666667
1 0.10677083333333333 0.5616666666666666 0.08229166666666667 0.08333333333333334
1 0.1625 0.5558333333333334 0.0625 0.08166666666666667
1 0.16875 0.5508333333333334 0.05 0.07500000000000001
1 0.3489583333333333 0.5291666666666667 0.05416666666666667 0.06166666666666667
1 0.39791666666666664 0.5158333333333334 0.03958333333333333 0.058333333333333334
1 0.546875 0.5116666666666667 0.05416666666666667 0.12333333333333334
1 0.6 0.5316666666666667 0.07291666666666667 0.15666666666666668
1 0.7041666666666666 0.5575 0.13958333333333334 0.21833333333333335