10 0.0609375 0.4783333333333334 0.121875 0.15666666666666668
1 0.11510416666666666 0.5575 0.09270833333333334 0.095
1 0.18177083333333333 0.48750000000000004 0.13854166666666667 0.135
10 0.1765625 0.5008333333333334 0.078125 0.135
1 0.28072916666666664 0.6216666666666667 0.26979166666666665 0.3166666666666667
1 0.38385416666666666 0.49750000000000005 0.15729166666666666 0.26166666666666666
10 0.3984375 0.5225000000000001 0.121875 0.22166666666666668
1 0.5052083333333334 0.5291666666666667 0.05 0.065
1 0.5166666666666666 0.5425 0.06666666666666667 0.07833333333333334
1 0.5796875 0.525 0.09479166666666666 0.13
1 0.6526041666666667 0.5533333333333333 0.16979166666666667 0.16666666666666669
1 0.75 0.4766666666666667 0.08958333333333333 0.15333333333333335