1 0.8759765625 0.5947265625 0.244140625 0.302734375
1 0.3505859375 0.4921875 0.0419921875 0.0517578125
1 0.353515625 0.4970703125 0.041015625 0.0498046875
3 0.4013671875 0.3857421875 0.0146484375 0.025390625
1 0.4306640625 0.4853515625 0.029296875 0.044921875
4 0.4501953125 0.3916015625 0.013671875 0.0234375
1 0.46484375 0.486328125 0.0322265625 0.046875
4 0.486328125 0.4033203125 0.01171875 0.0263671875
1 0.513671875 0.4814453125 0.033203125 0.037109375
4 0.560546875 0.447265625 0.01171875 0.0283203125
1 0.5986328125 0.5087890625 0.037109375 0.111328125
4 0.6142578125 0.4228515625 0.017578125 0.03125
1 0.6279296875 0.515625 0.0458984375 0.1220703125
4 0.6162109375 0.4150390625 0.01953125 0.056640625
1 0.689453125 0.529296875 0.1162109375 0.1220703125