1 0.0205078125 0.5146484375 0.0400390625 0.1083984375
1 0.0595703125 0.513671875 0.0712890625 0.0771484375
1 0.0673828125 0.5087890625 0.060546875 0.0732421875
1 0.123046875 0.5029296875 0.046875 0.0634765625
1 0.1748046875 0.494140625 0.056640625 0.0849609375
1 0.2705078125 0.48828125 0.0400390625 0.037109375
1 0.32421875 0.4912109375 0.037109375 0.0400390625
3 0.517578125 0.4091796875 0.0166015625 0.0380859375
6 0.537109375 0.4345703125 0.0146484375 0.037109375
8 0.5380859375 0.4384765625 0.015625 0.01953125
8 0.568359375 0.423828125 0.017578125 0.0283203125
6 0.5673828125 0.4248046875 0.0146484375 0.04296875
1 0.6005859375 0.4892578125 0.0517578125 0.0849609375
1 0.673828125 0.5087890625 0.087890625 0.1083984375