1 0.12083333333333333 0.55 0.09375 0.08333333333333334
1 0.12135416666666667 0.5433333333333333 0.084375 0.07
1 0.15260416666666665 0.525 0.02395833333333333 0.04
1 0.2671875 0.5166666666666667 0.030208333333333334 0.05
1 0.26875 0.5208333333333334 0.027083333333333334 0.045000000000000005
7 0.3265625 0.3725 0.017708333333333333 0.035
7 0.328125 0.38083333333333336 0.016666666666666666 0.04166666666666667
1 0.3359375 0.5266666666666667 0.03229166666666666 0.05666666666666667
1 0.3734375 0.5308333333333334 0.059375 0.07166666666666667
1 0.3723958333333333 0.5391666666666667 0.057291666666666664 0.07500000000000001
6 0.3989583333333333 0.38083333333333336 0.014583333333333334 0.03833333333333334
6 0.4 0.3825 0.016666666666666666 0.03833333333333334
1 0.46249999999999997 0.5258333333333334 0.04375 0.085
6 0.46041666666666664 0.4008333333333334 0.0125 0.035
6 0.46249999999999997 0.4008333333333334 0.014583333333333334 0.03833333333333334
1 0.5083333333333333 0.5383333333333333 0.08333333333333333 0.10333333333333335
3 0.5338541666666666 0.44583333333333336 0.013541666666666667 0.035
1 0.584375 0.5091666666666667 0.09375 0.10500000000000001
1 0.5833333333333334 0.52 0.07916666666666666 0.10666666666666667
1 0.715625 0.5491666666666667 0.1375 0.13166666666666668
6 0.7302083333333333 0.405 0.025 0.08
6 0.7322916666666667 0.4091666666666667 0.020833333333333332 0.05166666666666667