1 0.159375 0.5583333333333333 0.10625 0.08666666666666667
1 0.15989583333333332 0.5616666666666666 0.10520833333333333 0.09333333333333334
1 0.303125 0.5383333333333333 0.04791666666666666 0.05
1 0.346875 0.5366666666666667 0.035416666666666666 0.04
1 0.4322916666666667 0.5291666666666667 0.041666666666666664 0.045000000000000005
1 0.5005208333333333 0.5333333333333333 0.034375 0.04666666666666667
1 0.5348958333333333 0.5325000000000001 0.059375 0.07833333333333334
1 0.6395833333333333 0.5541666666666667 0.13333333333333333 0.165
1 0.6375 0.545 0.12708333333333333 0.15000000000000002
1 0.8359375 0.5783333333333334 0.315625 0.32666666666666666
1 0.8411458333333334 0.5875 0.315625 0.315