0 0.2060546875 0.4951171875 0.046875 0.080078125
0 0.203125 0.498046875 0.0400390625 0.0634765625
7 0.205078125 0.4287109375 0.013671875 0.0400390625
7 0.205078125 0.431640625 0.0146484375 0.033203125
1 0.2978515625 0.498046875 0.0791015625 0.0595703125
1 0.302734375 0.4931640625 0.07421875 0.037109375
1 0.3193359375 0.494140625 0.0732421875 0.078125
7 0.349609375 0.3662109375 0.0185546875 0.04296875
7 0.3505859375 0.3662109375 0.009765625 0.0302734375
1 0.37109375 0.4853515625 0.0341796875 0.046875
6 0.4130859375 0.3603515625 0.0166015625 0.0498046875
6 0.4130859375 0.3525390625 0.0107421875 0.0283203125
6 0.5107421875 0.416015625 0.0126953125 0.0419921875
6 0.537109375 0.365234375 0.015625 0.04296875
1 0.6513671875 0.4658203125 0.1162109375 0.05859375
1 0.65234375 0.46484375 0.087890625 0.056640625
2 0.640625 0.4833984375 0.02734375 0.103515625