2 0.0244140625 0.5625 0.0224609375 0.0986328125
0 0.056640625 0.5546875 0.0322265625 0.0771484375
10 0.19921875 0.5185546875 0.0947265625 0.0830078125
1 0.21875 0.5478515625 0.099609375 0.0517578125
1 0.220703125 0.546875 0.1005859375 0.0595703125
1 0.3046875 0.5498046875 0.0693359375 0.0830078125
1 0.3466796875 0.5341796875 0.0224609375 0.03125
1 0.34765625 0.53515625 0.0166015625 0.0302734375
7 0.3759765625 0.3505859375 0.0126953125 0.0419921875
1 0.40625 0.5478515625 0.068359375 0.0830078125
6 0.4560546875 0.36328125 0.013671875 0.04296875
6 0.4560546875 0.3681640625 0.01171875 0.0400390625
2 0.4599609375 0.529296875 0.015625 0.0947265625
2 0.466796875 0.5302734375 0.0263671875 0.09375
2 0.4697265625 0.5302734375 0.015625 0.0869140625
10 0.564453125 0.498046875 0.1923828125 0.0966796875
1 0.54296875 0.5322265625 0.0888671875 0.134765625
1 0.529296875 0.5341796875 0.044921875 0.1220703125
1 0.6025390625 0.5595703125 0.12109375 0.1396484375
6 0.564453125 0.431640625 0.0126953125 0.013671875
6 0.5654296875 0.4345703125 0.01171875 0.0185546875
6 0.697265625 0.3603515625 0.015625 0.046875
6 0.697265625 0.359375 0.0126953125 0.0380859375
2 0.7900390625 0.5146484375 0.025390625 0.10546875
2 0.79296875 0.513671875 0.0322265625 0.099609375
0 0.921875 0.50390625 0.03125 0.0712890625