1 0.2171875 0.4966666666666667 0.05520833333333333 0.05666666666666667
1 0.32447916666666665 0.48833333333333334 0.03229166666666666 0.030000000000000002
1 0.3578125 0.49083333333333334 0.059375 0.06833333333333334
3 0.3848958333333333 0.36500000000000005 0.017708333333333333 0.03666666666666667
4 0.44635416666666666 0.3725 0.011458333333333333 0.035
4 0.4505208333333333 0.37000000000000005 0.013541666666666667 0.03666666666666667
1 0.4973958333333333 0.5091666666666667 0.07604166666666666 0.09833333333333334
4 0.4984375 0.3716666666666667 0.015625 0.03333333333333333
4 0.4984375 0.3741666666666667 0.011458333333333333 0.035
4 0.61875 0.4366666666666667 0.014583333333333334 0.030000000000000002
4 0.6192708333333333 0.4366666666666667 0.011458333333333333 0.03333333333333333
4 0.6729166666666666 0.405 0.01875 0.04666666666666667
4 0.678125 0.4116666666666667 0.0125 0.04
1 0.7666666666666666 0.5025000000000001 0.13541666666666666 0.13166666666666668
1 0.7645833333333333 0.4941666666666667 0.125 0.12166666666666667