2 0.034895833333333334 0.5458333333333334 0.028125 0.11166666666666668
1 0.2682291666666667 0.6525000000000001 0.334375 0.3816666666666667
2 0.14114583333333333 0.5366666666666667 0.028125 0.08666666666666667
3 0.14791666666666667 0.3983333333333334 0.016666666666666666 0.05333333333333334
1 0.4515625 0.5283333333333333 0.021875 0.03333333333333333
3 0.5276041666666667 0.3725 0.019791666666666666 0.06833333333333334
2 0.6583333333333333 0.5275000000000001 0.016666666666666666 0.07500000000000001
2 0.6723958333333333 0.5341666666666667 0.026041666666666668 0.095
2 0.6833333333333333 0.5191666666666667 0.020833333333333332 0.07500000000000001
2 0.7989583333333333 0.5366666666666667 0.052083333333333336 0.2366666666666667
2 0.8604166666666666 0.5316666666666667 0.04791666666666666 0.24000000000000002
2 0.9125 0.5433333333333333 0.05 0.21333333333333335
2 0.9776041666666666 0.5700000000000001 0.042708333333333334 0.22333333333333336