1 0.126953125 0.5205078125 0.037109375 0.0380859375
1 0.1591796875 0.515625 0.0302734375 0.0478515625
1 0.1630859375 0.5146484375 0.037109375 0.0400390625
1 0.185546875 0.5087890625 0.0380859375 0.046875
1 0.189453125 0.5107421875 0.03515625 0.0380859375
1 0.244140625 0.5009765625 0.0712890625 0.091796875
1 0.4287109375 0.4912109375 0.0302734375 0.05859375
1 0.4697265625 0.4970703125 0.029296875 0.0400390625
1 0.5048828125 0.4931640625 0.041015625 0.0537109375
1 0.5400390625 0.494140625 0.03125 0.0419921875
1 0.595703125 0.505859375 0.044921875 0.1083984375
1 0.6259765625 0.486328125 0.0869140625 0.13671875
1 0.66796875 0.509765625 0.1162109375 0.1435546875
1 0.8603515625 0.4853515625 0.109375 0.068359375
1 0.8642578125 0.478515625 0.1083984375 0.080078125
1 0.947265625 0.4873046875 0.076171875 0.05859375