1 0.0302734375 0.51171875 0.0595703125 0.0654296875
1 0.1455078125 0.51171875 0.0537109375 0.0400390625
1 0.21484375 0.5009765625 0.0439453125 0.0478515625
1 0.21484375 0.505859375 0.029296875 0.0478515625
1 0.2587890625 0.5 0.0341796875 0.037109375
1 0.2607421875 0.5009765625 0.03515625 0.044921875
1 0.28125 0.48828125 0.025390625 0.046875
1 0.44140625 0.4931640625 0.0498046875 0.0634765625
1 0.517578125 0.4970703125 0.052734375 0.0703125
1 0.7705078125 0.4873046875 0.0224609375 0.0517578125
1 0.8173828125 0.4833984375 0.0810546875 0.0537109375
1 0.814453125 0.4853515625 0.0712890625 0.0771484375