3 0.07135416666666666 0.085 0.109375 0.15666666666666668
1 0.18854166666666666 0.5233333333333333 0.15208333333333332 0.11666666666666667
1 0.18697916666666667 0.5225000000000001 0.14895833333333333 0.10833333333333334
1 0.3145833333333333 0.49250000000000005 0.05625 0.08166666666666667
1 0.3541666666666667 0.5083333333333334 0.09166666666666666 0.1
1 0.4401041666666667 0.4966666666666667 0.05520833333333333 0.05333333333333334
1 0.47552083333333334 0.49500000000000005 0.026041666666666668 0.05
3 0.5703125 0.028333333333333335 0.026041666666666668 0.05666666666666667
3 0.5661458333333333 0.36083333333333334 0.013541666666666667 0.05166666666666667
3 0.6526041666666667 0.35500000000000004 0.015625 0.04
4 0.7255208333333333 0.4108333333333334 0.015625 0.045000000000000005
3 0.8010416666666667 0.07333333333333333 0.025 0.09000000000000001
2 0.7979166666666666 0.48250000000000004 0.014583333333333334 0.05166666666666667
0 0.8489583333333334 0.49083333333333334 0.022916666666666665 0.09833333333333334
2 0.9041666666666667 0.4816666666666667 0.020833333333333332 0.05333333333333334
2 0.9078125 0.48500000000000004 0.019791666666666666 0.09000000000000001
2 0.9119791666666667 0.49833333333333335 0.011458333333333333 0.08333333333333334
2 0.9192708333333334 0.4916666666666667 0.02395833333333333 0.07