1 0.0234375 0.53125 0.046875 0.12109375
1 0.044921875 0.5185546875 0.017578125 0.0703125
1 0.1005859375 0.53125 0.0673828125 0.0615234375
1 0.0947265625 0.529296875 0.056640625 0.044921875
1 0.16015625 0.5283203125 0.0498046875 0.046875
1 0.1650390625 0.53125 0.056640625 0.0595703125
2 0.205078125 0.525390625 0.013671875 0.078125
2 0.21875 0.521484375 0.0166015625 0.0830078125
2 0.322265625 0.5283203125 0.015625 0.0537109375
0 0.326171875 0.52734375 0.0185546875 0.0546875
2 0.328125 0.5283203125 0.0107421875 0.0537109375
1 0.392578125 0.5341796875 0.091796875 0.0615234375
1 0.3896484375 0.537109375 0.0751953125 0.056640625
1 0.5498046875 0.537109375 0.25 0.1435546875
2 0.447265625 0.4990234375 0.0244140625 0.0615234375
1 0.4482421875 0.4970703125 0.025390625 0.0537109375