1 0.03307291666666667 0.59375 0.06510416666666667 0.14083333333333334
1 0.9044270833333333 0.6291666666666667 0.19010416666666666 0.26666666666666666
1 0.11041666666666666 0.5633333333333334 0.1125 0.12333333333333334
1 0.11302083333333333 0.5700000000000001 0.10520833333333333 0.13333333333333333
1 0.19114583333333332 0.55 0.07395833333333333 0.10666666666666667
1 0.2 0.55 0.07083333333333333 0.11
1 0.24010416666666667 0.5525 0.04895833333333333 0.065
1 0.3015625 0.5333333333333333 0.042708333333333334 0.05666666666666667
1 0.5255208333333333 0.5375000000000001 0.036458333333333336 0.04833333333333334
1 0.6786458333333333 0.5633333333333334 0.11979166666666667 0.11333333333333334
1 0.6713541666666667 0.5700000000000001 0.10520833333333333 0.11666666666666667
1 0.7713541666666667 0.5900000000000001 0.184375 0.17
1 0.778125 0.5833333333333334 0.18541666666666667 0.19