10 0.08541666666666667 0.4808333333333334 0.06875 0.06833333333333334
10 0.08854166666666667 0.4941666666666667 0.06875 0.07833333333333334
1 0.1671875 0.5016666666666667 0.07604166666666666 0.06333333333333334
1 0.171875 0.49750000000000005 0.07083333333333333 0.065
1 0.2817708333333333 0.4991666666666667 0.036458333333333336 0.035
1 0.2875 0.4966666666666667 0.0375 0.04
1 0.3104166666666667 0.49333333333333335 0.03125 0.03666666666666667
1 0.4192708333333333 0.4866666666666667 0.030208333333333334 0.05
1 0.4953125 0.5108333333333334 0.07604166666666666 0.09833333333333334
4 0.4671875 0.4058333333333334 0.011458333333333333 0.035
4 0.5026041666666666 0.405 0.015625 0.03333333333333333
4 0.5802083333333333 0.44833333333333336 0.014583333333333334 0.030000000000000002
1 0.6208333333333333 0.48500000000000004 0.05 0.07
4 0.6046875 0.4441666666666667 0.013541666666666667 0.03166666666666667
10 0.6958333333333333 0.48583333333333334 0.13958333333333334 0.15833333333333335
1 0.7104166666666667 0.49583333333333335 0.1625 0.15833333333333335
2 0.8119791666666667 0.4991666666666667 0.02395833333333333 0.09166666666666667