1 0.18359375 0.6279296875 0.3662109375 0.6181640625
7 0.3466796875 0.43359375 0.0185546875 0.0634765625
1 0.4033203125 0.583984375 0.12109375 0.228515625
6 0.474609375 0.35546875 0.015625 0.0498046875
1 0.5107421875 0.537109375 0.03125 0.0400390625
6 0.5244140625 0.4287109375 0.017578125 0.0517578125
6 0.7060546875 0.318359375 0.0419921875 0.1201171875
2 0.7001953125 0.5263671875 0.009765625 0.06640625
2 0.7265625 0.5263671875 0.021484375 0.0771484375
2 0.7255859375 0.5166015625 0.015625 0.0537109375
1 0.9033203125 0.533203125 0.1103515625 0.1103515625
1 0.869140625 0.5537109375 0.04296875 0.0703125
1 0.9404296875 0.541015625 0.1083984375 0.111328125
1 0.9267578125 0.55078125 0.0654296875 0.0849609375
1 0.974609375 0.5341796875 0.048828125 0.1083984375