1 0.2900390625 0.5029296875 0.05859375 0.03125
1 0.2939453125 0.505859375 0.0576171875 0.0380859375
1 0.4091796875 0.501953125 0.0634765625 0.080078125
1 0.44921875 0.5009765625 0.0244140625 0.05859375
1 0.4443359375 0.5009765625 0.0107421875 0.068359375
1 0.45703125 0.4990234375 0.015625 0.05859375
4 0.462890625 0.423828125 0.0126953125 0.03515625
5 0.462890625 0.4228515625 0.01171875 0.0283203125
4 0.5029296875 0.41796875 0.0146484375 0.0380859375
4 0.5029296875 0.40625 0.009765625 0.0302734375
3 0.62109375 0.4296875 0.015625 0.037109375
4 0.62109375 0.431640625 0.015625 0.037109375