1 0.20208333333333334 0.5291666666666667 0.05 0.058333333333333334
1 0.20572916666666666 0.5266666666666667 0.053125 0.04666666666666667
1 0.3255208333333333 0.545 0.165625 0.20333333333333334
7 0.359375 0.4216666666666667 0.020833333333333332 0.04
7 0.359375 0.4266666666666667 0.016666666666666666 0.04
1 0.42135416666666664 0.5416666666666667 0.057291666666666664 0.13333333333333333
6 0.46249999999999997 0.3716666666666667 0.01875 0.06333333333333334
6 0.4609375 0.3666666666666667 0.011458333333333333 0.03333333333333333
6 0.5041666666666667 0.43833333333333335 0.020833333333333332 0.05333333333333334
6 0.5015625 0.43250000000000005 0.011458333333333333 0.035
6 0.6072916666666667 0.3691666666666667 0.025 0.08166666666666667
6 0.6067708333333334 0.3691666666666667 0.021875 0.06833333333333334
1 0.7479166666666667 0.5133333333333334 0.07083333333333333 0.08666666666666667
1 0.765625 0.515 0.08125 0.08
1 0.7885416666666667 0.5066666666666667 0.06666666666666667 0.09000000000000001
1 0.94375 0.5125000000000001 0.11041666666666666 0.155
1 0.9463541666666666 0.505 0.10520833333333333 0.15333333333333335