1 0.0244140625 0.5537109375 0.0478515625 0.0703125
1 0.0595703125 0.5341796875 0.0458984375 0.05859375
1 0.064453125 0.53515625 0.0537109375 0.06640625
1 0.1103515625 0.54296875 0.0830078125 0.078125
1 0.111328125 0.54296875 0.072265625 0.0712890625
1 0.1552734375 0.5078125 0.037109375 0.0380859375
10 0.20703125 0.525390625 0.078125 0.11328125
1 0.208984375 0.525390625 0.078125 0.115234375
7 0.2900390625 0.4228515625 0.0224609375 0.0595703125
5 0.291015625 0.4189453125 0.0205078125 0.0712890625
1 0.3701171875 0.5078125 0.052734375 0.0849609375
1 0.3876953125 0.482421875 0.02734375 0.021484375
1 0.408203125 0.5009765625 0.033203125 0.0478515625
1 0.4150390625 0.47265625 0.0224609375 0.0283203125
1 0.4755859375 0.525390625 0.072265625 0.10546875
1 0.509765625 0.494140625 0.0244140625 0.03125
1 0.552734375 0.4970703125 0.0537109375 0.0546875
1 0.55078125 0.4970703125 0.046875 0.0517578125
1 0.6171875 0.51953125 0.0576171875 0.0517578125
4 0.6015625 0.251953125 0.021484375 0.0703125
4 0.6025390625 0.2509765625 0.0205078125 0.0712890625
1 0.69921875 0.52734375 0.083984375 0.068359375
4 0.78515625 0.3896484375 0.0185546875 0.0537109375
2 0.791015625 0.5146484375 0.01953125 0.0732421875