1 0.1396484375 0.5478515625 0.087890625 0.0830078125
1 0.142578125 0.54296875 0.08984375 0.078125
1 0.24609375 0.52734375 0.064453125 0.0654296875
10 0.4228515625 0.4462890625 0.296875 0.283203125
1 0.4287109375 0.5498046875 0.2431640625 0.1533203125
7 0.4208984375 0.3095703125 0.017578125 0.0419921875
6 0.5009765625 0.3193359375 0.0263671875 0.068359375
10 0.7119140625 0.4677734375 0.3076171875 0.1845703125
1 0.9404296875 0.7197265625 0.11328125 0.533203125
1 0.943359375 0.6728515625 0.109375 0.4404296875
0 0.9365234375 0.5166015625 0.0400390625 0.0869140625