2 0.54296875 0.513671875 0.0400390625 0.1103515625
2 0.0556640625 0.5380859375 0.0302734375 0.099609375
2 0.0703125 0.5390625 0.021484375 0.0947265625
6 0.0947265625 0.3759765625 0.02734375 0.08203125
2 0.1533203125 0.5732421875 0.029296875 0.31640625
2 0.2021484375 0.5771484375 0.04296875 0.3271484375
2 0.2763671875 0.5615234375 0.0810546875 0.3330078125
2 0.2861328125 0.568359375 0.0380859375 0.3203125
1 0.3525390625 0.501953125 0.041015625 0.056640625
2 0.412109375 0.57421875 0.052734375 0.318359375
2 0.478515625 0.546875 0.0615234375 0.25
2 0.46484375 0.5478515625 0.0283203125 0.251953125
2 0.494140625 0.5537109375 0.04296875 0.3564453125
6 0.5751953125 0.353515625 0.0224609375 0.0703125
1 0.828125 0.5 0.2373046875 0.1396484375
2 0.830078125 0.5458984375 0.060546875 0.2880859375
2 0.8310546875 0.54296875 0.0537109375 0.2763671875
2 0.8720703125 0.54296875 0.0595703125 0.294921875