2 0.1826171875 0.533203125 0.01953125 0.0693359375
2 0.041015625 0.5439453125 0.015625 0.06640625
2 0.08203125 0.541015625 0.01171875 0.0751953125
7 0.056640625 0.435546875 0.0166015625 0.0478515625
0 0.1123046875 0.537109375 0.0576171875 0.0849609375
1 0.171875 0.525390625 0.087890625 0.0732421875
2 0.2177734375 0.5283203125 0.01171875 0.06640625
1 0.2451171875 0.515625 0.0625 0.05859375
1 0.244140625 0.5341796875 0.05859375 0.044921875
2 0.23828125 0.5224609375 0.017578125 0.0615234375
2 0.28515625 0.513671875 0.0244140625 0.0732421875
10 0.330078125 0.48046875 0.09765625 0.1435546875
7 0.44921875 0.3203125 0.0205078125 0.0537109375
1 0.623046875 0.5224609375 0.32421875 0.1787109375
6 0.5205078125 0.32421875 0.021484375 0.068359375
6 0.6572265625 0.4072265625 0.01953125 0.0615234375