0 0.022395833333333334 0.54 0.030208333333333334 0.09333333333333334
2 0.022395833333333334 0.535 0.015625 0.07666666666666667
0 0.10572916666666667 0.5391666666666667 0.026041666666666668 0.07500000000000001
0 0.10781249999999999 0.5366666666666667 0.017708333333333333 0.06666666666666667
7 0.128125 0.4466666666666667 0.01875 0.05666666666666667
1 0.3140625 0.5950000000000001 0.378125 0.51
3 0.359375 0.3216666666666667 0.010416666666666666 0.04666666666666667
4 0.45468749999999997 0.32833333333333337 0.017708333333333333 0.04666666666666667
10 0.7145833333333333 0.4033333333333334 0.39166666666666666 0.56
1 0.9161458333333333 0.6958333333333334 0.16145833333333334 0.4683333333333334
1 0.9348958333333334 0.4608333333333334 0.084375 0.11166666666666668
2 0.9083333333333333 0.5025000000000001 0.0125 0.09166666666666667
10 0.9380208333333333 0.4366666666666667 0.06770833333333333 0.05
2 0.9416666666666667 0.4841666666666667 0.022916666666666665 0.08166666666666667