1 0.0380859375 0.50390625 0.076171875 0.224609375
1 0.0751953125 0.4697265625 0.05078125 0.0595703125
1 0.123046875 0.4716796875 0.0341796875 0.0498046875
1 0.1474609375 0.48046875 0.03125 0.0419921875
1 0.150390625 0.474609375 0.03125 0.037109375
1 0.2392578125 0.4775390625 0.048828125 0.0478515625
1 0.240234375 0.478515625 0.05078125 0.0498046875
6 0.2392578125 0.1337890625 0.029296875 0.0947265625
1 0.29296875 0.4775390625 0.048828125 0.0546875
1 0.2978515625 0.4833984375 0.052734375 0.056640625
6 0.466796875 0.314453125 0.0263671875 0.087890625