1 0.8627604166666667 0.7141666666666667 0.2734375 0.535
1 0.065625 0.5725 0.13020833333333334 0.13833333333333334
1 0.07135416666666666 0.5700000000000001 0.13020833333333334 0.14666666666666667
1 0.18125 0.5366666666666667 0.09791666666666667 0.09666666666666668
1 0.18333333333333332 0.5391666666666667 0.09791666666666667 0.11833333333333335
1 0.25885416666666666 0.53 0.06145833333333333 0.060000000000000005
1 0.26145833333333335 0.5275000000000001 0.05 0.07166666666666667
1 0.296875 0.5158333333333334 0.041666666666666664 0.04833333333333334
1 0.2989583333333333 0.5241666666666667 0.04583333333333333 0.06166666666666667
1 0.32395833333333335 0.5108333333333334 0.029166666666666667 0.05166666666666667
1 0.32447916666666665 0.51 0.028125 0.043333333333333335
1 0.35052083333333334 0.5 0.03229166666666666 0.05666666666666667
1 0.35052083333333334 0.5041666666666667 0.028125 0.045000000000000005
1 0.403125 0.49833333333333335 0.03958333333333333 0.043333333333333335
1 0.4010416666666667 0.5016666666666667 0.027083333333333334 0.03333333333333333
1 0.48385416666666664 0.5066666666666667 0.019791666666666666 0.06333333333333334
1 0.5171875 0.5133333333333334 0.059375 0.11
1 0.528125 0.51 0.07083333333333333 0.12000000000000001
1 0.5817708333333333 0.5416666666666667 0.10729166666666666 0.17333333333333334
1 0.5770833333333333 0.5433333333333333 0.09375 0.17
1 0.6953125 0.5800000000000001 0.23854166666666665 0.25
1 0.6984375 0.5741666666666667 0.24270833333333333 0.24166666666666667