10 0.12239583333333333 0.4966666666666667 0.24479166666666666 0.30333333333333334
1 0.26666666666666666 0.5491666666666667 0.0625 0.11833333333333335
1 0.26927083333333335 0.5483333333333333 0.065625 0.12333333333333334
1 0.3484375 0.5800000000000001 0.140625 0.16666666666666669
1 0.3546875 0.5816666666666667 0.13854166666666667 0.15333333333333335
1 0.459375 0.53 0.03333333333333333 0.060000000000000005
1 0.4609375 0.5308333333333334 0.036458333333333336 0.06166666666666667
1 0.4953125 0.5391666666666667 0.030208333333333334 0.11833333333333335
1 0.5614583333333333 0.5441666666666667 0.11458333333333333 0.135
2 0.6447916666666667 0.52 0.020833333333333332 0.09666666666666668
2 0.6619791666666667 0.515 0.021875 0.09000000000000001