1 0.04895833333333333 0.5700000000000001 0.09791666666666667 0.21000000000000002
1 0.052083333333333336 0.5650000000000001 0.10416666666666667 0.19333333333333336
1 0.10781249999999999 0.5641666666666667 0.09479166666666666 0.195
1 0.12708333333333333 0.5266666666666667 0.07291666666666667 0.1366666666666667
1 0.14166666666666666 0.5283333333333333 0.041666666666666664 0.13333333333333333
1 0.19010416666666666 0.5241666666666667 0.07395833333333333 0.11166666666666668
1 0.18958333333333333 0.5291666666666667 0.06666666666666667 0.115
1 0.29270833333333335 0.5125000000000001 0.09375 0.07833333333333334
2 0.2890625 0.5008333333333334 0.026041666666666668 0.11833333333333335
2 0.2890625 0.5 0.021875 0.12000000000000001
2 0.31927083333333334 0.5025000000000001 0.019791666666666666 0.10166666666666667
2 0.32135416666666666 0.5033333333333334 0.019791666666666666 0.12000000000000001
10 0.3489583333333333 0.5066666666666667 0.022916666666666665 0.08
10 0.3723958333333333 0.49583333333333335 0.06770833333333333 0.07833333333333334
2 0.4401041666666667 0.5466666666666667 0.04479166666666667 0.33333333333333337
10 0.4458333333333333 0.4783333333333334 0.04791666666666666 0.11
2 0.4848958333333333 0.5466666666666667 0.07395833333333333 0.32333333333333336
1 0.5005208333333333 0.5116666666666667 0.046875 0.060000000000000005
1 0.5 0.5116666666666667 0.041666666666666664 0.05666666666666667
10 0.5109375 0.4516666666666667 0.053125 0.09000000000000001
2 0.7088541666666667 0.49000000000000005 0.028125 0.13333333333333333
2 0.7130208333333333 0.49750000000000005 0.019791666666666666 0.135
2 0.7203125 0.49500000000000005 0.015625 0.12666666666666668
1 0.9536458333333333 0.5808333333333334 0.090625 0.225