1 0.166015625 0.53125 0.064453125 0.0751953125
1 0.169921875 0.53125 0.064453125 0.0703125
1 0.3330078125 0.521484375 0.0224609375 0.0634765625
7 0.3466796875 0.4658203125 0.0185546875 0.044921875
1 0.3671875 0.529296875 0.0556640625 0.068359375
1 0.44921875 0.5546875 0.10546875 0.1298828125
1 0.4501953125 0.44921875 0.0869140625 0.087890625
10 0.44921875 0.46484375 0.0810546875 0.123046875
4 0.462890625 0.3779296875 0.0244140625 0.044921875
4 0.4609375 0.375 0.015625 0.04296875
1 0.6298828125 0.521484375 0.109375 0.080078125
4 0.5927734375 0.40234375 0.0205078125 0.0478515625
5 0.591796875 0.396484375 0.017578125 0.0498046875