2 0.5732421875 0.517578125 0.02734375 0.068359375
2 0.5439453125 0.525390625 0.0146484375 0.0693359375
0 0.0634765625 0.5517578125 0.0595703125 0.0869140625
2 0.0595703125 0.5205078125 0.0166015625 0.03125
1 0.123046875 0.5380859375 0.0732421875 0.0771484375
2 0.1005859375 0.5478515625 0.0126953125 0.06640625
1 0.1806640625 0.541015625 0.0517578125 0.0517578125
1 0.1787109375 0.5400390625 0.046875 0.06640625
1 0.330078125 0.6533203125 0.3330078125 0.419921875
7 0.28125 0.27734375 0.0205078125 0.0654296875
6 0.390625 0.2861328125 0.0205078125 0.0712890625
2 0.509765625 0.53125 0.03515625 0.0869140625
0 0.509765625 0.5302734375 0.033203125 0.0732421875
6 0.5634765625 0.41015625 0.0224609375 0.0634765625
0 0.6298828125 0.525390625 0.0595703125 0.0869140625
0 0.6611328125 0.5283203125 0.025390625 0.08984375
0 0.6640625 0.51953125 0.0244140625 0.080078125
1 0.7666015625 0.53515625 0.1572265625 0.09375
1 0.9619140625 0.515625 0.0732421875 0.0849609375