0 0.021354166666666667 0.5483333333333333 0.03229166666666666 0.08666666666666667
0 0.019270833333333334 0.5433333333333333 0.019791666666666666 0.07
1 0.12395833333333334 0.5308333333333334 0.09375 0.09833333333333334
10 0.12760416666666666 0.5291666666666667 0.09270833333333334 0.08833333333333333
1 0.203125 0.5408333333333334 0.075 0.065
1 0.20520833333333333 0.505 0.06666666666666667 0.03666666666666667
10 0.2015625 0.515 0.05520833333333333 0.05
10 0.2916666666666667 0.4841666666666667 0.10833333333333334 0.17500000000000002
1 0.35885416666666664 0.5208333333333334 0.03229166666666666 0.035
1 0.39427083333333335 0.5183333333333333 0.036458333333333336 0.043333333333333335
7 0.4223958333333333 0.3175 0.019791666666666666 0.055
1 0.5010416666666666 0.5141666666666667 0.052083333333333336 0.07833333333333334
6 0.5 0.3175 0.020833333333333332 0.06166666666666667
6 0.6442708333333333 0.4116666666666667 0.021875 0.06333333333333334
1 0.9197916666666667 0.5241666666666667 0.12708333333333333 0.08166666666666667