1 0.5830078125 0.4853515625 0.0390625 0.021484375
1 0.3935546875 0.5048828125 0.0439453125 0.037109375
1 0.5107421875 0.494140625 0.0771484375 0.044921875
1 0.27734375 0.505859375 0.056640625 0.0439453125
1 0.3154296875 0.5029296875 0.076171875 0.046875
1 0.9580078125 0.607421875 0.0830078125 0.287109375
1 0.193359375 0.5390625 0.0888671875 0.078125
6 0.298828125 0.4521484375 0.0087890625 0.0283203125
1 0.4287109375 0.501953125 0.052734375 0.0703125
6 0.47265625 0.4326171875 0.0185546875 0.0546875
6 0.47265625 0.4296875 0.0146484375 0.033203125
0 0.51953125 0.51953125 0.01953125 0.11328125
1 0.6591796875 0.509765625 0.119140625 0.1337890625