1 0.0498046875 0.638671875 0.099609375 0.26953125
4 0.037109375 0.474609375 0.021484375 0.056640625
4 0.0361328125 0.466796875 0.017578125 0.04296875
1 0.2421875 0.5625 0.134765625 0.1484375
1 0.408203125 0.568359375 0.1318359375 0.1865234375
4 0.37109375 0.341796875 0.01953125 0.0703125
4 0.37109375 0.341796875 0.0166015625 0.0498046875
4 0.5576171875 0.43359375 0.021484375 0.0634765625
2 0.6201171875 0.5400390625 0.033203125 0.1298828125
1 0.9521484375 0.5087890625 0.0908203125 0.1318359375
1 0.9560546875 0.5048828125 0.0869140625 0.1162109375