1 0.05078125 0.5491666666666667 0.10052083333333334 0.18833333333333335
1 0.89140625 0.5816666666666667 0.21614583333333334 0.23500000000000001
1 0.14947916666666666 0.5016666666666667 0.12395833333333334 0.18333333333333335
1 0.2796875 0.48500000000000004 0.11770833333333333 0.11
1 0.28229166666666666 0.48250000000000004 0.11458333333333333 0.085
1 0.3520833333333333 0.4866666666666667 0.04583333333333333 0.06666666666666667
1 0.353125 0.4866666666666667 0.04583333333333333 0.08333333333333334
1 0.38229166666666664 0.4866666666666667 0.03125 0.07
1 0.4083333333333333 0.48750000000000004 0.035416666666666666 0.055
1 0.6177083333333333 0.49833333333333335 0.07291666666666667 0.08333333333333334
1 0.6171875 0.5 0.06770833333333333 0.08666666666666667
1 0.6755208333333333 0.5166666666666667 0.078125 0.11666666666666667
1 0.6744791666666666 0.5183333333333333 0.07395833333333333 0.13333333333333333
1 0.765625 0.5225000000000001 0.15208333333333332 0.18500000000000003