2 0.03697916666666667 0.5508333333333334 0.019791666666666666 0.06833333333333334
2 0.07552083333333333 0.5458333333333334 0.015625 0.06833333333333334
2 0.171875 0.5366666666666667 0.01875 0.08
4 0.21614583333333334 0.4033333333333334 0.019791666666666666 0.04666666666666667
4 0.2171875 0.4058333333333334 0.021875 0.04833333333333334
2 0.21875 0.5366666666666667 0.016666666666666666 0.07666666666666667
1 0.27239583333333334 0.5433333333333333 0.084375 0.08
1 0.3364583333333333 0.5516666666666667 0.025 0.07333333333333333
1 0.42343749999999997 0.5708333333333334 0.19270833333333334 0.29500000000000004
1 0.5859375 0.5358333333333334 0.140625 0.11833333333333335
4 0.5973958333333333 0.395 0.017708333333333333 0.07
2 0.6713541666666667 0.5008333333333334 0.019791666666666666 0.08166666666666667