1 0.0921875 0.5633333333333334 0.11770833333333333 0.07666666666666667
1 0.096875 0.56 0.11666666666666667 0.07333333333333333
1 0.17239583333333333 0.5533333333333333 0.078125 0.07
1 0.17604166666666665 0.5533333333333333 0.06666666666666667 0.06333333333333334
1 0.2755208333333333 0.5408333333333334 0.059375 0.07833333333333334
4 0.30572916666666666 0.4708333333333334 0.011458333333333333 0.03166666666666667
1 0.3203125 0.5366666666666667 0.040625 0.05
1 0.32135416666666666 0.5391666666666667 0.036458333333333336 0.06166666666666667
1 0.34479166666666666 0.5266666666666667 0.03333333333333333 0.043333333333333335
1 0.4005208333333333 0.5583333333333333 0.10520833333333333 0.14666666666666667
4 0.4708333333333333 0.4591666666666667 0.010416666666666666 0.03166666666666667
1 0.5630208333333333 0.5216666666666667 0.042708333333333334 0.12333333333333334
1 0.6161458333333333 0.5208333333333334 0.146875 0.115
1 0.6364583333333333 0.5441666666666667 0.16041666666666665 0.10833333333333334
1 0.5953125 0.5458333333333334 0.07395833333333333 0.10500000000000001
1 0.7171875 0.5650000000000001 0.21770833333333334 0.14