1 0.474609375 0.49609375 0.0283203125 0.0302734375
1 0.1533203125 0.4921875 0.0439453125 0.0654296875
1 0.2080078125 0.5146484375 0.1416015625 0.0830078125
1 0.388671875 0.4892578125 0.0400390625 0.0517578125
1 0.396484375 0.4912109375 0.0439453125 0.0517578125
1 0.4443359375 0.4912109375 0.0400390625 0.037109375
10 0.576171875 0.46875 0.0732421875 0.0703125
3 0.5703125 0.029296875 0.0263671875 0.056640625
3 0.5654296875 0.3603515625 0.0126953125 0.0517578125
6 0.65234375 0.35546875 0.015625 0.0400390625
6 0.7255859375 0.4052734375 0.0146484375 0.04296875
6 0.7294921875 0.408203125 0.013671875 0.0263671875
6 0.8017578125 0.0703125 0.0244140625 0.08984375
1 0.8701171875 0.4765625 0.1416015625 0.0595703125
0 0.96875 0.4921875 0.029296875 0.1015625
2 0.974609375 0.4775390625 0.0302734375 0.1552734375
2 0.9912109375 0.4814453125 0.01171875 0.0830078125