1 0.24375 0.5516666666666667 0.022916666666666665 0.03333333333333333
1 0.2713541666666667 0.5566666666666668 0.03854166666666667 0.04
1 0.3177083333333333 0.5533333333333333 0.04583333333333333 0.04
1 0.3885416666666667 0.55 0.052083333333333336 0.05
1 0.5140625 0.6025 0.234375 0.335
4 0.4640625 0.3983333333333334 0.019791666666666666 0.060000000000000005
1 0.6255208333333333 0.5558333333333334 0.065625 0.12166666666666667
1 0.6911458333333333 0.5375000000000001 0.046875 0.09166666666666667
1 0.6916666666666667 0.5425 0.025 0.055
10 0.8041666666666667 0.4633333333333334 0.20208333333333334 0.3566666666666667
1 0.91875 0.555 0.022916666666666665 0.09000000000000001
2 0.9369791666666667 0.5258333333333334 0.021875 0.095
2 0.9630208333333333 0.5125000000000001 0.026041666666666668 0.085