1 0.048828125 0.5625 0.0966796875 0.1494140625
2 0.6123046875 0.5 0.0107421875 0.0283203125
2 0.5048828125 0.5107421875 0.0107421875 0.0419921875
2 0.5703125 0.505859375 0.0087890625 0.04296875
1 0.1357421875 0.533203125 0.09765625 0.1337890625
6 0.1328125 0.462890625 0.009765625 0.01953125
1 0.205078125 0.537109375 0.0439453125 0.0771484375
1 0.2548828125 0.5263671875 0.0439453125 0.0595703125
7 0.3447265625 0.3740234375 0.013671875 0.03515625
1 0.3857421875 0.515625 0.0458984375 0.0419921875
1 0.416015625 0.5244140625 0.052734375 0.0712890625
6 0.4052734375 0.3779296875 0.01171875 0.033203125
6 0.5029296875 0.4521484375 0.013671875 0.0400390625
6 0.544921875 0.3828125 0.015625 0.0419921875
6 0.548828125 0.3837890625 0.0205078125 0.0546875
1 0.626953125 0.5087890625 0.0380859375 0.0419921875