2 0.294921875 0.5361328125 0.041015625 0.171875
2 0.2939453125 0.537109375 0.03515625 0.1728515625
2 0.3974609375 0.5615234375 0.0947265625 0.3037109375
2 0.369140625 0.5263671875 0.037109375 0.1865234375
2 0.45703125 0.5205078125 0.0361328125 0.1787109375
2 0.494140625 0.5576171875 0.078125 0.2919921875
1 0.4931640625 0.552734375 0.048828125 0.2451171875
1 0.65625 0.5859375 0.3232421875 0.21484375
2 0.5859375 0.5029296875 0.046875 0.0986328125
2 0.609375 0.50390625 0.0419921875 0.0947265625
2 0.8681640625 0.580078125 0.17578125 0.4970703125
1 0.9423828125 0.5224609375 0.1123046875 0.19140625