1 0.084375 0.5325000000000001 0.11041666666666666 0.10166666666666667
1 0.18541666666666667 0.5425 0.07291666666666667 0.06833333333333334
1 0.19114583333333332 0.5116666666666667 0.06979166666666667 0.06333333333333334
10 0.28541666666666665 0.48250000000000004 0.11666666666666667 0.16833333333333333
1 0.3567708333333333 0.5283333333333333 0.036458333333333336 0.03666666666666667
1 0.3854166666666667 0.5183333333333333 0.0375 0.04
7 0.42135416666666664 0.32083333333333336 0.017708333333333333 0.065
6 0.5 0.3175 0.022916666666666665 0.065
1 0.5510416666666667 0.5125000000000001 0.022916666666666665 0.035
6 0.6447916666666667 0.41500000000000004 0.027083333333333334 0.07
0 0.9677083333333333 0.5141666666666667 0.06041666666666667 0.10500000000000001