1 0.065625 0.5225000000000001 0.13020833333333334 0.25
1 0.22395833333333334 0.5125000000000001 0.15625 0.15833333333333335
1 0.22708333333333333 0.5041666666666667 0.14375 0.14166666666666666
1 0.315625 0.4966666666666667 0.06041666666666667 0.10333333333333335
1 0.321875 0.49750000000000005 0.0625 0.12166666666666667
1 0.5942708333333333 0.4758333333333334 0.03229166666666666 0.06166666666666667
10 0.6213541666666667 0.4441666666666667 0.03229166666666666 0.14833333333333334
10 0.6453125 0.4058333333333334 0.06354166666666666 0.305
10 0.6671875 0.39916666666666667 0.09479166666666666 0.2816666666666667
10 0.7864583333333334 0.4266666666666667 0.20833333333333334 0.32
1 0.7854166666666667 0.42083333333333334 0.20208333333333334 0.29833333333333334