4 0.8935546875 0.3740234375 0.0126953125 0.0537109375
1 0.3984375 0.5341796875 0.1201171875 0.0986328125
1 0.40625 0.5322265625 0.1044921875 0.0712890625
10 0.4072265625 0.4853515625 0.076171875 0.0302734375
5 0.4033203125 0.48046875 0.025390625 0.0712890625
1 0.5048828125 0.54296875 0.0947265625 0.1064453125
3 0.5458984375 0.4384765625 0.01171875 0.037109375
1 0.630859375 0.5361328125 0.0595703125 0.068359375
3 0.6708984375 0.376953125 0.0166015625 0.0595703125
1 0.67578125 0.51953125 0.025390625 0.0517578125
1 0.69921875 0.529296875 0.0458984375 0.0615234375
1 0.7587890625 0.5400390625 0.072265625 0.0771484375
4 0.76953125 0.4453125 0.0107421875 0.033203125
1 0.9091796875 0.560546875 0.177734375 0.181640625