2 0.6279296875 0.5185546875 0.0244140625 0.0888671875
2 0.021484375 0.546875 0.0185546875 0.103515625
2 0.029296875 0.54296875 0.017578125 0.087890625
1 0.2802734375 0.6796875 0.3818359375 0.453125
2 0.140625 0.5263671875 0.0224609375 0.0703125
4 0.2509765625 0.421875 0.0224609375 0.056640625
1 0.45703125 0.541015625 0.1005859375 0.181640625
1 0.517578125 0.517578125 0.0595703125 0.0615234375
1 0.517578125 0.5166015625 0.052734375 0.0869140625
4 0.513671875 0.40625 0.0205078125 0.0615234375
2 0.556640625 0.5302734375 0.0283203125 0.123046875
2 0.5712890625 0.5185546875 0.0146484375 0.1162109375
2 0.5810546875 0.5 0.021484375 0.0703125
2 0.5908203125 0.5126953125 0.01953125 0.1220703125
2 0.7109375 0.5009765625 0.017578125 0.0712890625
2 0.7412109375 0.5048828125 0.041015625 0.0869140625
2 0.7314453125 0.478515625 0.0146484375 0.037109375
1 0.8798828125 0.611328125 0.2294921875 0.556640625
2 0.798828125 0.4599609375 0.0322265625 0.06640625