1 0.365234375 0.5478515625 0.130859375 0.18359375
6 0.423828125 0.4794921875 0.013671875 0.0419921875
1 0.43359375 0.55078125 0.033203125 0.1181640625
1 0.4580078125 0.5146484375 0.0283203125 0.0400390625
1 0.4892578125 0.5185546875 0.0361328125 0.0400390625
1 0.4921875 0.517578125 0.0244140625 0.03515625
1 0.5283203125 0.5166015625 0.0361328125 0.056640625
4 0.544921875 0.3896484375 0.013671875 0.04296875
4 0.5458984375 0.39453125 0.0107421875 0.03515625
1 0.576171875 0.5185546875 0.025390625 0.037109375
4 0.625 0.4521484375 0.0146484375 0.037109375
4 0.62890625 0.4697265625 0.01171875 0.033203125
4 0.798828125 0.4052734375 0.015625 0.046875
4 0.7958984375 0.421875 0.01171875 0.033203125
1 0.8701171875 0.4931640625 0.1005859375 0.0595703125
1 0.869140625 0.501953125 0.0966796875 0.056640625
1 0.9599609375 0.5 0.07421875 0.0537109375
1 0.9638671875 0.4970703125 0.0673828125 0.0400390625