3 0.1982421875 0.20703125 0.0244140625 0.080078125
1 0.3076171875 0.4912109375 0.0771484375 0.0703125
10 0.36328125 0.4599609375 0.0732421875 0.09375
4 0.33984375 0.2080078125 0.0224609375 0.0703125
1 0.4169921875 0.48046875 0.04296875 0.056640625
4 0.44921875 0.2265625 0.0263671875 0.0732421875
10 0.486328125 0.474609375 0.0654296875 0.0595703125
1 0.6005859375 0.4794921875 0.0400390625 0.044921875
1 0.603515625 0.482421875 0.0361328125 0.03515625
1 0.6455078125 0.474609375 0.05078125 0.046875
4 0.6630859375 0.35546875 0.0224609375 0.0595703125