1 0.0361328125 0.5751953125 0.072265625 0.1162109375
1 0.111328125 0.55078125 0.0830078125 0.0986328125
1 0.1904296875 0.5498046875 0.0634765625 0.06640625
1 0.1923828125 0.5556640625 0.060546875 0.0751953125
1 0.3505859375 0.52734375 0.0341796875 0.0546875
1 0.4091796875 0.546875 0.0830078125 0.1064453125
1 0.4501953125 0.51953125 0.0361328125 0.0478515625
1 0.8408203125 0.6064453125 0.310546875 0.287109375
2 0.744140625 0.46875 0.029296875 0.05859375
2 0.7451171875 0.48046875 0.017578125 0.0654296875
2 0.837890625 0.451171875 0.033203125 0.0517578125