2 0.0146484375 0.5341796875 0.021484375 0.0986328125
2 0.0576171875 0.5517578125 0.0361328125 0.146484375
2 0.0869140625 0.5380859375 0.0146484375 0.06640625
1 0.123046875 0.5537109375 0.0791015625 0.103515625
1 0.2275390625 0.548828125 0.080078125 0.1181640625
1 0.2822265625 0.529296875 0.021484375 0.0478515625
1 0.4013671875 0.513671875 0.017578125 0.04296875
1 0.4345703125 0.5205078125 0.0537109375 0.0654296875
2 0.4599609375 0.5263671875 0.021484375 0.126953125
2 0.46484375 0.5126953125 0.02734375 0.14453125
2 0.4931640625 0.5244140625 0.0185546875 0.1513671875
2 0.5615234375 0.505859375 0.0224609375 0.0947265625
2 0.5634765625 0.5126953125 0.015625 0.0751953125
2 0.576171875 0.5029296875 0.0205078125 0.0947265625
3 0.58203125 0.30859375 0.0283203125 0.09375
2 0.5751953125 0.4990234375 0.0146484375 0.08203125
2 0.5966796875 0.4970703125 0.0224609375 0.10546875
2 0.82421875 0.494140625 0.02734375 0.1318359375
2 0.8271484375 0.4970703125 0.0244140625 0.1396484375
2 0.830078125 0.4970703125 0.0107421875 0.162109375
2 0.83984375 0.4853515625 0.0244140625 0.1396484375
2 0.8427734375 0.4921875 0.025390625 0.138671875
1 0.9150390625 0.5888671875 0.166015625 0.388671875
2 0.8779296875 0.4638671875 0.033203125 0.115234375
2 0.904296875 0.4345703125 0.0224609375 0.046875
2 0.919921875 0.4248046875 0.013671875 0.04296875