1 0.279296875 0.5009765625 0.0751953125 0.091796875
1 0.279296875 0.4970703125 0.0693359375 0.05859375
1 0.443359375 0.4697265625 0.048828125 0.0302734375
1 0.525390625 0.5029296875 0.0634765625 0.0849609375
1 0.529296875 0.4970703125 0.0537109375 0.0595703125
7 0.5615234375 0.2392578125 0.0224609375 0.0615234375
7 0.560546875 0.23046875 0.017578125 0.0537109375
1 0.6591796875 0.482421875 0.03515625 0.03515625
4 0.6787109375 0.248046875 0.0205078125 0.06640625
4 0.6787109375 0.2646484375 0.0166015625 0.04296875
1 0.85546875 0.48828125 0.041015625 0.0498046875
1 0.8564453125 0.490234375 0.0322265625 0.04296875
4 0.9765625 0.3876953125 0.021484375 0.03125
4 0.978515625 0.375 0.0185546875 0.06640625