4 0.9744791666666667 0.4241666666666667 0.016666666666666666 0.045000000000000005
1 0.07291666666666667 0.5958333333333333 0.14479166666666665 0.21500000000000002
1 0.0921875 0.545 0.084375 0.06666666666666667
1 0.140625 0.5583333333333333 0.07916666666666666 0.08
1 0.19322916666666667 0.5641666666666667 0.036458333333333336 0.06166666666666667
1 0.24114583333333334 0.5575 0.071875 0.07166666666666667
1 0.31145833333333334 0.5508333333333334 0.06041666666666667 0.07166666666666667
1 0.30885416666666665 0.5508333333333334 0.053125 0.085
1 0.36822916666666666 0.5516666666666667 0.06145833333333333 0.08
1 0.41041666666666665 0.5508333333333334 0.03125 0.065
1 0.46249999999999997 0.545 0.06041666666666667 0.060000000000000005
5 0.4510416666666667 0.3216666666666667 0.025 0.06666666666666667
1 0.4864583333333333 0.535 0.0375 0.06333333333333334
5 0.5229166666666667 0.3691666666666667 0.027083333333333334 0.07833333333333334
4 0.5203125 0.3741666666666667 0.015625 0.065
1 0.5625 0.5291666666666667 0.01875 0.05166666666666667
1 0.5723958333333333 0.5366666666666667 0.017708333333333333 0.05666666666666667
1 0.6140625 0.5341666666666667 0.06354166666666666 0.08833333333333333
1 0.6322916666666667 0.5216666666666667 0.01875 0.060000000000000005
1 0.6557291666666667 0.5308333333333334 0.028125 0.07166666666666667
1 0.6744791666666666 0.5233333333333333 0.036458333333333336 0.06333333333333334
1 0.7703125 0.5966666666666667 0.20520833333333333 0.21000000000000002
4 0.7020833333333333 0.2833333333333333 0.03125 0.09666666666666668