10 0.0947265625 0.490234375 0.1162109375 0.0771484375
10 0.09375 0.474609375 0.1083984375 0.05859375
1 0.1298828125 0.5078125 0.078125 0.091796875
1 0.1865234375 0.5166015625 0.052734375 0.056640625
1 0.1904296875 0.5126953125 0.029296875 0.0546875
1 0.2177734375 0.509765625 0.0244140625 0.0498046875
1 0.22265625 0.509765625 0.029296875 0.0498046875
1 0.248046875 0.505859375 0.0283203125 0.0546875
1 0.2470703125 0.50390625 0.021484375 0.0546875
1 0.2783203125 0.5068359375 0.02734375 0.046875
1 0.2841796875 0.501953125 0.0185546875 0.0400390625
1 0.3759765625 0.4892578125 0.0205078125 0.03125
7 0.46484375 0.4404296875 0.0185546875 0.0400390625
3 0.52734375 0.3876953125 0.0166015625 0.0380859375
8 0.5517578125 0.4296875 0.015625 0.01953125
6 0.5537109375 0.4345703125 0.0146484375 0.037109375
8 0.5947265625 0.412109375 0.017578125 0.0283203125
6 0.595703125 0.4130859375 0.0146484375 0.04296875
1 0.8349609375 0.515625 0.1845703125 0.2080078125