1 0.04479166666666667 0.5158333333333334 0.08958333333333333 0.17833333333333334
1 0.04583333333333333 0.5508333333333334 0.075 0.22166666666666668
1 0.09427083333333333 0.5800000000000001 0.128125 0.17333333333333334
10 0.10729166666666666 0.4733333333333334 0.08958333333333333 0.07333333333333333
1 0.28489583333333335 0.5891666666666667 0.3260416666666667 0.41500000000000004
3 0.31666666666666665 0.32833333333333337 0.01875 0.05666666666666667
6 0.41354166666666664 0.32666666666666666 0.020833333333333332 0.05
1 0.48593749999999997 0.5175000000000001 0.03854166666666667 0.045000000000000005
1 0.48541666666666666 0.5166666666666667 0.022916666666666665 0.04
6 0.49166666666666664 0.3275 0.020833333333333332 0.058333333333333334
1 0.51875 0.5241666666666667 0.029166666666666667 0.055
1 0.7994791666666666 0.6333333333333334 0.37604166666666666 0.3666666666666667
1 0.6364583333333333 0.5433333333333333 0.04583333333333333 0.11666666666666667
1 0.7614583333333333 0.4716666666666667 0.23124999999999998 0.10333333333333335
6 0.6791666666666667 0.41750000000000004 0.016666666666666666 0.04833333333333334
10 0.9026041666666667 0.4758333333333334 0.078125 0.12833333333333335
6 0.9296875 0.25583333333333336 0.053125 0.15833333333333335
2 0.9479166666666666 0.5125000000000001 0.027083333333333334 0.055
1 0.9880208333333333 0.5208333333333334 0.021875 0.06166666666666667