1 0.0234375 0.5283203125 0.0458984375 0.0625
1 0.162109375 0.5029296875 0.0625 0.06640625
1 0.169921875 0.5009765625 0.056640625 0.0615234375
4 0.26171875 0.396484375 0.0244140625 0.06640625
4 0.263671875 0.4111328125 0.0205078125 0.03515625
1 0.30078125 0.482421875 0.0244140625 0.0283203125
1 0.4375 0.5087890625 0.068359375 0.080078125
4 0.4423828125 0.36328125 0.0166015625 0.0234375
4 0.443359375 0.3603515625 0.0166015625 0.04296875
4 0.505859375 0.4345703125 0.015625 0.0419921875
4 0.5068359375 0.4189453125 0.015625 0.03515625
4 0.6591796875 0.390625 0.021484375 0.0615234375
4 0.662109375 0.3828125 0.0224609375 0.05859375