10 0.06302083333333333 0.48250000000000004 0.12604166666666666 0.17833333333333334
1 0.11458333333333333 0.5616666666666666 0.10416666666666667 0.11
1 0.17916666666666667 0.4816666666666667 0.13125 0.13
1 0.284375 0.6241666666666668 0.2875 0.3416666666666667
1 0.38385416666666666 0.49750000000000005 0.15729166666666666 0.26166666666666666
1 0.43333333333333335 0.52 0.07708333333333334 0.26
1 0.5119791666666667 0.54 0.06145833333333333 0.08333333333333334
1 0.53125 0.5333333333333333 0.029166666666666667 0.11
1 0.5760416666666667 0.5266666666666667 0.08958333333333333 0.15666666666666668
1 0.6536458333333334 0.5566666666666668 0.17395833333333333 0.18000000000000002
10 0.7489583333333333 0.4783333333333334 0.11041666666666666 0.19666666666666668
1 0.7536458333333333 0.4816666666666667 0.10520833333333333 0.17666666666666667