1 0.04739583333333333 0.6166666666666667 0.09479166666666666 0.13333333333333333
1 0.12604166666666666 0.54 0.2 0.19
10 0.12864583333333332 0.5366666666666667 0.17604166666666665 0.17
1 0.2796875 0.5658333333333334 0.059375 0.07166666666666667
1 0.3885416666666667 0.5866666666666667 0.10208333333333333 0.12666666666666668
10 0.42552083333333335 0.5516666666666667 0.078125 0.11333333333333334
1 0.4317708333333333 0.5491666666666667 0.065625 0.12833333333333335
1 0.4984375 0.5700000000000001 0.034375 0.07666666666666667
1 0.534375 0.5733333333333334 0.07916666666666666 0.09333333333333334
1 0.56875 0.5616666666666666 0.03958333333333333 0.14
1 0.6635416666666667 0.5725 0.16458333333333333 0.225
1 0.8296875 0.6391666666666667 0.33229166666666665 0.3383333333333334
1 0.85625 0.4491666666666667 0.13333333333333333 0.10500000000000001
10 0.8479166666666667 0.44583333333333336 0.1125 0.095