1 0.0595703125 0.603515625 0.119140625 0.3271484375
1 0.119140625 0.54296875 0.07421875 0.078125
1 0.17578125 0.5390625 0.05078125 0.0546875
1 0.326171875 0.6572265625 0.3193359375 0.4150390625
7 0.2783203125 0.2802734375 0.0244140625 0.06640625
6 0.3896484375 0.2861328125 0.0244140625 0.0751953125
2 0.4912109375 0.5263671875 0.0244140625 0.0703125
2 0.54296875 0.521484375 0.0205078125 0.0732421875
2 0.5419921875 0.5244140625 0.015625 0.0712890625
6 0.5634765625 0.4130859375 0.02734375 0.0732421875
2 0.560546875 0.5166015625 0.021484375 0.080078125
2 0.5751953125 0.517578125 0.0166015625 0.078125
2 0.5908203125 0.5146484375 0.0263671875 0.0830078125
0 0.626953125 0.52734375 0.033203125 0.091796875
0 0.6552734375 0.5263671875 0.033203125 0.08984375
2 0.6865234375 0.5263671875 0.021484375 0.0830078125
2 0.7021484375 0.525390625 0.0224609375 0.0869140625
2 0.724609375 0.521484375 0.01953125 0.0869140625
2 0.83203125 0.521484375 0.0380859375 0.13671875
2 0.900390625 0.51171875 0.025390625 0.0869140625
1 0.9482421875 0.517578125 0.0966796875 0.0849609375
2 0.923828125 0.4970703125 0.015625 0.0546875