1 0.30390625 0.5279166666666667 0.03697916666666667 0.04583333333333334
1 0.28359375 0.5366666666666667 0.03802083333333333 0.05166666666666667
1 0.24114583333333334 0.54 0.06458333333333333 0.06333333333333334
1 0.18098958333333334 0.5566666666666668 0.08177083333333333 0.09000000000000001
3 0.016666666666666666 0.36000000000000004 0.03229166666666666 0.09333333333333334
2 0.15572916666666667 0.5125000000000001 0.013541666666666667 0.018333333333333333
2 0.3286458333333333 0.5275000000000001 0.030208333333333334 0.12833333333333335
2 0.4223958333333333 0.5158333333333334 0.011458333333333333 0.04166666666666667
1 0.5052083333333334 0.525 0.05625 0.09333333333333334
3 0.5203125 0.3275 0.034375 0.09833333333333334
2 0.5885416666666666 0.52 0.0375 0.09333333333333334
2 0.6276041666666666 0.5091666666666667 0.013541666666666667 0.115
2 0.659375 0.51 0.035416666666666666 0.11
2 0.6583333333333333 0.5183333333333333 0.022916666666666665 0.09000000000000001
1 0.8203125 0.5266666666666667 0.2635416666666667 0.13333333333333333
2 0.8598958333333333 0.48000000000000004 0.034375 0.14666666666666667