1 0.9294270833333333 0.49541666666666667 0.1015625 0.05416666666666667
3 0.0625 0.06916666666666667 0.08958333333333333 0.135
1 0.14010416666666667 0.5225000000000001 0.16979166666666667 0.14500000000000002
1 0.3640625 0.49083333333333334 0.109375 0.07500000000000001
1 0.4927083333333333 0.505 0.11875 0.07333333333333333
3 0.571875 0.0275 0.029166666666666667 0.05166666666666667
6 0.565625 0.36333333333333334 0.014583333333333334 0.04666666666666667
6 0.653125 0.35833333333333334 0.016666666666666666 0.05
6 0.7286458333333333 0.4191666666666667 0.013541666666666667 0.04833333333333334
6 0.8010416666666667 0.07500000000000001 0.029166666666666667 0.09333333333333334
1 0.8619791666666666 0.4891666666666667 0.071875 0.055