1 0.220703125 0.5458984375 0.09375 0.0849609375
1 0.22265625 0.55078125 0.0947265625 0.0986328125
10 0.3271484375 0.4912109375 0.08203125 0.1396484375
10 0.333984375 0.4921875 0.087890625 0.1650390625
1 0.37109375 0.5234375 0.0146484375 0.04296875
1 0.380859375 0.5234375 0.013671875 0.037109375
1 0.3916015625 0.5185546875 0.0166015625 0.0302734375
1 0.5009765625 0.5166015625 0.01953125 0.0595703125
1 0.509765625 0.52734375 0.021484375 0.0478515625
1 0.5322265625 0.53125 0.041015625 0.0615234375
1 0.5576171875 0.5419921875 0.0263671875 0.0869140625
1 0.6201171875 0.5419921875 0.14453125 0.1669921875
1 0.6279296875 0.5478515625 0.146484375 0.1552734375