1 0.92578125 0.572265625 0.14453125 0.3046875
1 0.0576171875 0.546875 0.11328125 0.16015625
1 0.14453125 0.5361328125 0.12890625 0.125
1 0.291015625 0.5361328125 0.08203125 0.0947265625
3 0.3408203125 0.3759765625 0.0185546875 0.0419921875
1 0.388671875 0.529296875 0.0947265625 0.125
6 0.4130859375 0.37890625 0.0205078125 0.044921875
6 0.4677734375 0.3759765625 0.0166015625 0.0419921875
1 0.556640625 0.5341796875 0.0751953125 0.087890625
6 0.6025390625 0.4375 0.01171875 0.03515625
6 0.6064453125 0.44140625 0.017578125 0.046875
1 0.6845703125 0.521484375 0.1396484375 0.146484375
6 0.662109375 0.3837890625 0.029296875 0.078125
1 0.7978515625 0.5546875 0.1591796875 0.1796875