1 0.1064453125 0.5400390625 0.0771484375 0.046875
1 0.4482421875 0.5224609375 0.0673828125 0.091796875
1 0.4853515625 0.52734375 0.0205078125 0.0546875
1 0.5068359375 0.51171875 0.021484375 0.0400390625
1 0.52734375 0.5166015625 0.0478515625 0.056640625
1 0.5595703125 0.5087890625 0.029296875 0.04296875
1 0.5595703125 0.5107421875 0.025390625 0.03515625
4 0.55859375 0.4248046875 0.01171875 0.033203125
1 0.630859375 0.51953125 0.0654296875 0.087890625
4 0.6865234375 0.458984375 0.01171875 0.03515625
1 0.775390625 0.498046875 0.0595703125 0.04296875
1 0.9736328125 0.4970703125 0.05078125 0.0546875