10 0.1796875 0.52 0.09270833333333334 0.10666666666666667
1 0.20416666666666666 0.545 0.09166666666666666 0.06666666666666667
1 0.20364583333333333 0.5466666666666667 0.090625 0.05
2 0.2359375 0.535 0.011458333333333333 0.07333333333333333
1 0.28489583333333335 0.5475 0.084375 0.09833333333333334
1 0.33541666666666664 0.5291666666666667 0.022916666666666665 0.03166666666666667
1 0.3359375 0.5308333333333334 0.021875 0.028333333333333335
7 0.37083333333333335 0.3325 0.014583333333333334 0.045000000000000005
1 0.4041666666666667 0.55 0.075 0.1
6 0.45677083333333335 0.35750000000000004 0.015625 0.04833333333333334
6 0.4557291666666667 0.35583333333333333 0.011458333333333333 0.04166666666666667
10 0.5494791666666666 0.49333333333333335 0.19270833333333334 0.09666666666666668
2 0.48802083333333335 0.5258333333333334 0.015625 0.095
2 0.496875 0.5266666666666667 0.025 0.09666666666666668
2 0.5015625 0.5308333333333334 0.019791666666666666 0.085
1 0.5661458333333333 0.5283333333333333 0.11354166666666667 0.15333333333333335
1 0.5447916666666667 0.5358333333333334 0.058333333333333334 0.14833333333333334
1 0.6421875 0.5666666666666667 0.16145833333333334 0.18666666666666668
6 0.5734375 0.42583333333333334 0.011458333333333333 0.025
6 0.575 0.42500000000000004 0.010416666666666666 0.023333333333333334
6 0.7322916666666667 0.33416666666666667 0.016666666666666666 0.058333333333333334
6 0.7333333333333333 0.34 0.01875 0.05666666666666667
2 0.8369791666666666 0.5091666666666667 0.034375 0.11166666666666668
2 0.8348958333333333 0.5133333333333334 0.030208333333333334 0.11666666666666667
0 0.9182291666666667 0.4891666666666667 0.030208333333333334 0.04833333333333334