10 0.0640625 0.505 0.12395833333333334 0.08
2 0.13020833333333334 0.525 0.027083333333333334 0.07666666666666667
2 0.1890625 0.5183333333333333 0.021875 0.08
6 0.3651041666666667 0.1925 0.026041666666666668 0.07500000000000001
6 0.5927083333333333 0.3458333333333334 0.025 0.07500000000000001
6 0.5947916666666666 0.3433333333333334 0.016666666666666666 0.06333333333333334
2 0.6265625 0.5058333333333334 0.02395833333333333 0.095
1 0.6848958333333334 0.49583333333333335 0.11145833333333333 0.06166666666666667
2 0.6880208333333333 0.5066666666666667 0.028125 0.10333333333333335
2 0.7765625 0.5216666666666667 0.04895833333333333 0.17666666666666667
2 0.7760416666666666 0.515 0.035416666666666666 0.14666666666666667
6 0.8880208333333334 0.10166666666666667 0.08854166666666667 0.20333333333333334
2 0.8770833333333333 0.51 0.04375 0.16333333333333333