2 0.6994791666666667 0.54125 0.036458333333333336 0.11083333333333334
2 0.9421875 0.5608333333333334 0.075 0.165
2 0.8677083333333333 0.5233333333333333 0.042708333333333334 0.125
2 0.051041666666666666 0.54 0.022916666666666665 0.08666666666666667
2 0.1 0.54 0.014583333333333334 0.06333333333333334
2 0.11770833333333333 0.5408333333333334 0.016666666666666666 0.065
2 0.1328125 0.5383333333333333 0.015625 0.05666666666666667
2 0.1578125 0.5358333333333334 0.019791666666666666 0.055
2 0.17760416666666667 0.5308333333333334 0.015625 0.04833333333333334
1 0.2505208333333333 0.5325000000000001 0.11770833333333333 0.085
1 0.2520833333333333 0.5266666666666667 0.11875 0.08333333333333334
2 0.3046875 0.53 0.017708333333333333 0.09000000000000001
1 0.365625 0.555 0.11041666666666666 0.13
2 0.409375 0.5183333333333333 0.020833333333333332 0.08
2 0.4109375 0.5191666666666667 0.017708333333333333 0.08833333333333333
1 0.5140625 0.5108333333333334 0.13229166666666667 0.065
6 0.46041666666666664 0.4133333333333334 0.014583333333333334 0.04666666666666667