2 0.1630859375 0.5390625 0.0107421875 0.0556640625
2 0.2021484375 0.5380859375 0.01171875 0.0595703125
2 0.3994140625 0.537109375 0.0107421875 0.046875
2 0.3583984375 0.529296875 0.0107421875 0.0556640625
2 0.2197265625 0.5341796875 0.015625 0.0654296875
2 0.068359375 0.5400390625 0.0224609375 0.0947265625
2 0.1376953125 0.544921875 0.0263671875 0.1103515625
1 0.26953125 0.537109375 0.0888671875 0.0732421875
2 0.2998046875 0.5595703125 0.0361328125 0.1484375
1 0.318359375 0.5546875 0.0322265625 0.1298828125
1 0.49609375 0.51953125 0.142578125 0.091796875
1 0.5595703125 0.5146484375 0.103515625 0.0732421875
2 0.5478515625 0.5615234375 0.02734375 0.126953125
2 0.568359375 0.5439453125 0.0322265625 0.1552734375
1 0.611328125 0.5126953125 0.1044921875 0.078125
0 0.8017578125 0.5498046875 0.091796875 0.1767578125