1 0.4755859375 0.4990234375 0.0341796875 0.0478515625
3 0.0615234375 0.0712890625 0.09375 0.1396484375
1 0.083984375 0.521484375 0.0771484375 0.099609375
1 0.0966796875 0.51953125 0.0517578125 0.0986328125
1 0.150390625 0.501953125 0.0634765625 0.09375
1 0.3642578125 0.5087890625 0.1396484375 0.0703125
1 0.4501953125 0.4970703125 0.0205078125 0.046875
3 0.5712890625 0.0263671875 0.0283203125 0.0517578125
6 0.5654296875 0.3642578125 0.015625 0.0478515625
1 0.6064453125 0.490234375 0.0458984375 0.0595703125
6 0.6533203125 0.357421875 0.0166015625 0.0546875
6 0.728515625 0.416015625 0.0166015625 0.0517578125
1 0.8642578125 0.4921875 0.22265625 0.091796875
10 0.8798828125 0.4853515625 0.2080078125 0.091796875
6 0.80078125 0.0771484375 0.029296875 0.103515625
1 0.9208984375 0.486328125 0.103515625 0.056640625