10 0.0556640625 0.51953125 0.1083984375 0.111328125
1 0.0888671875 0.583984375 0.1259765625 0.181640625
1 0.29296875 0.59765625 0.3134765625 0.4248046875
3 0.31640625 0.3349609375 0.0205078125 0.056640625
6 0.4130859375 0.3271484375 0.025390625 0.056640625
6 0.416015625 0.337890625 0.0166015625 0.0546875
1 0.4853515625 0.529296875 0.1083984375 0.1181640625
1 0.4873046875 0.54296875 0.10546875 0.08984375
1 0.4921875 0.51171875 0.0302734375 0.0302734375
6 0.4912109375 0.330078125 0.025390625 0.0703125
6 0.4931640625 0.330078125 0.0166015625 0.046875
10 0.521484375 0.50390625 0.029296875 0.0419921875
1 0.62890625 0.54296875 0.0458984375 0.1162109375
1 0.7978515625 0.625 0.3740234375 0.3564453125
6 0.6796875 0.427734375 0.01953125 0.0546875
1 0.9423828125 0.51953125 0.080078125 0.0595703125
6 0.9345703125 0.2587890625 0.052734375 0.1533203125
2 0.9560546875 0.5205078125 0.0380859375 0.0751953125
2 0.955078125 0.521484375 0.0263671875 0.06640625