1 0.061718749999999996 0.5504166666666667 0.12239583333333333 0.1875
3 0.09635416666666667 0.35583333333333333 0.015625 0.05166666666666667
1 0.23802083333333332 0.51 0.07395833333333333 0.07666666666666667
1 0.2833333333333333 0.49750000000000005 0.025 0.058333333333333334
1 0.29635416666666664 0.49750000000000005 0.015625 0.03833333333333334
3 0.3130208333333333 0.17666666666666667 0.015625 0.06666666666666667
1 0.3984375 0.48500000000000004 0.042708333333333334 0.04666666666666667
4 0.41354166666666664 0.19 0.016666666666666666 0.07333333333333333
1 0.42916666666666664 0.4916666666666667 0.025 0.04666666666666667
1 0.4984375 0.48500000000000004 0.08645833333333333 0.07333333333333333
1 0.5177083333333333 0.48750000000000004 0.1 0.06166666666666667