1 0.05078125 0.5 0.1005859375 0.349609375
1 0.056640625 0.5009765625 0.0654296875 0.1015625
1 0.1455078125 0.525390625 0.041015625 0.06640625
1 0.1826171875 0.529296875 0.056640625 0.0546875
1 0.2646484375 0.513671875 0.201171875 0.2333984375
7 0.1884765625 0.3212890625 0.0224609375 0.0634765625
3 0.259765625 0.318359375 0.01953125 0.06640625
4 0.36328125 0.3271484375 0.0185546875 0.056640625
1 0.4072265625 0.513671875 0.0380859375 0.04296875
4 0.4365234375 0.337890625 0.033203125 0.0771484375
1 0.4775390625 0.5341796875 0.10546875 0.134765625
4 0.5947265625 0.431640625 0.017578125 0.0634765625
1 0.87890625 0.5234375 0.056640625 0.0869140625
1 0.951171875 0.5263671875 0.095703125 0.0966796875