1 0.0546875 0.544921875 0.0693359375 0.0732421875
1 0.099609375 0.5419921875 0.0322265625 0.0498046875
1 0.3544921875 0.5322265625 0.09765625 0.14453125
7 0.359375 0.44921875 0.0185546875 0.0283203125
7 0.357421875 0.45703125 0.013671875 0.03125
1 0.4130859375 0.5341796875 0.037109375 0.0849609375
6 0.4287109375 0.41796875 0.01171875 0.0302734375
6 0.431640625 0.421875 0.015625 0.0400390625
6 0.4580078125 0.4609375 0.01953125 0.03125
6 0.45703125 0.4638671875 0.0107421875 0.03125
6 0.5087890625 0.4384765625 0.0166015625 0.056640625
6 0.509765625 0.4326171875 0.0126953125 0.03515625
1 0.6474609375 0.5654296875 0.1669921875 0.1748046875