0 0.38567708333333334 0.4791666666666667 0.0067708333333333336 0.02666666666666667
1 0.24375 0.48250000000000004 0.05625 0.035
1 0.40781249999999997 0.4766666666666667 0.026041666666666668 0.03666666666666667
1 0.42343749999999997 0.4808333333333334 0.015625 0.03166666666666667
1 0.44427083333333334 0.48250000000000004 0.021875 0.04166666666666667
8 0.5026041666666666 0.40166666666666667 0.011458333333333333 0.030000000000000002
8 0.534375 0.405 0.010416666666666666 0.030000000000000002
8 0.5932291666666667 0.44083333333333335 0.009375 0.028333333333333335
8 0.6083333333333333 0.43250000000000005 0.0125 0.025
8 0.6114583333333333 0.4316666666666667 0.014583333333333334 0.04
1 0.6526041666666667 0.48250000000000004 0.03854166666666667 0.028333333333333335