1 0.072265625 0.470703125 0.14453125 0.318359375
10 0.169921875 0.4365234375 0.236328125 0.236328125
1 0.326171875 0.4970703125 0.0732421875 0.103515625
6 0.3466796875 0.4052734375 0.0185546875 0.033203125
6 0.345703125 0.4033203125 0.0146484375 0.0263671875
1 0.3701171875 0.5068359375 0.0205078125 0.0595703125
6 0.375 0.4013671875 0.0146484375 0.0263671875
6 0.380859375 0.40625 0.0126953125 0.0283203125
1 0.4111328125 0.5 0.0517578125 0.0634765625
6 0.42578125 0.39453125 0.0146484375 0.0302734375
6 0.4287109375 0.400390625 0.0146484375 0.0283203125
6 0.4638671875 0.3974609375 0.01953125 0.03515625
1 0.4853515625 0.509765625 0.056640625 0.0634765625
6 0.46484375 0.3984375 0.013671875 0.0302734375
1 0.5517578125 0.484375 0.08984375 0.05859375
1 0.552734375 0.486328125 0.0849609375 0.056640625
6 0.5380859375 0.4384765625 0.0126953125 0.0263671875
1 0.666015625 0.490234375 0.080078125 0.0703125
6 0.6650390625 0.3916015625 0.0224609375 0.037109375
1 0.7890625 0.47265625 0.07421875 0.0380859375
1 0.794921875 0.4697265625 0.0771484375 0.056640625