1 0.09895833333333333 0.5566666666666668 0.05416666666666667 0.05
1 0.20885416666666667 0.5533333333333333 0.05520833333333333 0.05
1 0.31145833333333334 0.5433333333333333 0.0625 0.04666666666666667
7 0.37395833333333334 0.43083333333333335 0.0125 0.03166666666666667
1 0.4161458333333333 0.5358333333333334 0.034375 0.04166666666666667
6 0.42291666666666666 0.43250000000000005 0.014583333333333334 0.03833333333333334
1 0.4635416666666667 0.5325000000000001 0.0375 0.06166666666666667
6 0.46822916666666664 0.44333333333333336 0.013541666666666667 0.030000000000000002
1 0.5078125 0.5433333333333333 0.051041666666666666 0.07
1 0.5359375 0.5183333333333333 0.046875 0.07
3 0.525 0.48000000000000004 0.014583333333333334 0.03333333333333333
1 0.6125 0.5275000000000001 0.04375 0.04166666666666667
6 0.6192708333333333 0.4633333333333334 0.019791666666666666 0.05
1 0.7072916666666667 0.5525 0.10416666666666667 0.11166666666666668