1 0.9046875 0.5191666666666667 0.18958333333333333 0.19666666666666668
2 0.20338541666666665 0.5279166666666667 0.0203125 0.0775
2 0.16328125 0.5354166666666667 0.0203125 0.07416666666666667
2 0.10416666666666667 0.5383333333333333 0.01875 0.07333333333333333
2 0.08333333333333333 0.5408333333333334 0.015625 0.07333333333333333
2 0.046875 0.5420833333333334 0.015625 0.07083333333333333
7 0.05625 0.43583333333333335 0.016666666666666666 0.04833333333333334
0 0.125 0.5383333333333333 0.041666666666666664 0.08333333333333334
1 0.171875 0.525 0.0875 0.07333333333333333
2 0.16822916666666665 0.5183333333333333 0.011458333333333333 0.06666666666666667
1 0.24479166666666666 0.5158333333333334 0.0625 0.058333333333333334
1 0.24375 0.5341666666666667 0.058333333333333334 0.045000000000000005
2 0.28489583333333335 0.5133333333333334 0.02395833333333333 0.07333333333333333
10 0.3302083333333333 0.48000000000000004 0.09791666666666667 0.14333333333333334
7 0.44895833333333335 0.32 0.020833333333333332 0.05333333333333334
6 0.5203125 0.3241666666666667 0.021875 0.06833333333333334
1 0.5953125 0.5258333333333334 0.109375 0.07833333333333334
6 0.6567708333333333 0.40750000000000003 0.019791666666666666 0.06166666666666667