2 0.9627604166666667 0.5158333333333334 0.019270833333333334 0.10500000000000001
1 0.9296875 0.5316666666666667 0.13958333333333334 0.11
1 0.0546875 0.5716666666666667 0.10833333333333334 0.12333333333333334
1 0.1265625 0.5525 0.071875 0.085
1 0.19947916666666665 0.5458333333333334 0.028125 0.03166666666666667
1 0.2015625 0.5483333333333333 0.02395833333333333 0.03666666666666667
1 0.3208333333333333 0.54 0.04375 0.06666666666666667
1 0.3208333333333333 0.5341666666666667 0.0375 0.055
1 0.3854166666666667 0.5541666666666667 0.1125 0.14833333333333334
1 0.4583333333333333 0.5283333333333333 0.052083333333333336 0.06333333333333334
1 0.6088541666666667 0.5175000000000001 0.03854166666666667 0.065
1 0.6875 0.5108333333333334 0.07291666666666667 0.07166666666666667