1 0.0478515625 0.513671875 0.041015625 0.0537109375
1 0.05859375 0.5087890625 0.0458984375 0.0546875
1 0.1083984375 0.513671875 0.0849609375 0.0830078125
1 0.1875 0.50390625 0.0517578125 0.0546875
1 0.197265625 0.50390625 0.0517578125 0.0380859375
1 0.2958984375 0.49609375 0.0302734375 0.03515625
1 0.3310546875 0.4951171875 0.0322265625 0.04296875
7 0.3701171875 0.23828125 0.037109375 0.1103515625
1 0.494140625 0.5380859375 0.1474609375 0.1904296875
4 0.5244140625 0.240234375 0.033203125 0.09375
1 0.6015625 0.474609375 0.0302734375 0.0419921875
1 0.599609375 0.4736328125 0.0244140625 0.046875
1 0.7744140625 0.5234375 0.2197265625 0.23046875
4 0.685546875 0.2919921875 0.0322265625 0.0966796875
4 0.8359375 0.3779296875 0.0302734375 0.0947265625