1 0.025520833333333333 0.5683333333333334 0.051041666666666666 0.07
2 0.16041666666666665 0.6158333333333333 0.14375 0.625
1 0.19583333333333333 0.5658333333333334 0.05 0.115
1 0.22916666666666666 0.5583333333333333 0.05 0.07
2 0.3515625 0.6383333333333334 0.278125 0.7166666666666667
1 0.28854166666666664 0.5366666666666667 0.0375 0.05
1 0.4015625 0.5258333333333334 0.040625 0.055
1 0.5036458333333333 0.5408333333333334 0.030208333333333334 0.07500000000000001
1 0.55 0.5491666666666667 0.08958333333333333 0.10500000000000001
2 0.6104166666666666 0.5116666666666667 0.027083333333333334 0.09333333333333334
2 0.6140625 0.5208333333333334 0.02395833333333333 0.09166666666666667
2 0.68125 0.5266666666666667 0.035416666666666666 0.12000000000000001