1 0.384765625 0.517578125 0.0146484375 0.01953125
10 0.0673828125 0.51953125 0.1337890625 0.0849609375
6 0.3603515625 0.208984375 0.029296875 0.0849609375
1 0.4248046875 0.51953125 0.046875 0.05859375
1 0.4228515625 0.517578125 0.0283203125 0.0380859375
6 0.59765625 0.365234375 0.02734375 0.0830078125
2 0.7314453125 0.521484375 0.033203125 0.1201171875
2 0.732421875 0.5234375 0.025390625 0.1201171875
2 0.763671875 0.5224609375 0.029296875 0.1220703125
2 0.81640625 0.54296875 0.0595703125 0.205078125
2 0.91015625 0.5576171875 0.06640625 0.2314453125
2 0.96484375 0.5478515625 0.05859375 0.2451171875
3 0.96875 0.0810546875 0.060546875 0.16015625