1 0.22343749999999998 0.5466666666666667 0.034375 0.03666666666666667
7 0.21666666666666667 0.33416666666666667 0.014583333333333334 0.045000000000000005
7 0.21822916666666667 0.3383333333333334 0.017708333333333333 0.05
1 0.2296875 0.5433333333333333 0.030208333333333334 0.04
1 0.2984375 0.53 0.028125 0.03333333333333333
1 0.2994791666666667 0.5283333333333333 0.021875 0.02666666666666667
1 0.3171875 0.525 0.019791666666666666 0.023333333333333334
1 0.32135416666666666 0.5275000000000001 0.021875 0.03166666666666667
4 0.3286458333333333 0.3166666666666667 0.015625 0.05333333333333334
4 0.33125 0.32083333333333336 0.014583333333333334 0.055
1 0.3692708333333333 0.5175000000000001 0.034375 0.05166666666666667
1 0.39427083333333335 0.5116666666666667 0.026041666666666668 0.03333333333333333
1 0.41822916666666665 0.5375000000000001 0.053125 0.06833333333333334
4 0.5145833333333333 0.4141666666666667 0.016666666666666666 0.04166666666666667
4 0.515625 0.4241666666666667 0.010416666666666666 0.045000000000000005
1 0.7171875 0.5058333333333334 0.14895833333333333 0.10166666666666667
1 0.7192708333333333 0.5041666666666667 0.14270833333333333 0.08833333333333333
1 0.8312499999999999 0.5 0.15416666666666667 0.09333333333333334
1 0.8369791666666666 0.5041666666666667 0.14895833333333333 0.08166666666666667