1 0.8624999999999999 0.51875 0.2739583333333333 0.2575
1 0.23906249999999998 0.525 0.04479166666666667 0.04666666666666667
8 0.24635416666666665 0.49500000000000005 0.011458333333333333 0.03666666666666667
7 0.33489583333333334 0.4575 0.021875 0.04833333333333334
9 0.3338541666666667 0.45583333333333337 0.013541666666666667 0.03166666666666667
4 0.4005208333333333 0.40750000000000003 0.021875 0.04833333333333334
4 0.4010416666666667 0.4058333333333334 0.008333333333333333 0.028333333333333335
4 0.4875 0.45833333333333337 0.016666666666666666 0.05
4 0.48802083333333335 0.4491666666666667 0.009375 0.028333333333333335
5 0.5114583333333333 0.43083333333333335 0.01875 0.055
4 0.5119791666666667 0.4291666666666667 0.011458333333333333 0.03166666666666667