1 0.9619140625 0.625 0.072265625 0.3203125
1 0.0283203125 0.681640625 0.0556640625 0.4765625
1 0.0498046875 0.578125 0.0986328125 0.19140625
1 0.205078125 0.5419921875 0.1435546875 0.1337890625
1 0.2080078125 0.5322265625 0.1259765625 0.1484375
1 0.3076171875 0.51953125 0.078125 0.0966796875
1 0.4208984375 0.4970703125 0.0400390625 0.046875
1 0.5517578125 0.4921875 0.041015625 0.0478515625
1 0.60546875 0.509765625 0.021484375 0.0771484375
1 0.6572265625 0.513671875 0.09765625 0.1201171875
1 0.8525390625 0.54296875 0.2431640625 0.2587890625