2 0.63984375 0.5075000000000001 0.018229166666666668 0.043333333333333335
2 0.084375 0.6133333333333334 0.1375 0.39333333333333337
7 0.05625 0.43583333333333335 0.016666666666666666 0.04833333333333334
0 0.140625 0.5341666666666667 0.05416666666666667 0.08166666666666667
1 0.171875 0.525 0.0875 0.07333333333333333
2 0.14322916666666666 0.525 0.011458333333333333 0.06666666666666667
1 0.24479166666666666 0.5158333333333334 0.0625 0.058333333333333334
1 0.24375 0.5341666666666667 0.058333333333333334 0.045000000000000005
2 0.28489583333333335 0.5133333333333334 0.02395833333333333 0.07333333333333333
10 0.3302083333333333 0.48000000000000004 0.09791666666666667 0.14333333333333334
7 0.44895833333333335 0.32 0.020833333333333332 0.05333333333333334
6 0.5203125 0.3241666666666667 0.021875 0.06833333333333334
1 0.5541666666666667 0.525 0.08125 0.07666666666666667
6 0.6567708333333333 0.40750000000000003 0.019791666666666666 0.06166666666666667