1 0.0849609375 0.50390625 0.0791015625 0.0751953125
1 0.1650390625 0.4970703125 0.064453125 0.06640625
1 0.2373046875 0.4970703125 0.0712890625 0.068359375
1 0.244140625 0.49609375 0.06640625 0.0546875
1 0.27734375 0.482421875 0.046875 0.0615234375
1 0.2822265625 0.498046875 0.0380859375 0.0732421875
5 0.30078125 0.302734375 0.017578125 0.0546875
5 0.2998046875 0.3017578125 0.013671875 0.0498046875
1 0.3955078125 0.4951171875 0.03515625 0.0400390625
4 0.3876953125 0.30859375 0.0166015625 0.0595703125
4 0.3896484375 0.3056640625 0.0146484375 0.0517578125
1 0.4326171875 0.4912109375 0.0341796875 0.0498046875
1 0.451171875 0.4912109375 0.0302734375 0.04296875
1 0.5029296875 0.4970703125 0.0302734375 0.046875
4 0.6279296875 0.40625 0.013671875 0.0400390625
4 0.6279296875 0.41015625 0.013671875 0.046875
2 0.794921875 0.5146484375 0.033203125 0.1201171875
1 0.837890625 0.4912109375 0.056640625 0.033203125