1 0.11197916666666667 0.5704166666666667 0.12395833333333334 0.1391666666666667
2 0.16927083333333334 0.5391666666666667 0.015625 0.035
7 0.16979166666666667 0.47250000000000003 0.014583333333333334 0.045000000000000005
1 0.22447916666666667 0.5575 0.036458333333333336 0.07833333333333334
1 0.2786458333333333 0.56 0.103125 0.13333333333333333
1 0.33958333333333335 0.5366666666666667 0.027083333333333334 0.03333333333333333
7 0.36354166666666665 0.3541666666666667 0.0125 0.055
4 0.4578125 0.34 0.013541666666666667 0.05
1 0.5052083333333334 0.5416666666666667 0.05625 0.060000000000000005
4 0.5296875 0.36750000000000005 0.015625 0.045000000000000005
4 0.771875 0.3666666666666667 0.027083333333333334 0.07333333333333333