1 0.1923828125 0.5068359375 0.0234375 0.03515625
1 0.1552734375 0.515625 0.0205078125 0.0302734375
1 0.1123046875 0.5166015625 0.029296875 0.037109375
1 0.2197265625 0.5087890625 0.0458984375 0.0615234375
4 0.2236328125 0.392578125 0.01171875 0.03125
4 0.2236328125 0.3935546875 0.009765625 0.033203125
4 0.2587890625 0.40234375 0.0107421875 0.03125
4 0.259765625 0.4033203125 0.0107421875 0.0302734375
1 0.314453125 0.513671875 0.068359375 0.08984375
4 0.3193359375 0.4482421875 0.0126953125 0.0302734375
4 0.3701171875 0.427734375 0.015625 0.0419921875
4 0.37109375 0.431640625 0.01171875 0.033203125
1 0.4052734375 0.498046875 0.05859375 0.04296875