3 0.07135416666666666 0.085 0.109375 0.15666666666666668
1 0.1765625 0.49833333333333335 0.09895833333333333 0.060000000000000005
1 0.2583333333333333 0.5033333333333334 0.13541666666666666 0.12000000000000001
1 0.4083333333333333 0.4966666666666667 0.058333333333333334 0.060000000000000005
1 0.45625 0.4941666666666667 0.04791666666666666 0.055
1 0.45260416666666664 0.49250000000000005 0.034375 0.045000000000000005
3 0.5703125 0.028333333333333335 0.026041666666666668 0.05666666666666667
3 0.5661458333333333 0.36083333333333334 0.013541666666666667 0.05166666666666667
3 0.6526041666666667 0.35500000000000004 0.015625 0.04
4 0.7255208333333333 0.4116666666666667 0.015625 0.04666666666666667
0 0.7947916666666667 0.4866666666666667 0.020833333333333332 0.06666666666666667
3 0.8010416666666667 0.07333333333333333 0.025 0.09000000000000001
2 0.8057291666666666 0.4808333333333334 0.015625 0.05166666666666667
2 0.8807291666666667 0.4866666666666667 0.019791666666666666 0.09000000000000001
2 0.8828125 0.49250000000000005 0.013541666666666667 0.07166666666666667
2 0.9322916666666666 0.4916666666666667 0.01875 0.07333333333333333
2 0.9359375 0.49000000000000005 0.02395833333333333 0.07