10 0.06302083333333333 0.48250000000000004 0.12604166666666666 0.17833333333333334
1 0.11458333333333333 0.5616666666666666 0.10416666666666667 0.11
1 0.17916666666666667 0.4808333333333334 0.13125 0.13166666666666668
1 0.28489583333333335 0.6241666666666668 0.28854166666666664 0.34500000000000003
1 0.38385416666666666 0.49750000000000005 0.15729166666666666 0.26166666666666666
1 0.43333333333333335 0.52 0.07708333333333334 0.26
1 0.5119791666666667 0.54 0.06145833333333333 0.08333333333333334
1 0.53125 0.5333333333333333 0.029166666666666667 0.11
1 0.575 0.5275000000000001 0.08958333333333333 0.15833333333333335
1 0.6536458333333334 0.5566666666666668 0.17395833333333333 0.18000000000000002
10 0.7479166666666667 0.47750000000000004 0.11041666666666666 0.19833333333333333
1 0.7536458333333333 0.48250000000000004 0.10520833333333333 0.17833333333333334