2 0.025390625 0.5458984375 0.017578125 0.1015625
2 0.041015625 0.5703125 0.0166015625 0.0537109375
2 0.05859375 0.55078125 0.0263671875 0.1279296875
2 0.05859375 0.5439453125 0.0224609375 0.111328125
1 0.126953125 0.5556640625 0.078125 0.08203125
2 0.09765625 0.5205078125 0.0166015625 0.0478515625
1 0.2275390625 0.544921875 0.0830078125 0.09375
1 0.2822265625 0.529296875 0.03125 0.0654296875
1 0.3095703125 0.51953125 0.0302734375 0.0654296875
1 0.435546875 0.521484375 0.0478515625 0.0537109375
2 0.5087890625 0.501953125 0.013671875 0.0830078125
2 0.5205078125 0.505859375 0.0185546875 0.0849609375
2 0.5244140625 0.501953125 0.0146484375 0.080078125
2 0.5400390625 0.4970703125 0.015625 0.08203125
3 0.58203125 0.3134765625 0.0263671875 0.0966796875
1 0.71484375 0.525390625 0.2744140625 0.158203125
2 0.8330078125 0.4736328125 0.0185546875 0.099609375
2 0.849609375 0.4833984375 0.0244140625 0.123046875
2 0.9853515625 0.48046875 0.025390625 0.162109375