1 0.015625 0.5302734375 0.029296875 0.046875
6 0.060546875 0.451171875 0.0205078125 0.0419921875
7 0.0625 0.4658203125 0.0166015625 0.0478515625
1 0.126953125 0.5224609375 0.0341796875 0.044921875
1 0.1650390625 0.5224609375 0.03515625 0.0419921875
1 0.19140625 0.5146484375 0.021484375 0.04296875
1 0.220703125 0.513671875 0.0458984375 0.0537109375
7 0.21484375 0.3720703125 0.0185546875 0.0546875
1 0.4296875 0.580078125 0.3681640625 0.5068359375
1 0.2666015625 0.5087890625 0.0361328125 0.08984375
4 0.28515625 0.365234375 0.0185546875 0.046875
3 0.58984375 0.3837890625 0.033203125 0.0595703125
1 0.6591796875 0.533203125 0.119140625 0.103515625
2 0.677734375 0.48046875 0.033203125 0.0546875
1 0.9384765625 0.66796875 0.1220703125 0.3095703125