1 0.0810546875 0.6103515625 0.1611328125 0.4365234375
1 0.0771484375 0.5634765625 0.154296875 0.306640625
1 0.1611328125 0.484375 0.025390625 0.0419921875
1 0.2783203125 0.4990234375 0.041015625 0.05859375
1 0.3291015625 0.4931640625 0.0302734375 0.046875
1 0.330078125 0.494140625 0.021484375 0.0419921875
1 0.3701171875 0.509765625 0.0439453125 0.0634765625
1 0.3701171875 0.5087890625 0.041015625 0.0537109375
1 0.4208984375 0.5048828125 0.0478515625 0.0703125
1 0.4208984375 0.5087890625 0.037109375 0.06640625
1 0.4443359375 0.5146484375 0.029296875 0.0830078125
1 0.4560546875 0.509765625 0.0341796875 0.0771484375
1 0.50390625 0.5341796875 0.091796875 0.1220703125
4 0.64453125 0.341796875 0.025390625 0.0830078125
4 0.6484375 0.3681640625 0.0283203125 0.0498046875