1 0.10104166666666667 0.5075000000000001 0.05416666666666667 0.06166666666666667
1 0.45 0.51 0.020833333333333332 0.04666666666666667
1 0.4734375 0.5091666666666667 0.034375 0.04833333333333334
1 0.5328125 0.49000000000000005 0.028125 0.03666666666666667
6 0.5651041666666666 0.3666666666666667 0.017708333333333333 0.05
5 0.5708333333333333 0.025833333333333337 0.027083333333333334 0.05166666666666667
6 0.6510416666666666 0.36333333333333334 0.014583333333333334 0.05333333333333334
6 0.7286458333333333 0.41250000000000003 0.019791666666666666 0.055
3 0.8041666666666667 0.08 0.03125 0.11666666666666667
1 0.8489583333333334 0.4941666666666667 0.058333333333333334 0.055
1 0.9166666666666666 0.49333333333333335 0.08333333333333333 0.06333333333333334
1 0.9770833333333333 0.49583333333333335 0.0375 0.04833333333333334