1 0.02734375 0.5556640625 0.0537109375 0.2080078125
2 0.03125 0.5029296875 0.0185546875 0.046875
2 0.044921875 0.5126953125 0.015625 0.0419921875
2 0.1064453125 0.53125 0.013671875 0.080078125
2 0.1611328125 0.5205078125 0.013671875 0.0712890625
1 0.216796875 0.5263671875 0.109375 0.06640625
1 0.34765625 0.59765625 0.1982421875 0.2587890625
4 0.2666015625 0.4267578125 0.0224609375 0.056640625
4 0.267578125 0.4306640625 0.015625 0.0419921875
1 0.451171875 0.5224609375 0.0654296875 0.1318359375
1 0.498046875 0.515625 0.0458984375 0.0654296875
4 0.5029296875 0.412109375 0.0205078125 0.0615234375
4 0.5029296875 0.412109375 0.0166015625 0.0380859375
2 0.5341796875 0.5185546875 0.0263671875 0.0966796875
2 0.5322265625 0.5166015625 0.0166015625 0.08984375
2 0.5419921875 0.5146484375 0.0146484375 0.0849609375
2 0.5595703125 0.509765625 0.015625 0.09375
2 0.5732421875 0.4970703125 0.021484375 0.0703125
2 0.5732421875 0.5029296875 0.0146484375 0.06640625
2 0.591796875 0.5029296875 0.0185546875 0.0546875
1 0.76171875 0.556640625 0.2822265625 0.2734375