2 0.0640625 0.5408333333333334 0.02395833333333333 0.09833333333333334
2 0.06510416666666667 0.5491666666666667 0.017708333333333333 0.085
2 0.08125 0.5491666666666667 0.029166666666666667 0.095
2 0.08125 0.5508333333333334 0.014583333333333334 0.09833333333333334
1 0.11822916666666666 0.5616666666666666 0.084375 0.09000000000000001
1 0.22291666666666665 0.5516666666666667 0.09375 0.11
1 0.2734375 0.5375000000000001 0.03229166666666666 0.085
1 0.28229166666666666 0.5291666666666667 0.03125 0.065
1 0.30572916666666666 0.5175000000000001 0.030208333333333334 0.065
1 0.4322916666666667 0.5175000000000001 0.04583333333333333 0.058333333333333334
3 0.5828125 0.31833333333333336 0.028125 0.09666666666666668
2 0.6953125 0.5033333333333334 0.034375 0.13
2 0.6979166666666666 0.5008333333333334 0.03333333333333333 0.135
2 0.746875 0.5 0.03125 0.11333333333333334
2 0.7713541666666667 0.49500000000000005 0.040625 0.16333333333333333
2 0.8156249999999999 0.5008333333333334 0.05625 0.15833333333333335
2 0.8192708333333333 0.49000000000000005 0.051041666666666666 0.16333333333333333
2 0.8598958333333333 0.5291666666666667 0.034375 0.08833333333333333