10 0.0341796875 0.4921875 0.0673828125 0.091796875
1 0.07421875 0.5400390625 0.09375 0.0400390625
1 0.146484375 0.5302734375 0.064453125 0.04296875
1 0.1513671875 0.53125 0.0634765625 0.0498046875
1 0.22265625 0.517578125 0.04296875 0.0546875
1 0.22265625 0.5224609375 0.04296875 0.05859375
1 0.26953125 0.54296875 0.0537109375 0.0771484375
1 0.26953125 0.5390625 0.0517578125 0.0712890625
1 0.3076171875 0.5341796875 0.0283203125 0.0478515625
1 0.408203125 0.5830078125 0.125 0.16015625
7 0.369140625 0.3779296875 0.0166015625 0.04296875
3 0.3681640625 0.3779296875 0.0126953125 0.03125
4 0.42578125 0.37890625 0.01171875 0.0380859375
1 0.462890625 0.5439453125 0.0361328125 0.1318359375
1 0.486328125 0.5322265625 0.01953125 0.0517578125
1 0.5087890625 0.525390625 0.0322265625 0.046875
4 0.509765625 0.447265625 0.01171875 0.025390625
4 0.5205078125 0.43359375 0.0126953125 0.04296875
2 0.9267578125 0.52734375 0.0498046875 0.205078125