1 0.0576171875 0.609375 0.1142578125 0.1572265625
2 0.9619140625 0.572265625 0.0556640625 0.2392578125
2 0.900390625 0.58984375 0.0478515625 0.212890625
0 0.1884765625 0.5888671875 0.044921875 0.138671875
1 0.26953125 0.5830078125 0.119140625 0.1337890625
1 0.3720703125 0.544921875 0.0341796875 0.0400390625
1 0.4306640625 0.5751953125 0.078125 0.099609375
0 0.5751953125 0.5859375 0.0576171875 0.251953125
3 0.587890625 0.2734375 0.03125 0.1064453125
2 0.62890625 0.5380859375 0.025390625 0.0771484375
2 0.67578125 0.5341796875 0.0205078125 0.0712890625
2 0.708984375 0.5380859375 0.0205078125 0.1064453125
2 0.7373046875 0.5390625 0.0185546875 0.10546875