0 0.13697916666666665 0.5041666666666667 0.028125 0.03166666666666667
1 0.17239583333333333 0.4991666666666667 0.071875 0.04166666666666667
1 0.17552083333333332 0.49833333333333335 0.07395833333333333 0.03666666666666667
7 0.2359375 0.43250000000000005 0.013541666666666667 0.03166666666666667
7 0.23854166666666665 0.43500000000000005 0.014583333333333334 0.03333333333333333
1 0.34479166666666666 0.49333333333333335 0.05416666666666667 0.06666666666666667
7 0.36354166666666665 0.38 0.01875 0.043333333333333335
7 0.36302083333333335 0.38 0.009375 0.030000000000000002
1 0.38385416666666666 0.48750000000000004 0.03854166666666667 0.04166666666666667
1 0.38385416666666666 0.4816666666666667 0.030208333333333334 0.03333333333333333
6 0.41770833333333335 0.37333333333333335 0.014583333333333334 0.03666666666666667
6 0.41770833333333335 0.3725 0.010416666666666666 0.028333333333333335
6 0.5234375 0.39333333333333337 0.015625 0.043333333333333335
1 0.6036458333333333 0.4716666666666667 0.07604166666666666 0.060000000000000005
2 0.6005208333333333 0.48500000000000004 0.02395833333333333 0.08