1 0.1318359375 0.453125 0.05078125 0.0703125
1 0.1259765625 0.46484375 0.03515625 0.037109375
1 0.173828125 0.458984375 0.02734375 0.03125
1 0.1767578125 0.458984375 0.029296875 0.0283203125
1 0.2119140625 0.46875 0.037109375 0.04296875
1 0.212890625 0.4697265625 0.0380859375 0.037109375
1 0.2626953125 0.4638671875 0.04296875 0.044921875
1 0.2666015625 0.4658203125 0.0322265625 0.0419921875
1 0.2998046875 0.462890625 0.0244140625 0.044921875
1 0.302734375 0.462890625 0.029296875 0.0380859375
7 0.44140625 0.349609375 0.01953125 0.044921875
1 0.5048828125 0.4853515625 0.0517578125 0.0517578125
6 0.509765625 0.349609375 0.013671875 0.0380859375
6 0.5166015625 0.3447265625 0.025390625 0.033203125
1 0.6015625 0.4853515625 0.078125 0.0712890625
6 0.583984375 0.369140625 0.01953125 0.0380859375
6 0.5869140625 0.375 0.0126953125 0.037109375
1 0.68359375 0.4716796875 0.0302734375 0.0263671875
6 0.7080078125 0.3759765625 0.0166015625 0.03125
6 0.7099609375 0.390625 0.013671875 0.0546875
0 0.85546875 0.498046875 0.044921875 0.06640625