1 0.8701171875 0.701171875 0.2578125 0.595703125
1 0.1552734375 0.5556640625 0.1220703125 0.14453125
1 0.1611328125 0.5537109375 0.1259765625 0.14453125
1 0.2294921875 0.548828125 0.0322265625 0.08203125
1 0.2314453125 0.5595703125 0.03125 0.08984375
1 0.248046875 0.5537109375 0.0322265625 0.080078125
1 0.267578125 0.546875 0.05078125 0.08984375
1 0.4228515625 0.537109375 0.046875 0.0498046875
10 0.474609375 0.51953125 0.0419921875 0.10546875
1 0.4931640625 0.5419921875 0.0322265625 0.0732421875
1 0.525390625 0.5361328125 0.0712890625 0.162109375
1 0.529296875 0.5341796875 0.0751953125 0.1416015625
1 0.5908203125 0.5654296875 0.12109375 0.1337890625