1 0.9091796875 0.5986328125 0.1806640625 0.283203125
1 0.1748046875 0.5078125 0.197265625 0.1552734375
1 0.173828125 0.5087890625 0.18359375 0.1552734375
1 0.2998046875 0.51171875 0.078125 0.1201171875
1 0.302734375 0.5029296875 0.072265625 0.1064453125
1 0.349609375 0.501953125 0.0458984375 0.0703125
1 0.3525390625 0.5078125 0.0361328125 0.08203125
1 0.3896484375 0.501953125 0.04296875 0.06640625
1 0.4521484375 0.49609375 0.037109375 0.044921875
1 0.6201171875 0.5087890625 0.060546875 0.0732421875
1 0.6953125 0.51953125 0.1201171875 0.126953125
1 0.697265625 0.529296875 0.123046875 0.1416015625