1 0.06666666666666667 0.5883333333333334 0.12083333333333333 0.13
1 0.14791666666666667 0.5658333333333334 0.05416666666666667 0.08833333333333333
1 0.18541666666666667 0.5533333333333333 0.04583333333333333 0.06666666666666667
1 0.18958333333333333 0.5650000000000001 0.027083333333333334 0.07666666666666667
1 0.25885416666666666 0.5383333333333333 0.04479166666666667 0.04666666666666667
1 0.346875 0.5558333333333334 0.1375 0.195
1 0.4296875 0.5308333333333334 0.030208333333333334 0.065
1 0.42916666666666664 0.5308333333333334 0.029166666666666667 0.05166666666666667
1 0.5390625 0.5483333333333333 0.10729166666666666 0.11666666666666667
2 0.7088541666666667 0.5375000000000001 0.034375 0.13833333333333334
2 0.7104166666666667 0.5408333333333334 0.03333333333333333 0.155
1 0.8734375 0.7166666666666667 0.25104166666666666 0.4666666666666667
1 0.8739583333333333 0.7358333333333333 0.24791666666666667 0.5216666666666667
2 0.7734375 0.5266666666666667 0.030208333333333334 0.17
2 0.7723958333333333 0.5258333333333334 0.02395833333333333 0.17500000000000002