1 0.8432291666666667 0.6170833333333334 0.3125 0.3141666666666667
1 0.065625 0.5075000000000001 0.058333333333333334 0.04833333333333334
1 0.059895833333333336 0.515 0.04479166666666667 0.06333333333333334
1 0.18020833333333333 0.5491666666666667 0.07291666666666667 0.08166666666666667
1 0.23489583333333333 0.5333333333333333 0.040625 0.09333333333333334
1 0.2859375 0.5341666666666667 0.04895833333333333 0.065
1 0.3411458333333333 0.5191666666666667 0.030208333333333334 0.04833333333333334
1 0.4244791666666667 0.525 0.046875 0.05
1 0.42343749999999997 0.5283333333333333 0.042708333333333334 0.05666666666666667
1 0.5046875 0.5208333333333334 0.042708333333333334 0.065
1 0.5536458333333333 0.5358333333333334 0.06979166666666667 0.085
1 0.64375 0.5633333333333334 0.1 0.19