1 0.016666666666666666 0.53 0.029166666666666667 0.04666666666666667
6 0.0625 0.4425 0.020833333333333332 0.04166666666666667
7 0.06458333333333333 0.4608333333333334 0.016666666666666666 0.04833333333333334
1 0.12760416666666666 0.5208333333333334 0.034375 0.045000000000000005
1 0.17291666666666666 0.5158333333333334 0.035416666666666666 0.04166666666666667
1 0.22083333333333333 0.51 0.04583333333333333 0.05333333333333334
7 0.21354166666666666 0.3691666666666667 0.01875 0.055
1 0.428125 0.5808333333333334 0.38958333333333334 0.5483333333333333
1 0.265625 0.5083333333333334 0.04791666666666666 0.09000000000000001
6 0.5854166666666667 0.36333333333333334 0.03333333333333333 0.060000000000000005
1 0.6645833333333333 0.5341666666666667 0.10833333333333334 0.10500000000000001
1 0.6770833333333334 0.48500000000000004 0.03958333333333333 0.07
2 0.7692708333333333 0.5266666666666667 0.06979166666666667 0.19
2 0.7635416666666667 0.5258333333333334 0.035416666666666666 0.14500000000000002
1 0.9359375 0.6683333333333333 0.12604166666666666 0.31