1 0.95703125 0.7685546875 0.08203125 0.330078125
1 0.1005859375 0.5185546875 0.044921875 0.0634765625
1 0.220703125 0.552734375 0.0615234375 0.0654296875
1 0.2666015625 0.5400390625 0.041015625 0.09375
1 0.2998046875 0.5400390625 0.0419921875 0.056640625
1 0.34765625 0.5244140625 0.03125 0.0419921875
1 0.42578125 0.53125 0.0439453125 0.0498046875
1 0.5283203125 0.5400390625 0.0537109375 0.0869140625
1 0.572265625 0.556640625 0.0556640625 0.123046875
1 0.638671875 0.5703125 0.1083984375 0.1767578125
1 0.634765625 0.576171875 0.087890625 0.1787109375
1 0.80078125 0.6171875 0.26953125 0.2978515625