4 0.388671875 0.361328125 0.0322265625 0.1064453125
4 0.3857421875 0.3623046875 0.021484375 0.068359375
4 0.5068359375 0.4736328125 0.0224609375 0.0771484375
4 0.5107421875 0.482421875 0.013671875 0.044921875
2 0.62109375 0.5771484375 0.021484375 0.0830078125
2 0.7060546875 0.5615234375 0.044921875 0.11328125
2 0.7001953125 0.560546875 0.0244140625 0.0849609375
1 0.8623046875 0.55859375 0.107421875 0.099609375
1 0.9482421875 0.525390625 0.1025390625 0.126953125
0 0.951171875 0.6220703125 0.095703125 0.712890625
0 0.951171875 0.6591796875 0.0947265625 0.6279296875