10 0.033854166666666664 0.49250000000000005 0.06770833333333333 0.09166666666666667
1 0.07395833333333333 0.54 0.09375 0.04
1 0.146875 0.53 0.06458333333333333 0.043333333333333335
1 0.1515625 0.5316666666666667 0.06354166666666666 0.05
1 0.22239583333333332 0.5175000000000001 0.042708333333333334 0.055
1 0.22239583333333332 0.5225000000000001 0.042708333333333334 0.058333333333333334
1 0.26979166666666665 0.5433333333333333 0.05416666666666667 0.07666666666666667
1 0.26979166666666665 0.5391666666666667 0.052083333333333336 0.07166666666666667
1 0.3078125 0.5341666666666667 0.028125 0.04833333333333334
1 0.4083333333333333 0.5833333333333334 0.125 0.16
7 0.36875 0.37833333333333335 0.016666666666666666 0.043333333333333335
3 0.3677083333333333 0.3775 0.0125 0.03166666666666667
4 0.42552083333333335 0.3791666666666667 0.011458333333333333 0.03833333333333334
1 0.4630208333333333 0.5441666666666667 0.036458333333333336 0.13166666666666668
1 0.48593749999999997 0.5325000000000001 0.019791666666666666 0.05166666666666667
1 0.5088541666666666 0.525 0.03229166666666666 0.04666666666666667
4 0.5098958333333333 0.4475 0.011458333333333333 0.025
4 0.5208333333333334 0.43333333333333335 0.0125 0.043333333333333335
2 0.9270833333333334 0.5275000000000001 0.05 0.20500000000000002