1 0.02734375 0.517578125 0.052734375 0.0595703125
1 0.1357421875 0.509765625 0.0771484375 0.076171875
10 0.185546875 0.4794921875 0.0556640625 0.05859375
1 0.19921875 0.5146484375 0.02734375 0.04296875
1 0.2041015625 0.521484375 0.0302734375 0.0498046875
1 0.2333984375 0.515625 0.0478515625 0.0517578125
1 0.232421875 0.513671875 0.044921875 0.04296875
1 0.2705078125 0.4990234375 0.0380859375 0.044921875
1 0.3193359375 0.5009765625 0.033203125 0.044921875
1 0.361328125 0.4912109375 0.0361328125 0.056640625
6 0.416015625 0.4560546875 0.0146484375 0.03125
4 0.4609375 0.416015625 0.01171875 0.03515625
1 0.51171875 0.501953125 0.0322265625 0.04296875
1 0.5107421875 0.4990234375 0.0283203125 0.03515625
4 0.537109375 0.455078125 0.0107421875 0.037109375
4 0.5458984375 0.45703125 0.0107421875 0.0283203125
1 0.5654296875 0.5029296875 0.0458984375 0.0537109375