2 0.9020833333333333 0.4704166666666667 0.017708333333333333 0.06416666666666668
2 0.7721354166666666 0.4741666666666667 0.008854166666666666 0.04
1 0.109375 0.4941666666666667 0.05416666666666667 0.05166666666666667
1 0.1265625 0.48583333333333334 0.065625 0.055
6 0.234375 0.35583333333333333 0.05416666666666667 0.15833333333333335
6 0.2375 0.33416666666666667 0.052083333333333336 0.13833333333333334
1 0.27291666666666664 0.48250000000000004 0.11875 0.10500000000000001
1 0.46510416666666665 0.49333333333333335 0.07604166666666666 0.04666666666666667
1 0.46770833333333334 0.49500000000000005 0.06666666666666667 0.05666666666666667
1 0.5260416666666666 0.4741666666666667 0.05625 0.05166666666666667
1 0.5911458333333334 0.4783333333333334 0.078125 0.05666666666666667
1 0.5921875 0.4808333333333334 0.07604166666666666 0.06166666666666667
7 0.5697916666666667 0.09583333333333334 0.022916666666666665 0.055
7 0.5729166666666666 0.10250000000000001 0.01875 0.06166666666666667
6 0.5776041666666667 0.36500000000000005 0.015625 0.04666666666666667
6 0.5807291666666666 0.3641666666666667 0.015625 0.03833333333333334
6 0.6567708333333333 0.35833333333333334 0.015625 0.04
6 0.6572916666666666 0.36000000000000004 0.014583333333333334 0.04
6 0.7223958333333333 0.405 0.013541666666666667 0.02666666666666667
6 0.7239583333333334 0.4133333333333334 0.016666666666666666 0.04
6 0.7458333333333333 0.16166666666666668 0.020833333333333332 0.07
6 0.7494791666666667 0.15083333333333335 0.021875 0.06166666666666667
1 0.9005208333333333 0.6291666666666667 0.19479166666666667 0.43500000000000005
1 0.9010416666666666 0.61 0.19375 0.4633333333333334
6 0.9583333333333334 0.33916666666666667 0.022916666666666665 0.08166666666666667
2 0.9921875 0.5108333333333334 0.013541666666666667 0.07833333333333334