1 0.19791666666666666 0.535 0.14375 0.15000000000000002
1 0.3151041666666667 0.5133333333333334 0.06145833333333333 0.03666666666666667
1 0.3703125 0.5 0.057291666666666664 0.07666666666666667
1 0.3776041666666667 0.49750000000000005 0.06770833333333333 0.065
6 0.4375 0.43750000000000006 0.016666666666666666 0.05166666666666667
6 0.4432291666666667 0.4475 0.02395833333333333 0.058333333333333334
1 0.47604166666666664 0.5025000000000001 0.05 0.03833333333333334
1 0.48072916666666665 0.5058333333333334 0.046875 0.04833333333333334
1 0.553125 0.49333333333333335 0.058333333333333334 0.04666666666666667
1 0.5546875 0.4916666666666667 0.053125 0.04666666666666667
6 0.5890625 0.2675 0.015625 0.04166666666666667
7 0.5901041666666667 0.27166666666666667 0.013541666666666667 0.043333333333333335
1 0.665625 0.5183333333333333 0.11458333333333333 0.14333333333333334
6 0.61875 0.3983333333333334 0.01875 0.05
6 0.6213541666666667 0.4025 0.015625 0.03833333333333334
6 0.6791666666666667 0.39333333333333337 0.014583333333333334 0.04
6 0.6817708333333333 0.4 0.015625 0.04
6 0.6916666666666667 0.2941666666666667 0.016666666666666666 0.04166666666666667
6 0.6932291666666667 0.2991666666666667 0.019791666666666666 0.04833333333333334
1 0.7489583333333333 0.5025000000000001 0.0625 0.10833333333333334
1 0.7416666666666667 0.505 0.04583333333333333 0.11
6 0.7291666666666666 0.4291666666666667 0.010416666666666666 0.028333333333333335
1 0.7979166666666666 0.5225000000000001 0.09375 0.11166666666666668
1 0.7921875 0.5191666666666667 0.06354166666666666 0.125
6 0.8161458333333333 0.3891666666666667 0.015625 0.04166666666666667
6 0.81875 0.39583333333333337 0.01875 0.05166666666666667
1 0.9104166666666667 0.5341666666666667 0.175 0.1716666666666667
1 0.9104166666666667 0.5325000000000001 0.17291666666666666 0.15833333333333335
6 0.8958333333333334 0.35083333333333333 0.022916666666666665 0.058333333333333334
6 0.8973958333333333 0.3516666666666667 0.015625 0.04666666666666667
2 0.9921875 0.5108333333333334 0.013541666666666667 0.07833333333333334