10 0.0869140625 0.486328125 0.0537109375 0.103515625
10 0.111328125 0.4912109375 0.0791015625 0.0947265625
1 0.123046875 0.5146484375 0.029296875 0.0654296875
1 0.158203125 0.5107421875 0.0625 0.0419921875
1 0.2314453125 0.498046875 0.0634765625 0.0634765625
1 0.2314453125 0.4970703125 0.052734375 0.0546875
1 0.294921875 0.49609375 0.0478515625 0.0546875
1 0.3603515625 0.4912109375 0.0361328125 0.056640625
6 0.416015625 0.4462890625 0.0146484375 0.03125
4 0.4658203125 0.4013671875 0.015625 0.033203125
1 0.51953125 0.498046875 0.0322265625 0.04296875
1 0.5234375 0.494140625 0.0283203125 0.03515625
4 0.546875 0.4501953125 0.0107421875 0.037109375
4 0.5556640625 0.44921875 0.0107421875 0.0283203125
1 0.5859375 0.509765625 0.052734375 0.0771484375
10 0.615234375 0.4521484375 0.0556640625 0.0615234375