1 0.1279296875 0.5927734375 0.1005859375 0.0986328125
1 0.21484375 0.578125 0.072265625 0.103515625
1 0.2138671875 0.5830078125 0.068359375 0.0830078125
1 0.25390625 0.5771484375 0.025390625 0.068359375
1 0.4052734375 0.5751953125 0.150390625 0.1201171875
1 0.5107421875 0.5634765625 0.056640625 0.09375
3 0.5283203125 0.32421875 0.0322265625 0.091796875
2 0.5986328125 0.5537109375 0.037109375 0.09375
2 0.611328125 0.5263671875 0.015625 0.056640625
2 0.666015625 0.5380859375 0.029296875 0.146484375
2 0.9189453125 0.5087890625 0.033203125 0.169921875