1 0.01953125 0.5712890625 0.037109375 0.111328125
1 0.080078125 0.564453125 0.083984375 0.091796875
1 0.1630859375 0.5537109375 0.060546875 0.06640625
1 0.21875 0.54296875 0.037109375 0.068359375
1 0.2578125 0.5400390625 0.0302734375 0.0498046875
1 0.28515625 0.5361328125 0.0185546875 0.03515625
1 0.388671875 0.57421875 0.134765625 0.1982421875
1 0.5400390625 0.5283203125 0.046875 0.1435546875
1 0.5478515625 0.5234375 0.0458984375 0.0966796875
1 0.5927734375 0.541015625 0.03125 0.08203125
1 0.6416015625 0.552734375 0.060546875 0.138671875
1 0.833984375 0.5166015625 0.328125 0.3369140625