1 0.12552083333333333 0.49500000000000005 0.25104166666666666 0.6766666666666667
10 0.128125 0.4841666666666667 0.25 0.6183333333333334
1 0.3307291666666667 0.4966666666666667 0.051041666666666666 0.06666666666666667
1 0.49635416666666665 0.6258333333333334 0.33229166666666665 0.4316666666666667
7 0.35104166666666664 0.30083333333333334 0.01875 0.07166666666666667
6 0.4734375 0.24000000000000002 0.021875 0.06666666666666667
0 0.6536458333333334 0.49333333333333335 0.036458333333333336 0.08666666666666667
6 0.6473958333333333 0.37000000000000005 0.019791666666666666 0.04666666666666667
1 0.740625 0.4891666666666667 0.08541666666666667 0.058333333333333334
1 0.8583333333333333 0.5900000000000001 0.2791666666666667 0.3466666666666667
6 0.9859375 0.23083333333333333 0.02395833333333333 0.09833333333333334