10 0.2353515625 0.51953125 0.0576171875 0.0732421875
5 0.2705078125 0.498046875 0.013671875 0.056640625
1 0.3037109375 0.541015625 0.060546875 0.08203125
1 0.33984375 0.5205078125 0.0498046875 0.068359375
1 0.41796875 0.53515625 0.052734375 0.0703125
4 0.44921875 0.40234375 0.009765625 0.03125
1 0.4677734375 0.515625 0.025390625 0.0517578125
1 0.4873046875 0.52734375 0.0283203125 0.05859375
1 0.5224609375 0.537109375 0.0478515625 0.06640625
1 0.623046875 0.5498046875 0.1455078125 0.13671875
4 0.568359375 0.435546875 0.0126953125 0.03515625
1 0.84765625 0.6787109375 0.2998046875 0.5302734375