2 0.5390625 0.54296875 0.0341796875 0.126953125
2 0.5458984375 0.537109375 0.02734375 0.134765625
2 0.5576171875 0.529296875 0.03125 0.1318359375
2 0.556640625 0.525390625 0.01953125 0.1201171875
2 0.5869140625 0.533203125 0.0322265625 0.13671875
1 0.6708984375 0.529296875 0.1064453125 0.115234375
1 0.814453125 0.4970703125 0.1162109375 0.06640625
1 0.8681640625 0.4931640625 0.0966796875 0.06640625
2 0.833984375 0.5185546875 0.02734375 0.09375
1 0.9111328125 0.4931640625 0.091796875 0.0703125
1 0.9248046875 0.4912109375 0.0517578125 0.0771484375