1 0.0498046875 0.5478515625 0.099609375 0.2314453125
1 0.15625 0.546875 0.119140625 0.1630859375
1 0.2412109375 0.5283203125 0.0712890625 0.1162109375
1 0.3095703125 0.5146484375 0.06640625 0.099609375
1 0.44921875 0.5009765625 0.1162109375 0.087890625
1 0.517578125 0.48046875 0.0380859375 0.044921875
1 0.6337890625 0.4853515625 0.046875 0.037109375
1 0.755859375 0.484375 0.0322265625 0.0419921875
1 0.787109375 0.484375 0.04296875 0.0419921875
1 0.826171875 0.4716796875 0.04296875 0.04296875
1 0.89453125 0.46875 0.025390625 0.0546875
1 0.9306640625 0.4765625 0.0830078125 0.056640625
1 0.974609375 0.462890625 0.0361328125 0.03125