1 0.1015625 0.5470833333333334 0.10520833333333333 0.10916666666666668
1 0.18072916666666666 0.5208333333333334 0.05520833333333333 0.115
1 0.17916666666666667 0.53 0.04791666666666666 0.07333333333333333
1 0.2552083333333333 0.53 0.08958333333333333 0.09000000000000001
1 0.25885416666666666 0.53 0.078125 0.07666666666666667
1 0.3072916666666667 0.52 0.022916666666666665 0.05666666666666667
1 0.3364583333333333 0.5116666666666667 0.04375 0.05333333333333334
1 0.33489583333333334 0.5083333333333334 0.03854166666666667 0.05333333333333334
1 0.4 0.5 0.04583333333333333 0.06666666666666667
1 0.42552083333333335 0.5075000000000001 0.03229166666666666 0.05166666666666667
1 0.496875 0.4991666666666667 0.05625 0.07500000000000001
1 0.5697916666666667 0.52 0.01875 0.04
1 0.5854166666666667 0.5241666666666667 0.035416666666666666 0.045000000000000005
1 0.590625 0.5258333333333334 0.03333333333333333 0.06166666666666667
1 0.6338541666666666 0.535 0.07604166666666666 0.09000000000000001