1 0.080078125 0.61328125 0.16015625 0.2001953125
4 0.162109375 0.4072265625 0.0263671875 0.0654296875
2 0.16796875 0.55859375 0.037109375 0.1064453125
4 0.1611328125 0.408203125 0.0205078125 0.0595703125
2 0.1689453125 0.55859375 0.0205078125 0.09375
2 0.1787109375 0.5380859375 0.015625 0.037109375
2 0.2041015625 0.548828125 0.017578125 0.0712890625
1 0.2607421875 0.5673828125 0.0439453125 0.0546875
1 0.3173828125 0.5595703125 0.0791015625 0.0966796875
1 0.375 0.5439453125 0.068359375 0.0712890625
1 0.3759765625 0.544921875 0.0380859375 0.0537109375
1 0.447265625 0.5498046875 0.1025390625 0.1533203125
1 0.505859375 0.5341796875 0.0283203125 0.044921875
4 0.6015625 0.3818359375 0.01953125 0.0634765625
2 0.61328125 0.5224609375 0.0205078125 0.087890625
2 0.62890625 0.5146484375 0.0263671875 0.0869140625
2 0.630859375 0.515625 0.0146484375 0.078125
2 0.65234375 0.509765625 0.0205078125 0.08984375
2 0.693359375 0.5068359375 0.017578125 0.08984375
2 0.705078125 0.5166015625 0.0146484375 0.080078125
2 0.9248046875 0.4921875 0.0263671875 0.1220703125
1 0.958984375 0.52734375 0.07421875 0.078125
2 0.982421875 0.4677734375 0.025390625 0.0751953125