1 0.03958333333333333 0.5883333333333334 0.07916666666666666 0.16666666666666669
1 0.103125 0.5716666666666667 0.09375 0.11
1 0.10520833333333333 0.5800000000000001 0.06666666666666667 0.12000000000000001
0 0.153125 0.5700000000000001 0.05 0.09666666666666668
1 0.334375 0.6016666666666667 0.2895833333333333 0.39
1 0.4552083333333333 0.545 0.052083333333333336 0.16
1 0.46875 0.5275000000000001 0.020833333333333332 0.058333333333333334
4 0.5302083333333333 0.4475 0.01875 0.04166666666666667
1 0.5520833333333334 0.5700000000000001 0.041666666666666664 0.13333333333333333
1 0.6041666666666666 0.5733333333333334 0.09166666666666666 0.19666666666666668
1 0.7578125 0.6075 0.33229166666666665 0.3616666666666667