0 0.010416666666666666 0.55125 0.019791666666666666 0.08583333333333334
1 0.11145833333333333 0.53 0.10208333333333333 0.10333333333333335
1 0.18802083333333333 0.5416666666666667 0.07395833333333333 0.06666666666666667
1 0.196875 0.51 0.06875 0.060000000000000005
10 0.2864583333333333 0.48250000000000004 0.11458333333333333 0.16833333333333333
1 0.35885416666666664 0.5266666666666667 0.036458333333333336 0.03666666666666667
1 0.3848958333333333 0.5183333333333333 0.03854166666666667 0.043333333333333335
7 0.421875 0.31833333333333336 0.01875 0.060000000000000005
6 0.5 0.3175 0.022916666666666665 0.065
1 0.5479166666666666 0.5166666666666667 0.027083333333333334 0.03666666666666667
6 0.6447916666666667 0.41500000000000004 0.027083333333333334 0.07