1 0.057812499999999996 0.5366666666666667 0.017708333333333333 0.023333333333333334
1 0.07552083333333333 0.5458333333333334 0.011458333333333333 0.03166666666666667
1 0.10416666666666667 0.5575 0.06458333333333333 0.07166666666666667
1 0.221875 0.5433333333333333 0.03958333333333333 0.05
1 0.22447916666666667 0.5083333333333334 0.017708333333333333 0.023333333333333334
1 0.2578125 0.525 0.019791666666666666 0.02666666666666667
3 0.25885416666666666 0.4041666666666667 0.017708333333333333 0.045000000000000005
7 0.2598958333333333 0.4025 0.013541666666666667 0.03833333333333334
1 0.3140625 0.5358333333333334 0.019791666666666666 0.058333333333333334
1 0.315625 0.54 0.014583333333333334 0.05333333333333334
10 0.3421875 0.5216666666666667 0.053125 0.10666666666666667
4 0.3375 0.39416666666666667 0.0125 0.04166666666666667
4 0.3989583333333333 0.39333333333333337 0.0125 0.04
4 0.6182291666666666 0.40750000000000003 0.017708333333333333 0.058333333333333334
1 0.7026041666666667 0.5333333333333333 0.08854166666666667 0.06333333333333334
1 0.7046875 0.5325000000000001 0.08645833333333333 0.05166666666666667