1 0.12135416666666667 0.5866666666666667 0.16354166666666667 0.14333333333333334
1 0.14375 0.6008333333333333 0.11666666666666667 0.18833333333333335
1 0.13645833333333332 0.5075000000000001 0.06666666666666667 0.06833333333333334
1 0.23229166666666667 0.5508333333333334 0.03333333333333333 0.04166666666666667
7 0.32395833333333335 0.33 0.022916666666666665 0.04666666666666667
1 0.3265625 0.5483333333333333 0.028125 0.05
7 0.32447916666666665 0.33416666666666667 0.015625 0.04833333333333334
4 0.41875 0.3325 0.020833333333333332 0.04833333333333334
4 0.41875 0.3416666666666667 0.01875 0.04666666666666667
4 0.5640625 0.42500000000000004 0.02395833333333333 0.05
4 0.5640625 0.4316666666666667 0.017708333333333333 0.04666666666666667
1 0.696875 0.5266666666666667 0.03125 0.05666666666666667
1 0.7765625 0.515 0.14270833333333333 0.09333333333333334
1 0.7765625 0.5075000000000001 0.134375 0.07166666666666667
4 0.7734375 0.29500000000000004 0.026041666666666668 0.11666666666666667
4 0.775 0.32333333333333336 0.029166666666666667 0.05
1 0.865625 0.5133333333333334 0.04791666666666666 0.07
1 0.8671875 0.5166666666666667 0.042708333333333334 0.06333333333333334