2 0.013020833333333334 0.5483333333333333 0.021875 0.09666666666666668
2 0.04583333333333333 0.5475 0.020833333333333332 0.095
2 0.044270833333333336 0.5491666666666667 0.017708333333333333 0.09166666666666667
2 0.06822916666666666 0.5458333333333334 0.017708333333333333 0.10166666666666667
1 0.1265625 0.5558333333333334 0.078125 0.08166666666666667
1 0.22708333333333333 0.545 0.08333333333333333 0.09333333333333334
1 0.28229166666666666 0.5291666666666667 0.03125 0.065
1 0.3098958333333333 0.5191666666666667 0.030208333333333334 0.065
1 0.35572916666666665 0.5183333333333333 0.04895833333333333 0.07333333333333333
1 0.4354166666666667 0.5216666666666667 0.04791666666666666 0.05333333333333334
2 0.5114583333333333 0.49833333333333335 0.0125 0.08
2 0.5286458333333334 0.5025000000000001 0.013541666666666667 0.08166666666666667
2 0.5416666666666666 0.5091666666666667 0.0125 0.06833333333333334
3 0.5817708333333333 0.31333333333333335 0.026041666666666668 0.09666666666666668
1 0.8703124999999999 0.5016666666666667 0.2552083333333333 0.2
2 0.9854166666666666 0.4783333333333334 0.025 0.15666666666666668