1 0.9075520833333334 0.5991666666666667 0.18385416666666665 0.445
1 0.049479166666666664 0.5733333333333334 0.07604166666666666 0.08333333333333334
1 0.20260416666666667 0.5558333333333334 0.046875 0.04166666666666667
1 0.34322916666666664 0.5533333333333333 0.109375 0.15333333333333335
1 0.4296875 0.5425 0.059375 0.08833333333333333
1 0.4515625 0.5516666666666667 0.036458333333333336 0.07
1 0.48802083333333335 0.5583333333333333 0.06354166666666666 0.10333333333333335
1 0.5333333333333333 0.555 0.06041666666666667 0.10666666666666667
1 0.5838541666666667 0.5358333333333334 0.04895833333333333 0.15833333333333335
1 0.6640625 0.5575 0.11770833333333333 0.18500000000000003
1 0.7677083333333333 0.5783333333333334 0.21041666666666667 0.24333333333333335