1 0.043229166666666666 0.5316666666666667 0.08541666666666667 0.12666666666666668
1 0.11197916666666667 0.525 0.034375 0.043333333333333335
1 0.21510416666666665 0.5141666666666667 0.02395833333333333 0.03166666666666667
1 0.28854166666666664 0.5291666666666667 0.09375 0.11166666666666668
2 0.35260416666666666 0.5458333333333334 0.034375 0.125
4 0.3890625 0.32333333333333336 0.02395833333333333 0.08333333333333334
2 0.5338541666666666 0.5383333333333333 0.03854166666666667 0.15000000000000002
2 0.6104166666666666 0.5266666666666667 0.027083333333333334 0.16
2 0.6677083333333333 0.5133333333333334 0.035416666666666666 0.14666666666666667
2 0.7921875 0.5066666666666667 0.034375 0.15000000000000002
1 0.9041666666666667 0.5458333333333334 0.18333333333333332 0.155
1 0.9104166666666667 0.5516666666666667 0.175 0.13