1 0.11328125 0.4951171875 0.0302734375 0.033203125
1 0.1630859375 0.48828125 0.0341796875 0.0400390625
10 0.2490234375 0.4921875 0.095703125 0.181640625
7 0.296875 0.4287109375 0.0126953125 0.037109375
1 0.326171875 0.4794921875 0.01953125 0.0478515625
1 0.3544921875 0.5068359375 0.0478515625 0.0869140625
1 0.37109375 0.4658203125 0.02734375 0.021484375
1 0.4150390625 0.5185546875 0.0908203125 0.1435546875
1 0.392578125 0.4453125 0.0185546875 0.0234375
1 0.4150390625 0.4453125 0.0224609375 0.0263671875
4 0.4287109375 0.35546875 0.013671875 0.046875
4 0.4306640625 0.3564453125 0.015625 0.04296875
1 0.4775390625 0.474609375 0.03125 0.03515625
4 0.5107421875 0.4130859375 0.015625 0.037109375
1 0.5966796875 0.48046875 0.0732421875 0.0478515625